1.335873016	1
1.533605442	2
1.733877551	3
1.941043084	4
2.102857143	5
2.527346939	6
2.938775510	7
3.164081633	8
3.320816327	9
3.699591837	10
4.048979592	11
4.244897959	12
4.421224490	13
4.816326531	14
5.185079365	15
5.377959184	16
5.554285714	17
5.893877551	18
6.246530612	19
6.445714286	20
6.586122449	21
6.964897959	22
7.327346939	23
7.516870748	24
7.688594104	25
8.029387755	26
8.362448980	27
8.528979592	28
8.705306122	29
9.051428571	30
9.394285714	31
9.570612245	32
9.737142857	33
10.106122449	34
10.465306122	35
10.824489796	36
11.206530612	37
11.585306122	38
11.964081633	39
12.734693878	40
13.123265306	41
13.482448980	42
13.861224490	43
14.259591837	44
14.625306122	45
15.004081633	46
15.392653061	47
15.768163265	48
16.212244898	49
16.669387755	50
18.282448980	51
18.706938776	52
19.262040816	53
19.441632653	54
19.608163265	55
19.804081633	56
20.215510204	57
20.600816327	58
20.986122449	59
21.531428571	60
21.704489796	61
21.871020408	62
22.053877551	63
22.413061224	64
22.801632653	65
23.190204082	66
23.735510204	67
23.915102041	68
24.065306122	69
24.254693878	70
24.623673469	71
24.786938776	72
24.963265306	73
25.126530612	74
25.312653061	75
25.492244898	76
25.854693878	77
26.053877551	78
26.207346939	79
26.383673469	80
26.553469388	81
26.726530612	82
27.088979592	83
27.464489796	84
27.898775510	85
28.254693878	86
28.444081633	87
28.623673469	88
28.780408163	89
28.953469388	90
29.328979592	91
29.727346939	92
30.132244898	93
30.514285714	94
30.733061224	95
30.977959184	96
31.412244898	97
31.748571429	98
31.973877551	99
32.189387755	100
32.698775510	101
33.201632653	102
33.387755102	103
33.573877551	104
33.763265306	105
33.946122449	106
34.367346939	107
34.814693878	108
35.013877551	109
35.196734694	110
35.568979592	111
35.924897959	112
36.114285714	113
36.297142857	114
36.718367347	115
37.110204082	116
37.306122449	117
37.492244898	118
37.841632653	119
38.187755102	120
38.370612245	121
38.553469388	122
38.958367347	123
39.327346939	124
39.506938776	125
39.696326531	126
40.078367347	127
40.421224490	128
40.607346939	129
40.800000000	130
41.204897959	131
41.583673469	132
41.773061224	133
41.946122449	134
42.315102041	135
42.671020408	136
42.844081633	137
43.036734694	138
43.546122449	139
44.111020408	140
44.388571429	141
44.571428571	142
44.751020408	143
44.973061224	144
45.162448980	145
45.407346939	146
45.603265306	147
45.835102041	148
46.076734694	149
46.282448980	150
46.471836735	151
46.661224490	152
46.886530612	153
47.085714286	154
47.356734694	155
47.526530612	156
47.660408163	157
47.777959184	158
47.977142857	159
48.202448980	160
48.395102041	161
48.561632653	162
48.826122449	163
49.067755102	164
49.244081633	165
49.453061224	166
49.596734694	167
49.779591837	168
49.965714286	169
50.148571429	170
50.380408163	171
50.612244898	172
50.798367347	173
50.997551020	174
51.160816327	175
51.327346939	176
51.490612245	177
51.666938776	178
51.846530612	179
52.039183673	180
52.228571429	181
52.431020408	182
52.728163265	183
52.907755102	184
53.106938776	185
53.319183673	186
53.518367347	187
53.711020408	188
53.893877551	189
54.119183673	190
54.360816327	191
54.537142857	192
54.706938776	193
54.893061224	194
55.088979592	195
55.245714286	196
55.408979592	197
55.595102041	198
55.787755102	199
55.990204082	200
56.137142857	201
56.313469388	202
56.493061224	203
56.649795918	204
56.813061224	205
57.005714286	206
57.195102041	207
57.371428571	208
57.567346939	209
57.711020408	210
57.897142857	211
58.148571429	212
58.328163265	213
58.468571429	214
58.648163265	215
58.808163265	216
59.017142857	217
59.203265306	218
59.425306122	219
59.640816327	220
59.830204082	221
60.003265306	222
60.182857143	223
60.329795918	224
60.542040816	225
60.708571429	226
60.875102041	227
61.054693878	228
61.208163265	229
61.374693878	230
61.580408163	231
61.766530612	232
61.926530612	233
62.080000000	234
62.233469388	235
62.426122449	236
62.586122449	237
62.765714286	238
62.932244898	239
63.079183673	240
63.222857143	241
63.461224490	242
63.624489796	243
63.771428571	244
63.934693878	245
64.097959184	246
64.267755102	247
64.434285714	248
64.623673469	249
64.783673469	250
64.960000000	251
65.129795918	252
65.283265306	253
65.456326531	254
65.655510204	255
65.815510204	256
65.985306122	257
66.142040816	258
66.308571429	259
66.465306122	260
66.713469388	261
66.919183673	262
67.095510204	263
67.268571429	264
67.428571429	265
67.627755102	266
67.810612245	267
68.000000000	268
68.473469388	269
68.914285714	270
69.175510204	271
69.384489796	272
69.544489796	273
69.730612245	274
69.913469388	275
70.083265306	276
70.288979592	277
70.478367347	278
70.664489796	279
70.847346939	280
71.043265306	281
71.229387755	282
71.425306122	283
71.608163265	284
71.774693878	285
71.941224490	286
72.107755102	287
72.293877551	288
72.493061224	289
72.653061224	290
72.842448980	291
72.999183673	292
73.172244898	293
73.364897959	294
73.554285714	295
73.733877551	296
73.884081633	297
74.066938776	298
74.230204082	299
74.416326531	300
74.579591837	301
74.739591837	302
74.919183673	303
75.095510204	304
75.268571429	305
75.474285714	306
75.627755102	307
75.797551020	308
75.944489796	309
76.124081633	310
76.313469388	311
76.480000000	312
76.688979592	313
76.848979592	314
77.028571429	315
77.198367347	316
77.381224490	317
77.547755102	318
77.740408163	319
77.946122449	320
78.177959184	321
78.801632653	322
78.977959184	323
79.151020408	324
79.353469388	325
79.513469388	326
79.719183673	327
79.898775510	328
80.078367347	329
80.261224490	330
80.512653061	331
81.090612245	332
81.309387755	333
81.492244898	334
81.724081633	335
81.890612245	336
82.089795918	337
82.269387755	338
82.475102041	339
82.700408163	340
82.896326531	341
83.088979592	342
83.314285714	343
83.520000000	344
83.784489796	345
84.532244898	346
84.760816327	347
84.979591837	348
85.195102041	349
85.453061224	350
85.998367347	351
86.560000000	352
87.431836735	353
87.640816327	354
88.375510204	355
90.197551020	356
90.412698413	357
90.628571429	358
90.932244898	359
91.120907029	360
91.278367347	361
92.241632653	362
92.427029478	363
92.604081633	364
92.884897959	365
93.094603175	366
93.253514739	367
94.419591837	368
94.615510204	369
94.798367347	370
95.172789116	371
95.381768707	372
95.557369615	373
95.898412698	374
96.043537415	375
96.206802721	376
96.468027211	377
96.606621315	378
96.761904762	379
97.019501134	380
97.169705215	381
97.306122449	382
97.531065760	383
97.657324263	384
97.799546485	385
98.082539683	386
98.284263039	387
98.488888889	388
98.833560091	389
98.980861678	390
99.105668934	391
99.377777778	392
99.497505669	393
99.606349206	394
99.838548753	395
99.961904762	396
100.081632653	397
100.342857143	398
100.478548753	399
100.600453515	400
100.850793651	401
100.971972789	402
101.093877551	403
101.362358277	404
101.558276644	405
101.739682540	406
102.026303855	407
102.167800454	408
102.309297052	409
102.595918367	410
102.713469388	411
102.849886621	412
103.071201814	413
103.195283447	414
103.328798186	415
103.560997732	416
103.694512472	417
103.829478458	418
104.058049887	419
104.211156463	420
104.370068027	421
104.620408163	422
104.780045351	423
104.936054422	424
105.222675737	425
105.401179138	426
105.560090703	427
105.817687075	428
105.952653061	429
106.089795918	430
106.369160998	431
106.486712018	432
106.608616780	433
106.848072562	434
106.991746032	435
107.145578231	436
107.377777778	437
107.560634921	438
107.678911565	439
107.911111111	440
108.071473923	441
108.226757370	442
108.509750567	443
108.657777778	444
108.796371882	445
109.061224490	446
109.168616780	447
109.293424036	448
109.569160998	449
109.725895692	450
109.881179138	451
110.149659864	452
110.341224490	453
110.534240363	454
111.401360544	455
111.566077098	456
111.706122449	457
111.974603175	458
112.088526077	459
112.187210884	460
112.388208617	461
113.411337868	462
113.609433107	463
113.803174603	464
114.173242630	465
114.346666667	466
114.525170068	467
114.855328798	468
115.031655329	469
115.156462585	470
115.450340136	471
115.612154195	472
115.729705215	473
115.972789116	474
116.128798186	475
116.255782313	476
116.506122449	477
116.633832200	478
116.778231293	479
117.072108844	480
117.249160998	481
117.402267574	482
117.732426304	483
117.876099773	484
118.015419501	485
118.283900227	486
118.398548753	487
118.512471655	488
118.737414966	489
118.880362812	490
118.991383220	491
119.238095238	492
119.367981859	493
119.499319728	494
119.760544218	495
119.867210884	496
119.985487528	497
120.232199546	498
120.389659864	499
120.595011338	500
120.863492063	501
121.010793651	502
121.171882086	503
121.425850340	504
121.550657596	505
121.679818594	506
121.908390023	507
122.038276644	508
122.158730159	509
122.401814059	510
122.537505669	511
122.695691610	512
122.956916100	513
123.083174603	514
123.229024943	515
123.457596372	516
123.605623583	517
123.762358277	518
124.034467120	519
124.209342404	520
124.375510204	521
124.640362812	522
124.795646259	523
124.923356009	524
125.155555556	525
125.289070295	526
125.405895692	527
125.688888889	528
125.834739229	529
125.968253968	530
126.240362812	531
126.386213152	532
126.497959184	533
126.759183673	534
126.955102041	535
127.100226757	536
127.397732426	537
127.529795918	538
127.673469388	539
127.905668934	540
128.052244898	541
128.188662132	542
128.417233560	543
128.568888889	544
128.721995465	545
129.015873016	546
129.160997732	547
129.335147392	548
130.300226757	549
130.496145125	550
130.735600907	551
131.036734694	552
131.414058957	553
132.295691610	554
132.464036281	555
132.669387755	556
132.988662132	557
133.207074830	558
133.424036281	559
133.717913832	560
133.971882086	561
134.243990930	562
134.402902494	563
134.541496599	564
134.842630385	565
135.049433107	566
135.346938776	567
135.505850340	568
135.658956916	569
135.905668934	570
136.119727891	571
136.424489796	572
136.597188209	573
136.798185941	574
137.092063492	575
137.229931973	576
137.367800454	577
137.581859410	578
137.700136054	579
137.839455782	580
138.071655329	581
138.205170068	582
138.347392290	583
138.637641723	584
138.756643991	585
138.884353741	586
139.138321995	587
139.308117914	588
139.450340136	589
139.751473923	590
139.865396825	591
140.001814059	592
140.259410431	593
140.382040816	594
140.509750567	595
140.741950113	596
140.875464853	597
140.974149660	598
141.228117914	599
141.363083900	600
141.496598639	601
141.717913832	602
141.833287982	603
141.942857143	604
142.233106576	605
142.361541950	606
142.497959184	607
142.748299320	608
143.023310658	609
143.165532880	610
143.437641723	611
143.568979592	612
143.680725624	613
144.007256236	614
144.190113379	615
144.339591837	616
144.656689342	617
144.875102041	618
144.941315193	619
145.037641723	620
145.267074830	621
145.438185941	622
145.521632653	623
145.635555556	624
145.786485261	625
145.972244898	626
146.086349206	627
146.198639456	628
146.347823129	629
146.517913832	630
146.620680272	631
146.709478458	632
146.969206349	633
147.139047619	634
147.255102041	635
147.353832200	636
147.572244898	637
147.736961451	638
147.853061224	639
147.911111111	640
148.043628118	641
148.311655329	642
148.395102041	643
148.503219955	644
148.670884354	645
148.863129252	646
148.934149660	647
149.043083900	648
149.225510204	649
149.443628118	650
149.516780045	651
149.594557823	652
149.881814059	653
150.146031746	654
150.249229025	655
150.366621315	656
150.550204082	657
150.755555556	658
150.850612245	659
150.923900227	660
151.079183673	661
151.237369615	662
151.307755102	663
151.382494331	664
151.560884354	665
151.748208617	666
151.827596372	667
151.916553288	668
152.115396825	669
152.409977324	670
152.483265306	671
152.613151927	672
152.801451247	673
153.002086168	674
153.086258503	675
153.176235828	676
153.384489796	677
153.600000000	678
153.702199546	679
153.832199546	680
154.103990930	681
154.395283447	682
154.621678005	683
154.801632653	684
154.981587302	685
155.155736961	686
155.320136054	687
155.492426304	688
155.701405896	689
155.946258503	690
156.602108844	691
157.254829932	692
158.027755102	693
158.883265306	1
159.098775510	2
159.346938776	3
159.523265306	4
159.728707483	5
160.150204082	6
160.587755102	7
160.803265306	8
160.992653061	9
161.377959184	10
161.730612245	11
161.920000000	12
162.122448980	13
162.494693878	14
162.912653061	15
163.102040816	16
163.278367347	17
163.650612245	18
163.996734694	19
164.166530612	20
164.349387755	21
164.749659864	22
165.133151927	23
165.322448980	24
165.505306122	25
165.844897959	26
166.196825397	27
166.370975057	28
166.550929705	29
166.928253968	30
167.282358277	31
167.456507937	32
167.636462585	33
168.007981859	34
168.379501134	35
168.774240363	36
169.164625850	37
169.598548753	38
170.033922902	39
170.779863946	40
171.200725624	41
171.583854875	42
171.990204082	43
172.384943311	44
172.773877551	45
173.191836735	46
173.634852608	47
174.063151927	48
174.509569161	49
174.979773243	50
176.785124717	51
177.214693878	52
177.802448980	53
177.998367347	54
178.172517007	55
178.394557823	56
178.810476190	57
179.195646259	58
179.613605442	59
180.183945578	60
180.349387755	61
180.532244898	62
180.732517007	63
181.124353741	64
181.520544218	65
181.908027211	66
182.493287982	67
182.665578231	68
182.848435374	69
183.031292517	70
183.427392290	71
183.605986395	72
183.784489796	73
183.954285714	74
184.175442177	75
184.511564626	76
184.694421769	77
184.877278912	78
185.047074830	79
185.234285714	80
185.416575964	81
185.586938776	82
185.978775510	83
186.361904762	84
186.810340136	85
187.158639456	86
187.350702948	87
187.542993197	88
187.698503401	89
187.885714286	90
188.268843537	91
188.682448980	92
189.065578231	93
189.457414966	94
189.701224490	95
189.875374150	96
190.293333333	97
190.737414966	98
190.950748299	99
191.201133787	100
191.708299320	101
192.209297052	102
192.413945578	103
192.613877551	104
192.818276644	105
193.005714286	106
193.388843537	107
193.832925170	108
194.054036281	109
194.237823129	110
194.612244898	111
194.956190476	112
195.178231293	113
195.361088435	114
195.735510204	115
196.127346939	116
196.315963719	117
196.510226757	118
196.876190476	119
197.246258503	120
197.420408163	121
197.629387755	122
198.008163265	123
198.422086168	124
198.601383220	125
198.778775510	126
199.118367347	127
199.462312925	128
199.662585034	129
199.873151927	130
200.266916100	131
200.663945578	132
200.864217687	133
201.042721088	134
201.422086168	135
201.782857143	136
201.978775510	137
202.161632653	138
202.597142857	139
203.167346939	140
203.441632653	141
203.628843537	142
203.820408163	143
204.033741497	144
204.277551020	145
204.486530612	146
204.704217687	147
204.934965986	148
205.119115646	149
205.331179138	150
205.523106576	151
205.736054422	152
205.918911565	153
206.058231293	154
206.228027211	155
206.419591837	156
206.602448980	157
206.815782313	158
207.020408163	159
207.233741497	160
207.429659864	161
207.638639456	162
207.804081633	163
207.982585034	164
208.143673469	165
208.304761905	166
208.496326531	167
208.679183673	168
208.885963719	169
209.071020408	170
209.349659864	171
209.567346939	172
209.737142857	173
209.950476190	174
210.145850340	175
210.303129252	176
210.494693878	177
210.668843537	178
210.842993197	179
210.999727891	180
211.218004535	181
211.443809524	182
211.691972789	183
211.900952381	184
212.114285714	185
212.358095238	186
212.586167800	187
212.889251701	188
213.059047619	189
213.237551020	190
213.472653061	191
213.638095238	192
213.816598639	193
214.017619048	194
214.216258503	195
214.378231293	196
214.539319728	197
214.735238095	198
214.940181406	199
215.109659864	200
215.283809524	201
215.444897959	202
215.592925170	203
215.767074830	204
215.945578231	205
216.111020408	206
216.306938776	207
216.507210884	208
216.681383220	209
216.855668934	210
217.020952381	211
217.247346939	212
217.412789116	213
217.621768707	214
217.830748299	215
218.004897959	216
218.170340136	217
218.348843537	218
218.561791383	219
218.753741497	220
218.960702948	221
219.115102041	222
219.271836735	223
219.467755102	224
219.620136054	225
219.781224490	226
219.929251701	227
220.107755102	228
220.273197279	229
220.447346939	230
220.670702948	231
220.856598639	232
221.035600907	233
221.191836735	234
221.352925170	235
221.518367347	236
221.718639456	237
221.888435374	238
222.045170068	239
222.214965986	240
222.362993197	241
222.585034014	242
222.759183673	243
222.911564626	244
223.072653061	245
223.238095238	246
223.403537415	247
223.573333333	248
223.764897959	249
223.921632653	250
224.095782313	251
224.269931973	252
224.431020408	253
224.605170068	254
224.783673469	255
224.949115646	256
225.123265306	257
225.284353741	258
225.445442177	259
225.606530612	260
225.837278912	261
226.015782313	262
226.185578231	263
226.351020408	264
226.516462585	265
226.699319728	266
226.890884354	267
227.078095238	268
227.496054422	269
227.935782313	270
228.160725624	271
228.375510204	272
228.519183673	273
228.693333333	274
228.850068027	275
229.067755102	276
229.272131519	277
229.455238095	278
229.651156463	279
229.848185941	280
230.032244898	281
230.212789116	282
230.402018141	283
230.596666667	284
230.757006803	285
230.935510204	286
231.096598639	287
231.275102041	288
231.479070295	289
231.632108844	290
231.784489796	291
231.967346939	292
232.141496599	293
232.324353741	294
232.511315193	295
232.668299320	296
232.851156463	297
233.034013605	298
233.212517007	299
233.377959184	300
233.573469388	301
233.747845805	302
233.882993197	303
234.078911565	304
234.255215420	305
234.440272109	306
234.618775510	307
234.801746032	308
234.975442177	309
235.123809524	310
235.284897959	311
235.472108844	312
235.663356009	313
235.856371882	314
236.055510204	315
236.220952381	316
236.408163265	317
236.608435374	318
236.795646259	319
236.995918367	320
237.204897959	321
237.788299320	322
237.962448980	323
238.154013605	324
238.384761905	325
238.584285714	326
238.759183673	327
238.946394558	328
239.133605442	329
239.342585034	330
239.599455782	331
240.143673469	332
240.378775510	333
240.567052154	334
240.753197279	335
240.927346939	336
241.205986395	337
241.349659864	338
241.584761905	339
241.750204082	340
241.963537415	341
242.176870748	342
242.422789116	343
242.655782313	344
242.973605442	345
243.752925170	346
243.970612245	347
244.192653061	348
244.401632653	349
244.649795918	350
245.207074830	351
245.751292517	352
246.686575964	353
246.883265306	354
247.701768707	355