2.527346939	1
2.938775510	2
3.513469388	3
3.699591837	4
3.875918367	5
4.048979592	6
4.421224490	7
4.789115646	8
5.185079365	9
5.734897959	10
5.893877551	11
6.078820862	12
6.246530612	13
6.586122449	14
6.965986395	15
7.327346939	16
7.836734694	17
8.029387755	18
8.179591837	19
8.362448980	20
8.881632653	21
9.051428571	22
9.204897959	23
9.394285714	24
9.949387755	25
10.106122449	26
10.292244898	27
10.441723356	28
10.618775510	29
10.824489796	30
11.206530612	31
11.585306122	32
12.359183673	33
12.525714286	34
12.705668934	35
12.897959184	36
13.123265306	37
13.482448980	38
13.861224490	39
14.625306122	40
14.811428571	41
15.004081633	42
15.768163265	43
15.980408163	44
16.212244898	45
17.028571429	46
17.423673469	47
17.629387755	48
17.851428571	49
18.256689342	50
18.706938776	51
18.935510204	52
19.102040816	53
19.262040816	54
19.441632653	55
19.804081633	56
20.013061224	57
20.215510204	58
20.398367347	59
20.600816327	60
20.926984127	61
21.155918367	62
21.309387755	63
21.531428571	64
21.704489796	65
22.053877551	66
22.230204082	67
22.413061224	68
22.592653061	69
22.801632653	70
23.161904762	71
23.395918367	72
23.549387755	73
23.735510204	74
23.915102041	75
24.254693878	76
24.437551020	77
24.623673469	78
24.963265306	79
25.312653061	80
25.492244898	81
25.694693878	82
26.053877551	83
26.383673469	84
26.726530612	85
27.088979592	86
27.464489796	87
27.863945578	88
28.254693878	89
28.623673469	90
28.953469388	91
29.328979592	92
29.727346939	93
30.132244898	94
30.514285714	95
30.977959184	96
31.412244898	97
31.748571429	98
32.189387755	99
32.698775510	100
34.367346939	101
34.814693878	102
35.405714286	103
35.568979592	104
35.764897959	105
35.924897959	106
36.297142857	107
36.718367347	108
37.110204082	109
37.665306122	110
37.841632653	111
38.034285714	112
38.187755102	113
38.553469388	114
38.958367347	115
39.327346939	116
39.885714286	117
40.078367347	118
40.254693878	119
40.421224490	120
40.800000000	121
41.204897959	122
41.583673469	123
41.773061224	124
41.946122449	125
42.115918367	126
42.315102041	127
42.507755102	128
42.671020408	129
43.036734694	130
43.546122449	131
44.973061224	132
45.407346939	133
45.835102041	134
46.265759637	135
46.661224490	136
47.325170068	137
47.513832200	138
47.777959184	139
48.202448980	140
48.561632653	141
49.067755102	142
49.779591837	143
50.148571429	144
50.583219955	145
50.997551020	146
51.327346939	147
51.911111111	148
52.085260771	149
52.404535147	150
52.907755102	151
53.319183673	152
53.711020408	153
54.537142857	154
54.893061224	155
55.088979592	156
55.245714286	157
55.595102041	158
55.990204082	159
56.649795918	160
57.005714286	161
57.195102041	162
57.371428571	163
57.711020408	164
58.148571429	165
58.808163265	166
59.203265306	167
60.003265306	168
60.329795918	169
61.054693878	170
61.374693878	171
62.080000000	172
62.426122449	173
63.079183673	174
63.461224490	175
64.097959184	176
64.434285714	177
64.783673469	178
65.129795918	179
65.456326531	180
65.815510204	181
66.142040816	182
66.465306122	183
68.473469388	184
68.914285714	185
69.500226757	186
69.681632653	187
69.892063492	188
70.083265306	189
70.478367347	190
70.847346939	191
71.229387755	192
71.774693878	193
71.941224490	194
72.107755102	195
72.293877551	196
72.653061224	197
72.999183673	198
73.364897959	199
73.884081633	200
74.066938776	201
74.230204082	202
74.416326531	203
74.919183673	204
75.095510204	205
75.268571429	206
75.428571429	207
75.944489796	208
76.124081633	209
76.255782313	210
76.480000000	211
76.688979592	212
76.848979592	213
77.198367347	214
77.547755102	215
78.374603175	216
78.602448980	217
78.788208617	218
78.977959184	219
79.151020408	220
79.513469388	221
79.898775510	222
80.261224490	223
80.512653061	224
80.695510204	225
80.891428571	226
81.059410431	227
81.309387755	228
81.492244898	229
81.890612245	230
82.089795918	231
82.269387755	232
82.655782313	233
82.896326531	234
83.088979592	235
83.497505669	236
84.532244898	237
85.453061224	238
86.560000000	239
87.640816327	240
88.375510204	241
91.859591837	242
94.265759637	243
94.798367347	244
95.172789116	245
95.557369615	246
95.898412698	247
96.181405896	248
96.377324263	249
96.667573696	250
96.936054422	251
97.233560091	252
97.502040816	253
97.756009070	254
98.046258503	255
98.438095238	256
98.771882086	257
99.105668934	258
99.377777778	259
99.606349206	260
99.838548753	261
100.041723356	262
100.342857143	263
100.600453515	264
100.850793651	265
101.093877551	266
101.362358277	267
101.681632653	268
101.964625850	269
102.309297052	270
102.566893424	271
102.820861678	272
103.071201814	273
103.328798186	274
103.553741497	275
103.807709751	276
104.058049887	277
104.308390023	278
104.620408163	279
104.881632653	280
105.128344671	281
105.505668934	282
105.817687075	283
106.089795918	284
106.311111111	285
106.608616780	286
106.848072562	287
107.116553288	288
107.377777778	289
107.678911565	290
107.911111111	291
108.190476190	292
108.509750567	293
108.796371882	294
109.061224490	295
109.293424036	296
109.569160998	297
109.881179138	298
110.149659864	299
110.534240363	300
111.354195011	301
111.706122449	302
111.974603175	303
112.388208617	304
113.190022676	305
113.712471655	306
114.133333333	307
114.525170068	308
114.855328798	309
115.156462585	310
115.410430839	311
115.700680272	312
115.961904762	313
116.255782313	314
116.506122449	315
116.778231293	316
117.072108844	317
117.402267574	318
117.732426304	319
118.015419501	320
118.283900227	321
118.512471655	322
118.737414966	323
118.991383220	324
119.238095238	325
119.499319728	326
119.727891156	327
119.923809524	328
120.170521542	329
120.547845805	330
120.863492063	331
121.171882086	332
121.425850340	333
121.679818594	334
121.908390023	335
122.158730159	336
122.354648526	337
122.594104308	338
122.855328798	339
123.167346939	340
123.457596372	341
123.762358277	342
124.034467120	343
124.350113379	344
124.640362812	345
124.923356009	346
125.155555556	347
125.405895692	348
125.688888889	349
125.968253968	350
126.240362812	351
126.497959184	352
126.759183673	353
127.100226757	354
127.397732426	355
127.673469388	356
127.905668934	357
128.145124717	358
128.417233560	359
128.667573696	360
128.928798186	361
129.335147392	362
131.036734694	363
131.414058957	364
131.744217687	365
132.012698413	366
132.295691610	367
132.669387755	368
132.988662132	369
133.424036281	370
133.717913832	371
133.971882086	372
134.243990930	373
134.541496599	374
134.842630385	375
135.049433107	376
135.299773243	377
135.611791383	378
135.905668934	379
136.119727891	380
136.424489796	381
136.798185941	382
137.092063492	383
137.367800454	384
137.636281179	385
137.832199546	386
137.952653061	387
138.071655329	388
138.347392290	389
138.601360544	390
138.855328798	391
139.036734694	392
139.334240363	393
139.551927438	394
140.001814059	395
140.259410431	396
140.509750567	397
140.741950113	398
141.053968254	399
141.300680272	400
141.489342404	401
141.656235828	402
141.942857143	403
142.233106576	404
142.497959184	405
142.748299320	406
143.165532880	407
143.437641723	408
143.680725624	409
144.007256236	410
144.222040816	411
144.404897959	412
144.656689342	413
144.892517007	414
145.267074830	415
145.786485261	416
145.959183673	417
146.096326531	418
146.279183673	419
146.586122449	420
146.853877551	421
147.448163265	422
147.670204082	423
147.853061224	424
147.983673469	425
148.375510204	426
148.934149660	427
149.225510204	428
149.516780045	429
149.881814059	430
150.550204082	431
152.115396825	432
154.078911565	433
160.150204082	1
160.587755102	2
161.182040816	3
161.377959184	4
161.560816327	5
161.730612245	6
162.122448980	7
162.494693878	8
162.912653061	9
163.493877551	10
163.650612245	11
163.813877551	12
163.996734694	13
164.349387755	14
164.749659864	15
165.133151927	16
165.655510204	17
165.844897959	18
166.033741497	19
166.196825397	20
166.743356009	21
166.928253968	22
167.099478458	23
167.282358277	24
167.834807256	25
168.007981859	26
168.196712018	27
168.379501134	28
168.576870748	29
168.774240363	30
169.164625850	31
169.598548753	32
170.388027211	33
170.585510204	34
170.779863946	35
170.978979592	36
171.200725624	37
171.583854875	38
171.990204082	39
172.773877551	40
172.996303855	41
173.191836735	42
174.063151927	43
174.271564626	44
174.509569161	45
175.420952381	46
175.647346939	47
175.850521542	48
176.053696145	49
176.297505669	50
176.674829932	51
177.182766440	52
177.413990930	53
177.615238095	54
177.802448980	55
177.998367347	56
178.351020408	57
178.607891156	58
178.810476190	59
178.964897959	60
179.195646259	61
179.548299320	62
179.813877551	63
179.983673469	64
180.183945578	65
180.349387755	66
180.732517007	67
180.926031746	68
181.124353741	69
181.302857143	70
181.520544218	71
181.848526077	72
182.109909297	73
182.315532880	74
182.493287982	75
182.665578231	76
183.031292517	77
183.239591837	78
183.427392290	79
183.784489796	80
184.119727891	81
184.320000000	82
184.511564626	83
184.877278912	84
185.234285714	85
185.586938776	86
185.978775510	87
186.361904762	88
186.810340136	89
187.158639456	90
187.542993197	91
187.885714286	92
188.268843537	93
188.640362812	94
189.065578231	95
189.457414966	96
189.875374150	97
190.293333333	98
190.737414966	99
191.201133787	100
191.708299320	101
193.388843537	102
193.832925170	103
194.416326531	104
194.612244898	105
194.764625850	106
194.956190476	107
195.361088435	108
195.735510204	109
196.127346939	110
196.688979592	111
196.876190476	112
197.064761905	113
197.246258503	114
197.629387755	115
198.008163265	116
198.422086168	117
198.948571429	118
199.118367347	119
199.288163265	120
199.462312925	121
199.873151927	122
200.266916100	123
200.663945578	124
200.864217687	125
201.042721088	126
201.233424036	127
201.404081633	128
201.601927438	129
201.782857143	130
202.161632653	131
202.597142857	132
204.033741497	133
204.486530612	134
204.934965986	135
205.331179138	136
205.670748299	137
206.228027211	138
206.331065760	139
206.815782313	140
207.233741497	141
207.638639456	142
207.982585034	143
208.679183673	144
209.071020408	145
209.523809524	146
209.908390023	147
210.263945578	148
210.842993197	149
210.999727891	150
211.374149660	151
211.900952381	152
212.358095238	153
212.774603175	154
213.638095238	155
214.017619048	156
214.216258503	157
214.378231293	158
214.735238095	159
215.109659864	160
215.767074830	161
216.111020408	162
216.306938776	163
216.507210884	164
216.855668934	165
217.247346939	166
218.004897959	167
218.348843537	168
219.051247166	169
219.348752834	170
220.107755102	171
220.447346939	172
221.155555556	173
221.467573696	174
222.214965986	175
222.585034014	176
223.238095238	177
223.573333333	178
223.921632653	179
224.269931973	180
224.605170068	181
224.949115646	182
225.284353741	183
225.606530612	184
227.496054422	185
227.935782313	186
228.519183673	187
228.693333333	188
228.850068027	189
229.067755102	190
229.455238095	191
229.848185941	192
230.212789116	193
230.757006803	194
230.935510204	195
231.096598639	196
231.275102041	197
231.632108844	198
231.967346939	199
232.324353741	200
232.851156463	201
233.004988662	202
233.212517007	203
233.377959184	204
233.882993197	205
234.042630385	206
234.255215420	207
234.405442177	208
234.949659864	209
235.123809524	210
235.284897959	211
235.472108844	212
235.663356009	213
235.856371882	214
236.220952381	215
236.608435374	216
237.392108844	217
237.576417234	218
237.757823129	219
237.962448980	220
238.154013605	221
238.512471655	222
238.946394558	223
239.274376417	224
239.599455782	225
239.760544218	226
239.973877551	227
240.143673469	228
240.378775510	229
240.567052154	230
240.927346939	231
241.146485261	232
241.349659864	233
241.750204082	234
241.963537415	235
242.176870748	236
242.655782313	237
243.752925170	238
244.649795918	239
245.751292517	240
246.883265306	241
247.701768707	242
248.759727891	243