1.462857143	1
1.594920635	2
1.706666667	3
1.838730159	4
1.940317460	5
2.026666667	6
2.113015873	7
2.234920635	8
2.326349206	9
2.438095238	10
2.539682540	11
2.661587302	12
2.774784580	13
2.869841270	14
2.966349206	15
3.073015873	16
3.164444444	17
3.260952381	18
3.343673469	19
3.464126984	20
3.555555556	21
3.657142857	22
3.743492063	23
3.834920635	24
3.935782313	25
4.048253968	26
4.175238095	27
4.281904762	28
4.398730159	29
4.495238095	30
4.609160998	31
4.723809524	32
4.830476190	33
4.906666667	34
4.998095238	35
5.084444444	36
5.166439909	37
5.277460317	38
5.373968254	39
5.480634921	40
5.566984127	41
5.668571429	42
5.770158730	43
5.866666667	44
5.973333333	45
6.080000000	46
6.191746032	47
6.283174603	48
6.385487528	49
6.481269841	50
6.572698413	51
6.669206349	52
6.775873016	53
6.862222222	54
6.977596372	55
7.065396825	56
7.177142857	57
7.258412698	58
7.360000000	59
7.451428571	60
7.558095238	61
7.680000000	62
7.827301587	63
7.933968254	64
8.066031746	65
8.177777778	66
8.299682540	67
8.406349206	68
8.528253968	69
8.614603175	70
8.726349206	71
8.812698413	72
8.904852608	73
9.010793651	74
9.137777778	75
9.234285714	76
9.346031746	77
9.442539683	78
9.543401361	79
9.671111111	80
9.777777778	81
9.884444444	82
9.991111111	83
10.082539683	84
10.181950113	85
10.295873016	86
10.412698413	87
10.514285714	88
10.605714286	89
10.702222222	90
10.820498866	91
10.920634921	92
11.027301587	93
11.144126984	94
11.281269841	95
11.428571429	96
11.633197279	97
11.748571429	98
11.850158730	99
11.951746032	100
12.043174603	101
12.124444444	102
12.225306122	103
12.297142857	104
12.403809524	105
12.500317460	106
12.601904762	107
12.698412698	108
12.794195011	109
12.921904762	110
13.038730159	111
13.150476190	112
13.252063492	113
13.353650794	114
13.490793651	115
13.638095238	116
13.770158730	117
13.876825397	118
13.968253968	119
14.080000000	120
14.175782313	121
14.257777778	122
14.333968254	123
14.425396825	124
14.526984127	125
14.618412698	126
14.698231293	127
14.806349206	128
14.918095238	129
15.040000000	130
15.131428571	131
15.233015873	132
15.336780045	133
15.461587302	134
15.583492063	135
15.695238095	136
15.791746032	137
15.918730159	138
16.044988662	139
16.218412698	140
16.370793651	141
16.492698413	142
16.700952381	143
16.904126984	144
17.178412698	145
17.239365079	146
17.300317460	147
17.401904762	148
17.498412698	149
17.549206349	150
17.600000000	151
17.705215420	152
17.823492063	153
17.864126984	154
17.935238095	155
18.016507937	156
18.102857143	157
18.148571429	158
18.199365079	159
18.297324263	160
18.377142857	161
18.443174603	162
18.504126984	163
18.605714286	164
18.697142857	165
18.753015873	166
18.803809524	167
18.877823129	168
18.986666667	169
19.037460317	170
19.073015873	171
19.169523810	172
19.255873016	173
19.301587302	174
19.342222222	175
19.423492063	176
19.550476190	177
19.606349206	178
19.687619048	179
19.784126984	180
19.880634921	181
19.951746032	182
20.002539683	183
20.120090703	184
20.251428571	185
20.312380952	186
20.378412698	187
20.474920635	188
20.576507937	189
20.667936508	191
20.723809524	190
20.886349206	192
21.013333333	193
21.099682540	194
21.201269841	195
21.323174603	196
21.434920635	197
21.548117914	198
21.658412698	199
21.775238095	200
21.886984127	201
21.983492063	202
22.085079365	203
22.198276644	204
22.333968254	205
22.405079365	206
22.496507937	207
22.582857143	208
22.664126984	209
22.790385488	210
22.902857143	211
22.989206349	212
23.106031746	213
23.258412698	214
23.400634921	215
23.568253968	216
23.685079365	217
23.781587302	218
23.898412698	219
23.984761905	220
24.066031746	221
24.157460317	222
24.269206349	223
24.360634921	224
24.502857143	225
24.624761905	226
24.731428571	227
24.891791383	228
25.071746032	229
25.254603175	230
25.396825397	231
25.553560091	232
25.701587302	233
25.884444444	234
26.021587302	235
26.192108844	236
26.361904762	237
26.514285714	238
26.641269841	239
26.828185941	240
26.981587302	241
27.113650794	242
27.306666667	243
27.492426304	244
27.641904762	245
27.789206349	246
27.936507937	247
28.072925170	248
28.236190476	249
28.388571429	250
28.606984127	251
28.757913832	252
28.952380952	253
29.155555556	254
29.297777778	255
29.442902494	256
29.653333333	257
30.077868481	258
30.242539683	259
30.430476190	260
30.572698413	261
30.720000000	262
30.892698413	263
31.095873016	264
31.248253968	265
31.416598639	266
31.619047619	267
32.137142857	268
32.340317460	269
32.518095238	270
32.761904762	271
32.960725624	272
33.137777778	273
33.305396825	274
33.462857143	275
33.605079365	276
33.777777778	277
33.899682540	278
34.067301587	279
34.261043084	280
34.922811791	281
35.083174603	282
35.225396825	283
35.347301587	284
35.491700680	285
35.641904762	286
35.784126984	287
35.916190476	288
36.060589569	289
36.652698413	290
36.805079365	291
36.937142857	292
37.069206349	293
37.244807256	294
37.389206349	295
37.500952381	296
37.663492063	297
37.836916100	298
38.460952381	299
38.603174603	300
38.735238095	301
38.857142857	302
39.021133787	303
39.177142857	304
39.339682540	305
39.471746032	306
39.590022676	307
42.245079365	308
42.585396825	309
42.895238095	310
43.212335601	311
43.565714286	312
43.850884354	313
44.170158730	314
44.520136054	315
44.835555556	316
45.143015873	317
45.424761905	318
45.816848073	319
47.368707483	320
48.680634921	321
50.654331066	322
51.826938776	323
52.128798186	324
52.384217687	325
52.636734694	326
52.970612245	327
54.160544218	328
55.356371882	329
55.640816327	330
55.960090703	331
56.199546485	332
56.470929705	333
57.650022676	334
58.736734694	335
59.029478458	336
59.302222222	337
59.515646259	338
59.837823129	339
60.366712018	340
60.987210884	341
62.032108844	342
62.302040816	343
62.577777778	344
62.860770975	345
63.111836735	346
63.441269841	347
63.808435374	348
64.412154195	349
65.342403628	350
65.642811791	351
66.269750567	352
67.417687075	353
68.046077098	354
68.535147392	355
68.858775510	356
69.079365079	357
69.144671202	358
69.224489796	359
69.402925170	360
69.630839002	361
69.681632653	362
69.761451247	363
70.026621315	364
70.283900227	365
70.429024943	366
70.530612245	367
70.681541950	368
70.864399093	369
70.965986395	370
71.067573696	371
71.215600907	372
71.430385488	373
71.560997732	374
71.713378685	375
72.012947846	376
72.330158730	377
72.475283447	378
72.555102041	379
72.771337868	380
72.939682540	381
73.041269841	382
73.150113379	383
73.328616780	384
73.629024943	385
73.752380952	386
73.846712018	387
73.990385488	388
74.187755102	389
74.376417234	390
74.605714286	391
74.804535147	392
74.985941043	393
75.174603175	394
76.067120181	395
76.405260771	396
76.974149660	397
77.917460317	398
78.297687075	399
78.982675737	400
80.043537415	401
80.094331066	402
80.282993197	403
80.595011338	404
80.682086168	405
80.812698413	406
81.182766440	407
81.248072562	408
81.414965986	409
81.763265306	410
81.850340136	411
82.060770975	412
82.358276644	413
82.467120181	414
82.597732426	415
82.967800454	416
83.076643991	417
83.149206349	418
83.606349206	419
83.795011338	420
83.845804989	421
84.208616780	422
84.331972789	423
84.411791383	424
84.796371882	425
84.861678005	426
85.006802721	427
85.536507937	428
85.674376417	429
85.819501134	430
86.076371882	431
86.363718821	432
86.436281179	433
86.559637188	434
86.761360544	435
87.161904762	436
87.764172336	437
87.967346939	438
88.142947846	439
88.388208617	440
88.584126984	441
88.781496599	442
88.983219955	443
89.179138322	444
89.431655329	445
89.672562358	446
89.853968254	447
90.046984127	448
90.245804989	449
90.419954649	450
90.619319728	451
90.811791383	452
91.000453515	453
91.254421769	454
91.479365079	455
91.617233560	456
91.726077098	457
91.846530612	458
91.929251701	459
92.045351474	460
92.154195011	461
92.276099773	462
92.775328798	463
92.916099773	464
93.053968254	465
93.170068027	466
93.251337868	467
93.380498866	468
93.489342404	469
93.590929705	470
93.715736961	471
94.251746032	472
94.413061224	473
94.524081633	474
94.641632653	475
94.737414966	476
94.870204082	477
94.981224490	478
95.079183673	479
95.190204082	480
95.294693878	481
95.418775510	482
95.523265306	483
95.666213152	484
95.804081633	485
95.921632653	486
96.039183673	487
96.177052154	488
96.280816327	489
96.385306122	490
96.522448980	491
96.641451247	492
96.783673469	493
96.901224490	494
97.005714286	495
97.117460317	496
97.247346939	497
97.364897959	498
97.488979592	499
97.628299320	500
97.750204082	501
97.880816327	502
97.998367347	503
98.139138322	504
98.272653061	505
98.377142857	506
98.507755102	507
98.629138322	508
98.762448980	509
98.899591837	510
99.030204082	511
99.172426304	512
99.284897959	513
99.395918367	514
99.513469388	515
99.625215420	516
99.774693878	517
99.885714286	518
99.996734694	519
100.123106576	520
100.244897959	521
100.342857143	522
100.466938776	523
100.583446712	524
100.739773243	525
100.850068027	526
100.971972789	527
101.082222222	528
101.239002268	529
101.366712018	530
101.477006803	531
101.598911565	532
101.749841270	533
101.900770975	534
102.005260771	535
102.109750567	536
102.278095238	537
102.423219955	538
102.545124717	539
102.667029478	540
102.817959184	541
102.939863946	542
103.079183673	543
103.248866213	544
103.410068027	545
103.543582766	546
103.682902494	547
103.793197279	548
103.944126984	549
104.048616780	550
104.158911565	551
104.323265306	552
104.454965986	553
104.588480726	554
104.681360544	555
104.838095238	556
104.989024943	557
105.116734694	558
105.221224490	559
105.337324263	560
105.476643991	561
105.610158730	562
105.766893424	563
105.906213152	564
106.684081633	565
106.962721088	566
107.450340136	567
107.937959184	568
108.425578231	569
108.933197279	570
109.469546485	571
110.526984127	572
111.061043084	573
112.117551020	574
112.651609977	575
113.742947846	576
114.300226757	577
115.403174603	578
115.972063492	579
117.632290249	580
118.236009070	581
119.791746032	1
119.890430839	2
119.983310658	3
120.076190476	4
120.163265306	5
120.256145125	6
120.331609977	7
120.418684807	8
120.534784580	9
120.656689342	10
120.766984127	11
120.917913832	12
121.045623583	13
121.150113379	14
121.225578231	15
121.335873016	16
121.422947846	17
121.498412698	18
121.579682540	19
121.672562358	20
121.765442177	21
121.858321995	22
121.939591837	23
122.032471655	24
122.125011338	25
122.229841270	26
122.334331066	27
122.438820862	28
122.566530612	29
122.694240363	30
122.821950113	31
122.932244898	32
123.048344671	33
123.141224490	34
123.222494331	35
123.303764172	36
123.390839002	37
123.489523810	38
123.588208617	39
123.692698413	40
123.791383220	41
123.890068027	42
123.977142857	43
124.081632653	44
124.174512472	45
124.273197279	46
124.371882086	47
124.470566893	48
124.609886621	49
124.720181406	50
124.836281179	51
124.952380952	52
125.033650794	53
125.109115646	54
125.178775510	55
125.277460317	56
125.352925170	57
125.457414966	58
125.527074830	59
125.614149660	60
125.753469388	61
125.852154195	62
125.950839002	63
126.061133787	64
126.154013605	65
126.252698413	66
126.362993197	67
126.461678005	68
126.548752834	69
126.653242630	70
126.746122449	71
126.844807256	72
126.931882086	73
127.047981859	74
127.152471655	75
127.239546485	76
127.332426304	77
127.454331066	78
127.547210884	79
127.645895692	80
127.732970522	81
127.814240363	82
127.883900227	83
128.005804989	84
128.139319728	85
128.243809524	86
128.342494331	87
128.429569161	88
128.563083900	89
128.684988662	90
128.812698413	91
128.928798186	92
129.027482993	93
129.137777778	94
129.242267574	95
129.329342404	96
129.439637188	97
129.549931973	98
129.660226757	99
129.758911565	100
129.863401361	101
129.962086168	102
130.078185941	103
130.171065760	104
130.269750567	105
130.380045351	106
130.478730159	107
130.571609977	108
130.705124717	109
130.809614512	110
130.890884354	111
130.995374150	112
131.099863946	113
131.204353741	114
131.297233560	115
131.407528345	116
131.488798186	117
131.593287982	118
131.697777778	119
131.802267574	120
131.900952381	121
132.005442177	122
132.109931973	123
132.202811791	124
132.284081633	125
132.365351474	126
132.459773243	127
132.551111111	128
132.661405896	129
132.765895692	130
132.858775510	131
132.969070295	132
133.061950113	133
133.172244898	134
133.265124717	135
133.363809524	136
133.468299320	137
133.578594104	138
133.712108844	139
133.822403628	140
133.950113379	141
134.106848073	142
134.286802721	143
134.478367347	144
134.739591837	145
134.786031746	146
134.826666667	147
134.907936508	148
135.012426304	149
135.064671202	150
135.099501134	151
135.186575964	152
135.314285714	153
135.372335601	154
135.412970522	155
135.494240363	156
135.563900227	157
135.610340136	158
135.650975057	159
135.743854875	160
135.859954649	161
135.912199546	162
135.964444444	163
136.039909297	164
136.132789116	165
136.190839002	166
136.237278912	167
136.301133787	168
136.423038549	169
136.469478458	170
136.521723356	171
136.620408163	172
136.713287982	173
136.753922902	174
136.794557823	175
136.881632653	176
137.038367347	177
137.096417234	178
137.125442177	179
137.212517007	180
137.305396825	181
137.380861678	182
137.456326531	183
137.543401361	184
137.711746032	185
137.804625850	186
137.909115646	187
137.996190476	188
138.097777778	190
138.158730159	189
138.286439909	191
138.427936508	192
138.539682540	193
138.641269841	194
138.722539683	195
138.808888889	196
138.959818594	197
139.113650794	198
139.215238095	199
139.311746032	200
139.377777778	201
139.469206349	202
139.598367347	203
139.718095238	204
139.829841270	205
139.941587302	206
140.027936508	207
140.114285714	208
140.260136054	209
140.378412698	210
140.474920635	211
140.576507937	212
140.673015873	213
140.769523810	214
140.910294785	215
141.018412698	216
141.125079365	217
141.241904762	218
141.338412698	219
141.424761905	220
141.525623583	221
141.704126984	222
141.836190476	223
141.942857143	224
142.049523810	225
142.171428571	226
142.338321995	227
142.521904762	228
142.689523810	229
142.801269841	230
142.965260771	231
143.116190476	232
143.278730159	233
143.415873016	234
143.603809524	235
143.791746032	236
143.944126984	237
144.071111111	238
144.258730159	239
144.462222222	240
144.589206349	241
144.711111111	242
144.893968254	243
145.081904762	244
145.229206349	245
145.401904762	246
145.507845805	247
145.666031746	248
145.813333333	249
146.036825397	250
146.181224490	251
146.336507937	252
146.473650794	253
146.585396825	254
146.703673469	255
147.042539683	256
147.481541950	257
147.677460317	258
147.855238095	259
147.992380952	260
148.143310658	261
148.358095238	262
148.535873016	263
148.703492063	264
148.906666667	265
149.135238095	266
149.617777778	267
149.861587302	268
150.085079365	269
150.308571429	270
150.534965986	271
150.714920635	272
150.877460317	273
151.070476190	274
151.231564626	275
151.410793651	276
151.537777778	277
151.690158730	278
151.881723356	279
152.485442177	280
152.629841270	281
152.777142857	282
152.924444444	283
153.089160998	284
153.234285714	285
153.386666667	286
153.544126984	287
153.719523810	288
154.300952381	289
154.468571429	290
154.641269841	291
154.763174603	292
154.888707483	293
155.022222222	294
155.133968254	295
155.296507937	296
155.434376417	297
156.038095238	298
156.215873016	299
156.327619048	300
156.485079365	301
156.606984127	302
156.774603175	303
156.926984127	304
157.084444444	305
157.222312925	306
159.893333333	307
160.275736961	308
160.573968254	309
160.867845805	310
161.198730159	311
161.459954649	312
161.757460317	313
162.040453515	314
162.412698413	315
162.713832200	316
163.006984127	317
163.456870748	318
164.989387755	319
166.359365079	320
168.356281179	321
169.494058957	322
169.755283447	323
170.062947846	324
170.347392290	325
170.631836735	326
171.810521542	327
173.023492063	328
173.342766440	329
173.615600907	330
173.853605442	331
174.103129252	332
175.206167800	333
176.309115646	334
176.570340136	335
176.850589569	336
177.086984127	337
177.372108844	338
177.949070295	339
178.573061224	340
179.686394558	341
179.983673469	342
180.265918367	343
180.558367347	344
180.802176871	345
181.133061224	346
181.452335601	347
182.061541950	348
182.990657596	349
183.284716553	350
183.925260771	351
185.045623583	352
185.547551020	353
185.951201814	354
186.049886621	355
186.136961451	356
186.363356009	357
186.549115646	358
186.636190476	359
186.711655329	360
186.853922902	361
187.077369615	362
187.147029478	363
187.251519274	364
187.466303855	365
187.744943311	366
187.843628118	367
187.913287982	368
188.104852608	369
188.296417234	370
188.371882086	371
188.453151927	372
188.605260771	373
188.842086168	374
188.952380952	375
189.062675737	376
189.347120181	377
189.614149660	378
189.788299320	379
189.892789116	380
190.090158730	381
190.275918367	382
190.362993197	383
190.461678005	384
190.633083900	385
190.885442177	386
191.158276644	387
191.367256236	388
191.576235828	389
191.785215420	390
192.038367347	391
192.255419501	392
192.441179138	393
192.625464853	394
193.468662132	395
193.816961451	396
194.374240363	397
195.303038549	398
195.651337868	399
196.344739229	400
197.404444444	401
197.497324263	402
197.630839002	403
197.921088435	404
198.002358277	405
198.141678005	406
198.536417234	407
198.588662132	408
198.698956916	409
199.087891156	410
199.163356009	411
199.296870748	412
199.610340136	413
199.674195011	414
199.801904762	415
200.219863946	416
200.277913832	417
200.394013605	418
200.788752834	419
200.887437642	420
201.009342404	421
201.398276644	422
201.479546485	423
201.618866213	424
201.961360544	425
202.042630385	426
202.205170068	427
202.652154195	428
202.756643991	429
202.977233560	430
203.185419501	431
203.430022676	432
203.517097506	433
203.633197279	434
203.813151927	435
204.265941043	436
204.817414966	437
205.008979592	438
205.183129252	439
205.397913832	440
205.583673469	441
205.763628118	442
205.972607710	443
206.146757370	444
206.344126984	445
206.558911565	446
206.750476190	447
206.924625850	448
207.133605442	449
207.307755102	450
207.493514739	451
207.737324263	452
207.923083900	453
208.120453515	454
208.317823129	455
208.462947846	456
208.573242630	457
208.700952381	458
208.799637188	459
208.904126984	460
209.008616780	461
209.130521542	462
209.594920635	463
209.728435374	464
209.856145125	465
209.978049887	466
210.065124717	467
210.187029478	468
210.297324263	469
210.390204082	470
210.556235828	471
211.035102041	472
211.179682540	473
211.295782313	474
211.411882086	475
211.533650794	476
211.655691610	477
211.777596372	478
211.882086168	479
212.009795918	480
212.108480726	481
212.207165533	482
212.323265306	483
212.439365079	484
212.590294785	485
212.712199546	486
212.828299320	487
212.945374150	488
213.066303855	489
213.170793651	490
213.292698413	491
213.426213152	492
213.542312925	493
213.658412698	494
213.762902494	495
213.889410431	496
214.024126984	497
214.146031746	498
214.238911565	499
214.367936508	500
214.517551020	501
214.639455782	502
214.749750567	503
214.889070295	504
215.016780045	505
215.127074830	506
215.248979592	507
215.384353741	508
215.486984127	509
215.603083900	510
215.719183673	511
215.829478458	512
215.968798186	513
216.119727891	514
216.212607710	515
216.340317460	516
216.491247166	517
216.613151927	518
216.735056689	519
216.885986395	520
217.031111111	521
217.118185941	522
217.245895692	523
217.373038549	524
217.489705215	525
217.611609977	526
217.721904762	527
217.872834467	528
218.058594104	529
218.163083900	530
218.284988662	531
218.430113379	532
218.581043084	533
218.720362812	534
218.824852608	535
218.929342404	536
219.091882086	537
219.219591837	538
219.358911565	539
219.509841270	540
219.689795918	541
219.829115646	542
219.980045351	543
220.125170068	544
220.281904762	545
220.415419501	546
220.577959184	547
220.681133787	548
220.844988662	549
220.949478458	550
221.077188209	551
221.216507937	552
221.350022676	553
221.477732426	554
221.599637188	555
221.750566893	556
221.924716553	557
222.052426304	558
222.168526077	559
222.296235828	560
222.423945578	561
222.551655329	562
222.702585034	563
222.853514739	564
223.677823129	565
223.956462585	566
224.420861678	567
224.885260771	568
225.384489796	569
225.860498866	570
226.406167800	571
227.474285714	572
228.054784580	573
229.134512472	574
229.691791383	575
230.817959184	576
231.398458050	577
232.536235828	578
233.081904762	579
234.776961451	580
235.403900227	581
237.064126984	582
237.157006803	583
237.267301587	584
237.395011338	585
237.493696145	586
237.603990930	587
237.714285714	588
237.818775510	589
237.905850340	590
238.010340136	591
238.138049887	592
238.242539683	593
238.376054422	594
238.480544218	595
238.567619048	596
238.654693878	597
238.741768707	598
238.817233560	599
238.921723356	600
239.008798186	601
239.113287982	602
239.229387755	603
239.339682540	604
239.432562358	605
239.541723356	606
239.629931973	607
239.751836735	608
239.850521542	609
239.955011338	610
240.071111111	611
240.199070295	612
240.309841270	613
240.421587302	614
240.553650794	615
240.645079365	616
240.726349206	617
240.856666667	618
240.970158730	619
241.086984127	620
241.208888889	621
241.315555556	622
241.412063492	623
241.522358277	624
241.635555556	625
241.732063492	626
241.828571429	627
241.925079365	628
242.011428571	629
242.126077098	630
242.204444444	631
242.311111111	632
242.397460317	633
242.499047619	634
242.600634921	635
242.718185941	636
242.798730159	637
242.890158730	638
242.986666667	639
243.093333333	640
243.174603175	641
243.287074830	642
243.377777778	643
243.474285714	644
243.580952381	645
243.662222222	646
243.768888889	647
243.880748299	648
243.997460317	649
244.109206349	650
244.292063492	651
244.454603175	652
244.617142857	653
244.831201814	654
245.069206349	655
245.211428571	656
245.328253968	657
245.455238095	658
245.551746032	659
245.643900227	660
245.760000000	661
245.876825397	662
245.968253968	663
246.059682540	664
246.166349206	665
246.270839002	666
246.389841270	667
246.506666667	668
246.603174603	669
246.694603175	670
246.791111111	671
246.897777778	672
246.999365079	673
247.116190476	674
247.222857143	675
247.314285714	676
247.420952381	677
247.524716553	678
247.649523810	679
247.766349206	680
247.908571429	681
248.020317460	682
248.137142857	683
248.267755102	684
248.365714286	685
248.467301587	686
248.563809524	687
248.675555556	688
248.802539683	689
248.954920635	690
249.071746032	691
249.193650794	692
249.305396825	693
249.412063492	694
249.508571429	695
249.620317460	696
249.691428571	697
249.793015873	698
249.879365079	699
249.975873016	700
250.077460317	701
250.189160998	702
250.295873016	703
250.377142857	704
250.483809524	705
250.590476190	706
250.686984127	707
250.798730159	708
250.915555556	709
251.012063492	710
251.123809524	711
251.240634921	712
251.332063492	713
251.446190476	714
251.545396825	715
251.677460317	716
251.814603175	717
251.921269841	718
252.027936508	719
252.162970522	720
252.297142857	721
252.454603175	722
252.596825397	723
252.733968254	724
252.886349206	725
253.085895692	726
253.338412698	727
253.546666667	728
253.714285714	729
253.886984127	730
254.064761905	731
254.293333333	732
255.004444444	733
255.217777778	734
255.365079365	735
255.486984127	736
255.619047619	737
255.751111111	738
255.883174603	739
256.015238095	740
256.132063492	741
256.232199546	742
256.380952381	743
256.528253968	744
256.614603175	745
256.736507937	746
256.883809524	747
256.998458050	748
257.127619048	749
257.259682540	750
257.442539683	751
257.589841270	752
257.711746032	753
257.892426304	754
258.036825397	755
258.148571429	756
258.240000000	757
258.361904762	758
258.483809524	759
258.600634921	760
258.712380952	761
258.824126984	762
258.986666667	763
259.098412698	764
259.215238095	765
259.355283447	766
259.479365079	767
259.611428571	768
259.753650794	769
259.885714286	770
260.002539683	771
260.591746032	772
260.723809524	773
260.866031746	774
261.429841270	775
261.587301587	776
261.714285714	777
261.851428571	778
262.237460317	779
262.344126984	780
262.430476190	781
262.536417234	782
262.963809524	783
263.090793651	784
263.222857143	785
263.344761905	786
263.502222222	787
263.629206349	788
263.735873016	789
263.857777778	790
263.969523810	791
264.115374150	792
264.274285714	793
264.431746032	794
264.533333333	795
264.716190476	796
264.827936508	797
264.939682540	798
265.112380952	799
265.259682540	800
265.381587302	801
265.508571429	802
265.635555556	803
265.752380952	804
265.955555556	805
266.097777778	806
266.275555556	807
266.387301587	808
266.499047619	809
266.651428571	810
266.798730159	811
266.966349206	812
267.169523810	813
267.387936508	814
267.525079365	815
267.644807256	816
267.804444444	817
267.936507937	818
268.073650794	819
268.215873016	820
268.337777778	821
268.546031746	822
268.698412698	823
268.840634921	824
269.008253968	825
269.155555556	826
269.292698413	827
269.467573696	828
269.587301587	829
269.719365079	830
269.846349206	831
269.998730159	832
270.095238095	833
270.222222222	834
270.379682540	835
270.481269841	836
270.623492063	837
270.755555556	838
270.918095238	839
271.069750567	840
271.309206349	841
271.436190476	842
271.532698413	843
271.695238095	844
271.791746032	845
271.921111111	846
272.081269841	847
272.223492063	848
272.289523810	849
272.436825397	850
272.579047619	851
272.739523810	852
272.883809524	853
272.995555556	854
273.112380952	855
273.249523810	856
273.366349206	857
273.496235828	858
273.635555556	859
273.752380952	860
273.894603175	861
274.062222222	862
274.179047619	863
274.308934240	864
274.463492063	865
274.610793651	866
274.768253968	867
274.930793651	868
275.032380952	869
275.164444444	870
275.281269841	871
275.387936508	872
275.555555556	873
275.677460317	874
275.789206349	875
275.956825397	876
276.058412698	877
276.175238095	878
276.337777778	879
276.480000000	880
276.612063492	881
276.735419501	882
276.876190476	883
277.018412698	884
277.160634921	885
277.328253968	886
277.455238095	887
278.059682540	888
278.176507937	889
278.278095238	890
278.907936508	891
279.055238095	892
279.192380952	893
279.394104308	894
279.847619048	895
280.010158730	896
280.182857143	897
280.350476190	898
280.797460317	899
280.975238095	900
281.137777778	901
281.286530612	902
281.442539683	903
281.569523810	904
281.686349206	905
281.828571429	906
281.970793651	907
282.087619048	908
282.229841270	909
282.377142857	910
282.580317460	911
282.702222222	912
282.824126984	913
282.969977324	914
283.149206349	915
283.301587302	916
283.504761905	917
283.652063492	918
283.804444444	919
284.007619048	920
284.180317460	921
284.332698413	922
284.485079365	923
284.642539683	924
284.794920635	925
284.943673469	926
285.109841270	927
285.267301587	928
285.485714286	929
285.704126984	930
285.897142857	931
286.035011338	932
286.252698413	933
286.435555556	934
286.638730159	935
286.907936508	936
287.090793651	937
287.370158730	938
287.537777778	939
287.705396825	940
287.898412698	941
288.086349206	942
288.228571429	943
288.345396825	944
288.497777778	945
288.629841270	946
288.812698413	947
288.934603175	948
289.076825397	949
289.227755102	950
289.498412698	951
289.635555556	952
289.757460317	953
289.889523810	954
290.052063492	955
290.411972789	956
290.636190476	957
290.737777778	958
290.798730159	959
290.900317460	960
291.037460317	961
291.154285714	962
291.294331066	963
291.433650794	964
291.580952381	965
291.723174603	966
291.845079365	967
292.060589569	968
292.261587302	969
292.393650794	970
292.591746032	971
292.794920635	972
292.952380952	973
293.170793651	974
293.450158730	975
293.617777778	976
293.815873016	977
293.947936508	978
294.100317460	979
294.231655329	980
294.405079365	981
294.537142857	982
294.659047619	983
294.816507937	984
294.938412698	985
295.044353741	986
295.177142857	987
295.309206349	988
295.436190476	989
295.629206349	990
295.746031746	991
295.926712018	992
296.142222222	993
296.269206349	994
296.406349206	995
296.553650794	996
296.670476190	997
296.762630385	998
296.919365079	999
297.092063492	1000
297.183492063	1001
297.340952381	1002
297.447619048	1003
297.544058957	1004
297.732063492	1005
297.869206349	1006
298.011428571	1007
298.224761905	1008
298.422857143	1009
298.643446712	1010
298.880000000	1011
299.042539683	1012
299.184761905	1013
299.372698413	1014
299.525079365	1015
299.653514739	1016
299.779047619	1017
299.900952381	1018
300.017777778	1019
300.170158730	1020
300.286984127	1021
300.403809524	1022
300.535873016	1023
300.662857143	1024
300.866031746	1025
301.429841270	1026
305.806802721	1027
306.526621315	1028
307.954648526	1029
308.651247166	1030
310.195374150	1031
310.868752834	1032
314.270476190	1033
314.999818594	1034
316.354557823	1035
317.065260771	1036
318.531337868	1037
319.262766440	1038
322.525170068	1039
323.221768707	1040
326.600272109	1041
327.285260771	1042
328.701678005	1043
329.444716553	1044
330.907573696	1045
331.616417234	1046
333.090249433	1047
333.868117914	1048
337.397551020	1049
341.797732426	1050
344.212607710	1051
346.488163265	1052
348.624399093	1053
350.693900227	1054
352.908480726	1055
355.033106576	1056
357.587301587	1057
360.083446712	1058
360.538412698	1059
360.942585034	1060
361.269841270	1061
361.592743764	1062
361.935238095	1063
362.347392290	1064
364.007619048	1065
364.866757370	1066
366.376054422	1067
367.061043084	1068
367.466666667	1069
367.836984127	1070
368.177777778	1071
368.489070295	1072
368.812698413	1073
369.174058957	1074
369.564444444	1075
369.873650794	1076
370.179047619	1077
370.478390023	1078
370.859682540	1079
371.252244898	1080
371.469206349	1081
371.621587302	1082
371.728253968	1083
371.824761905	1084
371.926349206	1085
372.018503401	1086
372.124444444	1087
372.246349206	1088
372.363174603	1089
372.469841270	1090
372.561269841	1091
372.668662132	1092
372.789841270	1093
372.886349206	1094
372.998095238	1095
373.094603175	1096
373.170793651	1097
373.273832200	1098
373.389206349	1099
373.485714286	1100
373.577142857	1101
373.699047619	1102
373.795555556	1103
373.892063492	1104
373.998730159	1105
374.120634921	1106
374.237460317	1107
374.328888889	1108
374.435555556	1109
374.527596372	1110
374.669206349	1111
374.765714286	1112
374.887619048	1113
374.979047619	1114
375.075555556	1115
375.234467120	1116
375.400634921	1117
375.522539683	1118
375.624126984	1119
375.740952381	1120
375.842539683	1121
375.954285714	1122
376.060952381	1123
376.147301587	1124
376.238730159	1125
376.350476190	1126
376.452063492	1127
376.558004535	1128
376.680634921	1129
376.787301587	1130
376.899047619	1131
377.010793651	1132
377.112380952	1133
377.231383220	1134
377.371428571	1135
377.478095238	1136
377.594920635	1137
377.701587302	1138
377.793015873	1139
377.881541950	1140
377.980952381	1141
378.102857143	1142
378.209523810	1143
378.290793651	1144
378.392380952	1145
378.508480726	1146
378.651428571	1147
378.768253968	1148
378.854603175	1149
378.976507937	1150
379.093333333	1151
379.518548753	1152
379.784126984	1153
379.890793651	1154
380.007619048	1155
380.119365079	1156
380.215873016	1157
380.312607710	1158
380.424126984	1159
380.500317460	1160
380.601904762	1161
380.693333333	1162
380.789841270	1163
380.923356009	1164
381.028571429	1165
381.109841270	1166
381.211428571	1167
381.307936508	1168
381.384126984	1169
381.457414966	1170
381.546666667	1171
381.643174603	1172
381.770158730	1173
381.876825397	1174
381.978412698	1175
382.087800454	1176
382.196825397	1177
382.293333333	1178
382.400000000	1179
382.526984127	1180
382.628571429	1181
382.734512472	1182
382.841904762	1183
382.948571429	1184
383.029841270	1185
383.111111111	1186
383.202539683	1187
383.315011338	1188
383.441269841	1189
383.547936508	1190
383.644444444	1191
383.740952381	1192
383.822222222	1193
383.918730159	1194
384.010158730	1195
384.126984127	1196
384.228571429	1197
384.335238095	1198
384.426666667	1199
384.534058957	1200
384.640000000	1201
384.736507937	1202
384.833015873	1203
384.929523810	1204
385.046349206	1205
385.149387755	1206
385.234285714	1207
385.325714286	1208
385.427301587	1209
385.539047619	1210
385.630476190	1211
385.732063492	1212
385.864126984	1213
385.950476190	1214
386.082539683	1215
386.184126984	1216
386.285714286	1217
386.391655329	1218
386.504126984	1219
386.605714286	1220
386.692063492	1221
386.788571429	1222
386.910476190	1223
387.030204082	1224
387.139047619	1225
387.235555556	1226
387.342222222	1227
387.484444444	1228
387.596190476	1229
387.715192744	1230
387.829841270	1231
387.921269841	1232
388.012698413	1233
388.119365079	1234
388.231111111	1235
388.342131519	1236
388.439365079	1237
388.556190476	1238
388.647619048	1239
388.749206349	1240
388.891428571	1241
389.012970522	1242
389.114920635	1243
389.216507937	1244
389.318095238	1245
389.399365079	1246
389.541587302	1247
389.677278912	1248
389.810793651	1249
389.922539683	1250
390.034285714	1251
390.125714286	1252
390.217142857	1253
390.339047619	1254
390.435555556	1255
390.537142857	1256
390.648888889	1257
390.740317460	1258
390.831746032	1259
390.958526077	1260
391.080634921	1261
391.202539683	1262
391.304126984	1263
391.405714286	1264
391.522539683	1265
391.650975057	1266
391.761269841	1267
391.857777778	1268
391.954285714	1269
392.045714286	1270
392.147301587	1271
392.254693878	1272
392.365714286	1273
392.482539683	1274
392.599365079	1275
392.706031746	1276
392.797460317	1277
392.904126984	1278
393.026031746	1279
393.147936508	1280
393.244444444	1281
393.320634921	1282
393.427301587	1283
393.555011338	1284
393.681269841	1285
393.782857143	1286
393.894603175	1287
393.996190476	1288
394.092698413	1289
394.205170068	1290
394.306031746	1291
394.407619048	1292
394.514285714	1293
394.620952381	1294
394.722539683	1296
394.798730159	1295
394.959818594	1297
395.621587302	1298
396.083809524	1299
396.225306122	1300
396.835941043	1301
397.432743764	1302
397.881904762	1303
398.064376417	1304
398.675011338	1305
399.261315193	1306
399.690158730	1307
399.824399093	1308
400.462947846	1309
400.756825397	1310
401.055056689	1311
401.361269841	1312
401.647165533	1313
401.991111111	1314
402.343764172	1315
402.539682540	1316
402.686984127	1317
402.834285714	1318
402.947482993	1319
403.108571429	1320
403.250793651	1321
403.398095238	1322
403.584512472	1323
404.120090703	1324
404.271746032	1325
404.403809524	1326
404.546031746	1327
404.700589569	1328
404.820317460	1329
404.942222222	1330
405.059047619	1331
405.327528345	1332
405.954036281	1333
406.085079365	1334
406.232380952	1335
406.369523810	1336
406.558185941	1337
406.704761905	1338
406.836825397	1339
406.968888889	1340
407.173514739	1341
407.730793651	1342
407.847619048	1343
407.974603175	1344
408.101587302	1345
408.241632653	1346
408.370793651	1347
408.507936508	1348
408.619682540	1349
408.845351474	1350
409.908435374	1351
410.747936508	1352
411.051247166	1353
411.654965986	1354
412.546031746	1355
412.804353741	1356
413.431292517	1357
414.425396825	1358
414.963809524	1359
415.263492063	1360
415.420952381	1361
415.517460317	1362
415.706848073	1363
415.893333333	1364
415.979682540	1365
416.076190476	1366
416.229297052	1367
416.421587302	1368
416.507936508	1369
416.614603175	1370
416.891065760	1371
417.147936508	1372
417.239365079	1373
417.356190476	1374
417.518004535	1375
417.696507937	1376
417.787936508	1377
417.853968254	1378
418.023174603	1379
418.184126984	1380
418.295873016	1381
418.402539683	1382
418.679002268	1383
418.971428571	1384
419.159365079	1385
419.230476190	1386
419.433650794	1387
419.626666667	1388
419.723174603	1389
419.779047619	1390
420.030816327	1391
420.261587302	1392
420.464761905	1393
420.710748299	1394
420.921904762	1395
421.191111111	1396
421.442176871	1397
421.663492063	1398
421.836190476	1399
422.034285714	1400
423.283809524	1401
423.648072562	1402
424.216961451	1403
425.107301587	1404
425.424399093	1405
426.120997732	1406
427.215238095	1407
427.301587302	1408
427.408253968	1409
427.819682540	1410
427.900952381	1411
428.017777778	1412
428.317460317	1413
428.419047619	1414
428.561269841	1415
428.967619048	1416
429.064126984	1417
429.165714286	1418
429.577142857	1419
429.638095238	1420
429.744761905	1421
430.151111111	1422
430.227301587	1423
430.313650794	1424
430.775873016	1425
430.862222222	1426
430.994285714	1427
431.431111111	1428
431.522539683	1429
431.669841270	1430
432.081269841	1431
432.152380952	1432
432.309841270	1433
432.833015873	1434
432.985396825	1435
433.173333333	1436
433.473560091	1437
433.762539683	1438
433.869206349	1439
433.970793651	1440
434.166712018	1441
434.529523810	1442
435.128888889	1443
435.342222222	1444
435.548299320	1445
435.743492063	1446
435.916190476	1447
436.128798186	1448
436.337777778	1449
436.535873016	1450
436.755736961	1451
436.977777778	1452
437.150476190	1453
437.324399093	1454
437.516190476	1455
437.704126984	1456
437.881904762	1457
438.085079365	1458
438.247619048	1459
438.520453515	1460
438.704761905	1461
438.831746032	1462
438.948571429	1463
439.042902494	1464
439.166984127	1465
439.258412698	1466
439.380317460	1467
439.507301587	1468
440.006530612	1469
440.147301587	1470
440.284444444	1471
440.380952381	1472
440.482539683	1473
440.609523810	1474
440.706031746	1475
440.827936508	1476
440.923718821	1477
441.457777778	1478
441.605079365	1479
441.732063492	1480
441.838730159	1481
441.933786848	1482
442.062222222	1483
442.173968254	1484
442.270476190	1485
442.398185941	1486
442.504126984	1487
442.610793651	1488
442.712380952	1489
442.839365079	1490
442.981587302	1491
443.103492063	1492
443.230476190	1493
443.317891156	1494
443.443809524	1495
443.570793651	1496
443.687619048	1497
443.802993197	1498
443.936507937	1499
444.053333333	1500
444.200634921	1501
444.337052154	1502
444.439365079	1503
444.540952381	1504
444.652698413	1505
444.813061224	1506
444.947301587	1507
445.074285714	1508
445.201269841	1509
445.358730159	1510
445.475555556	1511
445.592380952	1512
445.699047619	1513
445.823129252	1514
445.942857143	1515
446.059682540	1516
446.156190476	1517
446.344126984	1518
446.471111111	1519
446.587936508	1520
446.699682540	1521
446.809977324	1522
446.938412698	1523
447.050158730	1524
447.212698413	1525
447.320816327	1526
447.451428571	1527
447.578412698	1528
447.690158730	1529
447.827301587	1530
447.954285714	1531
448.071111111	1532
448.182857143	1533
448.307664399	1534
448.416507937	1535
448.533333333	1536
448.665396825	1537
448.817528345	1538
448.954920635	1539
449.076825397	1540
449.188571429	1541
449.340952381	1542
449.462857143	1543
449.579682540	1544
449.716825397	1545
449.856916100	1546
449.991111111	1547
450.123174603	1548
450.275555556	1549
450.478730159	1550
450.620952381	1551
450.747936508	1552
450.874920635	1553
451.024399093	1554
451.144126984	1555
451.271111111	1556
451.408253968	1557
451.558458050	1558
451.692698413	1559
451.850158730	1560
451.972063492	1561
452.150566893	1562
452.317460317	1563
452.485079365	1564
452.606984127	1565
452.719455782	1566
452.866031746	1567
452.998095238	1568
453.130158730	1569
453.265124717	1570
454.100317460	1571
454.310022676	1572
454.820861678	1573
455.285260771	1574
455.797687075	1575
456.306938776	1576
456.817777778	1577
457.907142857	1578
458.466394558	1579
459.546122449	1580
460.109206349	1581
461.264399093	1582
461.833287982	1583
462.959455782	1584
463.539954649	1585
464.678095238	1586
465.327006803	1587
467.127437642	1588
469.089523810	1589
469.241904762	1590
469.358730159	1591
469.485714286	1592
469.597460317	1593
469.699047619	1594
469.786122449	1595
469.907301587	1596
470.049523810	1597
470.151111111	1598
470.278095238	1599
470.389841270	1600
470.482721088	1601
470.598095238	1602
470.699682540	1603
470.806349206	1604
470.887619048	1605
470.963809524	1606
471.051609977	1607
471.141587302	1608
471.238095238	1609
471.329523810	1610
471.436190476	1611
471.542857143	1612
471.655328798	1613
471.776507937	1614
471.878095238	1615
471.994920635	1616
472.116825397	1617
472.218412698	1618
472.317097506	1619
472.406349206	1620
472.502857143	1621
472.589206349	1622
472.711111111	1623
472.787301587	1624
472.873650794	1625
472.965079365	1626
473.071746032	1627
473.183492063	1628
473.280000000	1629
473.417142857	1630
473.570975057	1631
473.650793651	1632
473.747301587	1633
473.828571429	1634
473.940317460	1635
474.016507937	1636
474.107936508	1637
474.184126984	1638
474.280634921	1639
474.366984127	1640
474.478730159	1641
474.560000000	1642
474.662312925	1643
474.768253968	1644
474.844444444	1645
474.925714286	1646
475.022222222	1647
475.118730159	1648
475.242811791	1649
475.342222222	1650
475.464126984	1651
475.530158730	1652
475.601269841	1653
475.682539683	1654
475.800090703	1655
475.906031746	1656
475.997460317	1657
476.195555556	1658
476.373333333	1659
476.540952381	1660
476.752108844	1661
476.921904762	1662
477.099682540	1663
477.206349206	1664
477.338412698	1665
477.414603175	1666
477.483537415	1667
477.587301587	1668
477.719365079	1669
477.826031746	1670
477.953015873	1671
478.044444444	1672
478.180136054	1673
478.273015873	1674
478.369523810	1675
478.455873016	1676
478.577777778	1677
478.648888889	1678
478.759637188	1679
478.836825397	1680
478.933333333	1681
479.014603175	1682
479.131428571	1683
479.238095238	1684
479.375963719	1685
479.461587302	1686
479.558095238	1687
479.654603175	1688
479.761269841	1689
479.913650794	1690
480.107392290	1691
480.218412698	1692
480.309841270	1693
480.421587302	1694
480.528253968	1695
480.680634921	1696
480.772063492	1697
480.888888889	1698
480.980317460	1699
481.076825397	1700
481.183492063	1701
481.325714286	1702
481.554285714	1703
481.645714286	1704
481.716825397	1705
481.808253968	1706
481.899682540	1707
481.975873016	1708
482.046258503	1709
482.168888889	1710
482.270476190	1711
482.351746032	1712
482.448253968	1713
482.544761905	1714
482.661587302	1715
482.758095238	1716
482.864761905	1717
482.951111111	1718
483.037460317	1719
483.128888889	1720
483.245714286	1721
483.367619048	1722
483.474285714	1723
483.580952381	1724
483.702857143	1725
483.824761905	1726
483.996734694	1727
484.088888889	1728
484.220952381	1729
484.317460317	1730
484.434285714	1731
484.525714286	1732
484.635283447	1733
484.744126984	1734
484.855873016	1735
484.962539683	1736
485.064126984	1737
485.175873016	1738
485.355102041	1739
485.485714286	1740
485.622857143	1741
485.744761905	1742
485.876825397	1743
485.998730159	1744
486.120634921	1745
486.237460317	1746
486.405079365	1747
486.521904762	1748
486.684444444	1749
486.816507937	1750
487.003718821	1751
487.126349206	1752
487.288888889	1753
487.400634921	1754
487.507301587	1755
487.624126984	1756
487.769977324	1757
487.862857143	1758
487.974603175	1759
488.071111111	1760
488.187936508	1761
488.304761905	1762
488.466575964	1763
488.589206349	1764
488.700952381	1765
488.797460317	1766
488.888888889	1767
488.995555556	1768
489.116734694	1769
489.224126984	1770
489.366349206	1771
489.473015873	1772
489.600000000	1773
489.706666667	1774
489.848163265	1775
489.960634921	1776
490.087619048	1777
490.219682540	1778
490.372063492	1779
490.499047619	1780
490.637641723	1781
490.778412698	1782
490.930793651	1783
491.062857143	1784
491.225396825	1785
491.398095238	1786
491.566439909	1787
492.274648526	1788
492.981156463	1789
493.623809524	1790
494.306394558	1791
494.979773243	1792
495.653151927	1793
496.396190476	1794
497.162448980	1795
497.963537415	1796
498.671746032	1797
499.403174603	1798
500.250702948	1799
501.051791383	1800
501.876099773	1801
502.593015873	1802
503.791746032	1803
504.208253968	1804
504.579047619	1805
504.848253968	1806
505.295238095	1807
505.630476190	1808
505.904761905	1809
506.184126984	1810
506.529523810	1811
506.661587302	1812
507.123809524	1813
507.489523810	1814
507.845079365	1815
508.191927438	1816
508.617142857	1817
508.952380952	1818
509.225215420	1819
509.521269841	1820
509.958095238	1821
510.479092971	1822
510.760634921	1823
511.116190476	1824
511.449591837	1825
511.720634921	1826
512.010158730	1827
512.334716553	1828
512.679183673	1829
513.039092971	1830
513.445442177	1831
513.898231293	1832
514.188480726	1833
514.497460317	1834
514.803809524	1835
515.065034014	1836
515.411814059	1837
515.720997732	1838
516.086712018	1839
516.620770975	1840
517.021315193	1841
517.334784580	1842
517.596009070	1843
517.892063492	1844
518.170702948	1845
518.431927438	1846
518.745396825	1847
518.977596372	1848
519.337505669	1849
519.639365079	1850
519.952834467	1851
520.266303855	1852
520.533333333	1853
520.817777778	1854
521.102222222	1855
521.346031746	1856
521.543401361	1857
521.729160998	1858
522.065850340	1859
522.483809524	1860
522.617324263	1861
522.768253968	1862
523.029478458	1863
523.313922902	1864
523.488072562	1865
523.598367347	1866
523.880793651	1867
524.207891156	1868
524.341405896	1869
524.503945578	1870
524.795056689	1871
525.142494331	1872
525.281814059	1873
525.519818594	1874
525.769433107	1875
526.152562358	1876
526.344126984	1877
526.599546485	1878
526.907210884	1879
527.180045351	1880
527.499319728	1881
527.830204082	1882
528.044988662	1883
528.497777778	1884
528.671927438	1885
529.037641723	1886
529.531065760	1887
531.051972789	1888
532.561269841	1889
533.559727891	1890
535.185124717	1891
536.102312925	1892
537.704489796	1893
538.691337868	1894
539.654965986	1895
540.456054422	1896
541.454512472	1897
542.522630385	1898
544.008707483	1899
544.571791383	1900
544.635646259	1901
545.726984127	1902
546.870566893	1903
546.980861678	1904
548.379863946	1905
548.780408163	1906
549.929795918	1907
551.218503401	1908