0.394739229	0	1.1
1.612063492	49.2884	1.2
2.669387755	56.747	2.1
3.577210884	66.0922	2.2
4.628571428	57.0689	3.1
5.620158730	60.509	3.2
6.631904761	59.3034	4.1
7.616326530	60.9495	4.2
8.595918367	61.25	5.1
9.657142857	56.5385	5.2
10.640340136	61.0254	6.1
11.600000000	62.5222	6.2
12.538231292	63.9501	7.1
13.485714285	63.3257	7.2
14.538027210	57.0173	8.1
15.481972789	63.563	8.2
16.375510204	67.1488	9.1
17.420408163	57.4219	9.2
18.359183673	63.913	10.1
19.338775510	61.25	10.2
20.293628117	62.8369	11.1
21.200000000	66.198	11.2
22.204081632	59.7561	12.1
23.151020408	63.3621	12.2
24.121814058	61.8051	13.1
25.110204081	60.7048	13.2
26.089795918	61.25	14.1
27.069387755	61.25	14.2
28.005306122	64.1082	15.1
28.922448979	65.4206	15.2
29.885714285	62.2881	16.1
30.914285714	58.3333	16.2
31.844897959	64.4737	17.1
32.826666666	61.1142	17.2
33.755102040	64.6249	18.1
34.693877551	63.913	18.2
35.666575963	61.6841	19.1
36.587755102	65.1339	19.2
37.559183673	61.7647	20.1
38.628571428	56.1069	20.2
39.567346938	63.913	21.1
40.481133786	65.6608	21.2
41.395918367	65.5892	22.1
42.351473922	62.7907	22.2
43.216326530	69.376	23.1
44.163265306	63.3621	23.2
45.093945578	64.469	24.1
46.040816326	63.3666	24.2
46.955102040	65.625	25.1
48.187755102	48.6755	25.2
49.636961451	41.402	26.1
50.599795918	62.316	26.2
51.730612244	53.059	27.1
52.774693877	57.4668	27.2
53.812244897	57.8285	28.1
54.791836734	61.25	28.2
55.769047619	61.3992	29.1
56.906122448	52.767	29.2
57.902040816	60.2459	30.1
58.897959183	60.2459	30.2
60.024489795	53.2609	31.1
61.179387755	51.9526	31.2
62.114285714	64.1781	32.1
63.044897959	64.4737	32.2
63.968707482	64.9485	33.1
64.922448979	62.9101	33.2
65.853061224	64.4737	34.1
66.783673469	64.4737	34.2
68.081972789	46.2143	35.1
69.216326530	52.8936	35.2
70.163265306	63.3621	36.1
71.126530612	62.2881	36.2
72.032539682	66.2245	37.1
72.938775510	66.2079	37.2
73.902040816	62.2881	38.1
74.824489795	65.0443	38.2
75.771428571	63.3621	39.1
76.718367346	63.3621	39.2
77.689795918	61.7647	40.1
78.669387755	61.25	40.2
79.657142857	60.7438	41.1
80.644897959	60.7438	41.2
81.575510204	64.4737	42.1
82.661224489	55.2632	42.2
83.714285714	56.9767	43.1
84.726530612	59.2742	43.2
85.689795918	62.2881	44.1
86.726530612	57.874	44.2
87.696371882	61.8658	45.1
88.571428571	68.567	45.2
89.538798185	62.0239	46.1
90.408163265	69.0159	46.2
91.363265306	62.8205	47.1
92.237868480	68.6025	47.2
93.172653061	64.1859	48.1
94.081632653	66.0081	48.2
94.987755102	66.2162	49.1
95.906190476	65.3285	49.2
96.914285714	59.5182	50.1
98.081632653	51.3986	50.2
98.987755102	66.2162	51.1
100.057142857	56.1069	51.2
101.167346938	54.0441	52.1
102.416326530	48.0392	52.2
103.951020408	39.0957	53.1
105.077551020	53.2609	53.2
106.269387755	50.3425	54.1
107.493877551	49	54.2
108.367346938	68.6916	55.1
109.600000000	48.6755	55.2
110.677551020	55.6818	56.1
111.763265306	55.2632	56.2
112.881632653	53.6496	57.1
114.220408163	44.8171	57.2
115.541564625	45.4148	58.1
116.922448979	43.4504	58.2
118.448979591	39.3048	59.1
119.673469387	49	59.2
120.803560090	53.0931	60.1
121.853061224	57.17	60.2
122.933537414	55.5311	61.1
124.326530612	43.0727	61.2
125.395918367	56.1069	62.1
126.459614512	56.4071	62.2
127.542857142	55.3893	63.1
128.685714285	52.5	63.2
129.763265306	55.6818	64.1
130.751020408	60.7438	64.2
131.820408163	56.1069	65.1
132.982312925	51.6393	65.2
134.114285714	53.0048	66.1
135.281632653	51.3986	66.2
136.424489795	52.5	67.1
137.567210884	52.5063	67.2
138.661224489	54.8439	68.1
139.795918367	52.8777	68.2
141.053061224	47.7273	69.1
142.538775510	40.3846	69.2
143.853061224	45.6522	70.1
144.920476190	56.2106	70.2
145.942970521	58.68	71.1
147.041405895	54.6231	71.2
148.285714285	48.2196	72.1
149.284467120	60.0749	72.2
150.289070294	59.7251	73.1
151.314285714	58.5243	73.2
152.326530612	59.2742	74.1
153.591836734	47.4194	74.2
154.906122448	45.6522	75.1
156.530612244	36.9347	75.2
158.132267573	37.4612	76.1
159.175510204	57.513	76.2
160.106122448	64.4737	77.1
161.093877551	60.7438	77.2
162.046825396	62.9625	78.1
163.020408163	61.628	78.2
163.926530612	66.2162	79.1
164.836870748	65.9094	79.2
165.769206349	64.3545	80.1
166.702040816	64.3201	80.2
167.581723356	68.2064	81.1
168.497959183	65.4853	81.2
169.371428571	68.6916	82.1
170.328798185	62.6717	82.2
171.208163265	68.231	83.1
172.122448979	65.625	83.2
172.997709750	68.551	84.1
173.934693877	64.0352	84.2
174.865306122	64.4737	85.1
175.771428571	66.2162	85.2
176.708594104	64.0228	86.1
177.620997732	65.7604	86.2
178.506122448	67.7871	87.1
179.429863945	64.9532	87.2
180.342857142	65.7179	88.1
181.244376417	66.5543	88.2
182.106122448	69.6261	89.1
182.979591836	68.6916	89.2
183.893877551	65.625	90.1
184.817959183	64.9293	90.2
185.934693877	53.7281	91.1
187.052131519	53.6943	91.2
187.991564625	63.8683	92.1
188.922448979	64.4548	92.2
189.828571428	66.2162	93.1
190.717641723	67.4862	93.2
191.633537414	65.5096	94.1
192.538775510	66.2809	94.2
193.673469387	52.8777	95.1
195.142857142	40.8333	95.2
196.261224489	53.6496	96.1
197.379591836	53.6496	96.2
198.487369614	54.1625	97.1
199.608163265	53.5335	97.2
200.677551020	56.1069	98.1
201.706122448	58.3333	98.2
202.808163265	54.4444	99.1
203.877551020	56.1069	99.2
204.834943310	62.6702	100.1
205.782335600	63.3317	100.2
206.808163265	58.4894	101.1
207.836734693	58.3333	101.2
208.808163265	61.7647	102.1
209.722448979	65.625	102.2
210.635623582	65.7048	103.1
211.575510204	63.8375	103.2
212.538775510	62.2881	104.1
213.420408163	68.0556	104.2
214.506122448	55.2632	105.1
215.746938775	48.3553	105.2
216.934671201	50.5164	106.1
218.122448979	50.5145	106.2
219.281632653	51.7606	107.1
220.406122448	53.3575	107.2
221.624489795	49.2462	108.1
222.808163265	50.6897	108.2
223.905850340	54.6604	109.1
224.979591836	55.8794	109.2
226.040816326	56.5385	110.1
227.232653061	50.3425	110.2
228.579591836	44.5455	111.1
229.836734693	47.7273	111.2
230.995918367	51.7606	112.1
232.106984126	54.0022	112.2
233.289795918	50.7266	113.1
234.375510204	55.2632	113.2
235.526530612	52.1277	114.1
236.718367346	50.3425	114.2
238.432653061	35	115.1
239.877551020	41.5254	115.2
240.946938775	56.1069	116.1
241.991836734	57.4219	116.2
243.028231292	57.893	117.1
243.994421768	62.0996	117.2
244.983514739	60.6616	118.1
245.942857142	62.5428	118.2
246.963265306	58.8	119.1
248.269387755	45.9375	119.2
249.265306122	60.2459	120.1
250.340725623	55.7922	120.2
251.354353741	59.1933	121.1
252.373424036	58.8772	121.2
253.330612244	62.6836	122.1
254.293877551	62.2881	122.2
255.428571428	52.8777	123.1
256.897959183	40.8333	123.2
257.877551020	61.25	124.1
258.897959183	58.8	124.2
259.945464852	57.2789	125.1
261.110204081	51.5137	125.2
262.106122448	60.2459	126.1
263.224489795	53.6496	126.2
264.318367346	54.8507	127.1
265.649387755	45.0782	127.2
266.706485260	56.7592	128.1
267.960000000	47.8654	128.2
269.134693877	51.0771	129.1
270.497959183	44.012	129.2
271.527959183	58.2524	130.1
272.685714285	51.8244	130.2
273.942857142	47.7273	131.1
275.471360544	39.2541	131.2
277.267437641	33.4061	132.1
278.514285714	48.1213	132.2
279.534693877	58.8	133.1
280.587755102	56.9767	133.2
281.551020408	62.2881	134.1
282.538775510	60.7438	134.2
283.567346938	58.3333	135.1
284.538775510	61.7647	135.2
285.485714285	63.3621	136.1
286.530612244	57.4219	136.2
287.436734693	66.2162	137.1
288.455873015	58.8733	137.2
289.387755102	64.3858	138.1
290.377369614	60.6297	138.2
291.346938775	61.8832	139.1
292.342857142	60.2459	139.2
293.322448979	61.25	140.1
294.318367346	60.2459	140.2
295.322448979	59.7561	141.1
296.293877551	61.7647	141.2
297.281632653	60.7438	142.1
298.261224489	61.25	142.2
299.208163265	63.3621	143.1
300.195918367	60.7438	143.2
301.134693877	63.913	144.1
302.130612244	60.2459	144.2
303.061224489	64.4737	145.1
304.047891156	60.8108	145.2
304.979591836	64.3984	146.1
305.942857142	62.2881	146.2
306.936190476	60.4027	147.1
307.997687074	56.524	147.2
308.930612244	64.3138	148.1
309.861224489	64.4737	148.2
310.791836734	64.4737	149.1
311.787755102	60.2459	149.2
312.697981859	65.9176	150.1
313.648979591	63.0916	150.2
314.612244897	62.2881	151.1
315.583673469	61.7647	151.2
316.595918367	59.2742	152.1
317.869387755	47.1154	152.2
319.551020408	35.6796	153.1
320.546938775	60.2459	153.2
321.771428571	49	154.1
322.751020408	61.25	154.2
323.771428571	58.8	155.1
324.808163265	57.874	155.2
325.853061224	57.4219	156.1
327.036734693	50.6897	156.2
328.024489795	60.7438	157.1
329.069387755	57.4219	157.2
330.220408163	52.1277	158.1
331.405850340	50.614	158.2
332.359183673	62.9371	159.1
333.314285714	62.8205	159.2
334.269387755	62.8205	160.1
335.214603174	63.4776	160.2
336.164535147	63.1624	161.1
337.093877551	64.5618	161.2
338.301065759	49.7023	162.1
339.436734693	52.8323	162.2
340.396417233	62.5207	163.1
341.350158730	62.9101	163.2
342.274852607	64.8863	164.1
343.200000000	64.8545	164.2
344.179591836	61.25	165.1
345.126530612	63.3621	165.2
346.073469387	63.3621	166.1
347.053061224	61.25	166.2
348.024489795	61.7647	167.1
349.004081632	61.25	167.2
350.016326530	59.2742	168.1
351.016734693	59.9755	168.2
352.024489795	59.5383	169.1
353.306122448	46.8153	169.2
354.587755102	46.8153	170.1
355.665306122	55.6818	170.2
356.906122448	48.3553	171.1
357.942857142	57.874	171.2
359.006235827	56.4239	172.1
360.048979591	57.5405	172.2
361.224489795	51.0417	173.1
362.349909297	53.3135	173.2
363.591836734	48.312	174.1
364.888752834	46.2636	174.2
366.857142857	30.4818	175.1
367.804081632	63.3621	175.2
368.661224489	70	176.1
369.477551020	73.5	176.2
370.261224489	76.5625	177.1
371.061224489	75	177.2
371.910204081	70.6731	178.1
372.707528344	75.2517	178.2
373.559183673	70.451	179.1
374.383673469	72.7723	179.2
375.208163265	72.7723	180.1
376.016326530	74.2424	180.2
376.816326530	75	181.1
377.681632653	69.3396	181.2
378.522448979	71.3592	182.1
379.421995464	66.7003	182.2
380.331791383	65.9489	183.1
381.232653061	66.6029	183.2
382.212244897	61.25	184.1
383.036734693	72.7723	184.2
384.014036281	61.3935	185.1
384.816326530	74.7859	185.2
385.642653061	72.6105	186.1
386.546938775	66.3507	186.2
387.502040816	62.8205	187.1
388.440816326	63.913	187.2
389.505170068	56.3722	188.1
390.587755102	55.4229	188.2
391.885714285	46.2264	189.1
392.881632653	60.2459	189.2
393.787755102	66.2162	190.1
394.653061224	69.3396	190.2
395.469387755	73.5	191.1
396.326530612	70	191.2
397.175510204	70.6731	192.1
397.994807256	73.2335	192.2
398.829523809	71.8807	193.1
399.706122448	68.4464	193.2
400.546938775	71.3592	194.1
401.387755102	71.3592	194.2
402.212244897	72.7723	195.1
403.077551020	69.3396	195.2
403.918367346	71.3592	196.1
404.713424036	75.4663	196.2
405.510204081	75.3031	197.1
406.443333333	64.2998	197.2
407.526530612	55.3916	198.1
