1.528333333	1.21333	1
2.741666667	1.14333	2
3.885000000	1.23433	3
5.119333333	1.12467	4
6.244000000	1.19933	5
7.443333333	1.127	6
8.570333333	1.13167	7
9.702000000	1.092	8
10.794000000	1.155	9
11.949000000	1.176	10
13.125000000	1.127	11
14.252000000	1.16785	12
15.419854167	1.23548	13
16.655333333	1.176	14
17.831333333	1.19933	15
19.030666667	1.05467	16
20.085333333	1.106	17
21.191333333	1.05	18
22.241333333	1.12233	19
23.363666667	1.064	20
24.427666667	1.08733	21
25.515000000	1.092	22
26.607000000	1.15733	23
27.764333333	1.13167	24
28.896000000	1.127	25
30.023000000	1.14333	26
31.166333333	1.16667	27
32.333000000	1.27633	28
33.609333333	1.17133	29
34.780666667	1.11067	30
35.891333333	1.17325	31
37.064583333	1.11342	32
38.178000000	1.155	33
39.333000000	1.09433	34
40.427333333	1.19233	35
41.619666667	1.057	36
42.676666667	1.26	37
43.936666667	1.064	38
45.000666667	1.16433	39
46.165000000	1.01967	40
47.184666667	1.134	41
48.318666667	1.03833	42
49.357000000	1.10833	43
50.465333333	1.07567	44
51.541000000	1.155	45
52.696000000	1.05354	46
53.749541667	1.07913	47
54.828666667	1.0156	48
55.844270833	1.06806	49
56.912333333	1.001	50
57.913333333	1.07333	51
58.986666667	1.001	52
59.987666667	1.04767	53
61.035333333	1.00333	54
62.038666667	1.092	55
63.130666667	1.01267	56
64.143333333	1.04533	57
65.188666667	1.04767	58
66.236333333	1.15638	59
67.392708333	1.06496	60
68.457666667	1.13633	61
69.594000000	1.057	62
70.651000000	1.11767	63
71.768666667	1.05933	64
72.828000000	1.07333	65
73.901333333	1.03367	66
74.935000000	1.11767	67
76.052666667	1.113	68
77.165666667	1.092	69
78.257666667	1.1766	70
79.434270833	1.07973	71
80.514000000	1.204	72
81.718000000	1.18533	73
82.903333333	1.18767	74
84.091000000	1.28567	75
85.376666667	1.56567	76
86.942333333	1.60067	77
88.543000000	1.79433	78
90.337333333	1.37667	79
91.714000000	1.365	80
93.079000000	1.34167	81
94.420666667	1.44296	82
95.863625000	1.35238	83
97.216000000	1.43733	84
98.653333333	1.45508	85
100.108416667	1.39431	86
101.502729167	1.47194	87
102.974666667	1.52833	88
104.503000000	1.63333	89
106.136333333	1.393	79
107.529333333	1.36967	80
108.899000000	1.34633	81
110.245333333	1.449	82
111.694333333	1.358	83
113.052333333	1.49333	84
114.545666667	1.47294	85
116.018604167	1.3504	86
117.369000000	1.512	87
118.881000000	1.632	88
120.513000000	1.70467	89
122.217666667	1.407	90
123.624666667	1.39767	91
125.022333333	1.34167	92
126.364000000	1.47933	93
127.843333333	1.38833	94
129.231666667	1.44667	95
130.678333333	1.41633	96
132.094666667	1.386	97
133.480666667	1.49333	98
134.974000000	1.533	99
136.507000000	1.4	100
137.907000000	1.47	101
139.377000000	1.36733	102
140.744333333	1.449	103
142.193333333	1.47467	104
143.668000000	1.463	105
145.131000000	1.421	106
146.552000000	1.55808	107
148.110083333	1.66892	108
149.779000000	1.421	90
151.200000000	1.42333	91
152.623333333	1.35567	92
153.979000000	1.477	93
155.456000000	1.38367	94
156.839666667	1.40467	95
158.244333333	1.41633	96
159.660666667	1.393	97
161.053666667	1.477	98
162.530666667	1.61233	99
164.143000000	1.372	100
165.515000000	1.44667	101
166.961666667	1.351	102
168.312666667	1.46767	103
169.780333333	1.442	104
171.222333333	1.45133	105
172.673666667	1.42567	106
174.099333333	1.52133	107
175.620666667	1.47933	108
177.100000000	1.47233	109
178.572333333	1.54467	110
180.117000000	1.61283	111
181.729833333	1.70283	112
183.432666667	1.66133	113
185.094000000	1.82933	114
186.923333333	1.95533	115
188.878666667	1.24833	1
190.127000000	1.12933	2
191.256333333	1.19233	3
192.448666667	1.11533	4
193.564000000	1.16667	5
194.730666667	1.10833	6
195.839000000	1.10367	7
196.942666667	1.11067	8
198.053333333	1.11767	9
199.171000000	1.17133	10
200.342333333	1.14333	11
201.485666667	1.23433	12
202.720000000	1.26233	13
203.982333333	1.393	14
205.375333333	1.197	15
206.572333333	1.09667	16
207.669000000	1.12	17
208.789000000	1.05	18
209.839000000	1.11767	19
210.956666667	1.04533	20
212.002000000	1.08733	21
213.089333333	1.10833	22
214.197666667	1.12233	23
215.320000000	1.12933	24
216.449333333	1.113	25
217.562333333	1.15733	26
218.719666667	1.15733	27
219.877000000	1.22267	28
221.099666667	1.183	29
222.282666667	1.127	30
223.409666667	1.18871	31
224.598375000	1.13296	32
225.731333333	1.15267	33
226.884000000	1.106	34
227.990000000	1.19467	35
229.184666667	1.06167	36
230.246333333	1.24367	37
231.490000000	1.08033	38
232.570333333	1.12233	39
233.692666667	1.08267	40
234.775333333	1.10367	41
235.879000000	1.07567	42
236.954666667	1.12633	43
238.081000000	1.07167	44
239.152666667	1.15267	45
240.305333333	1.05	46
241.355333333	1.08033	47
242.435666667	1.036	48
243.471666667	1.05933	49
244.531000000	1.03367	50
245.564666667	1.08267	51
246.647333333	0.998667	52
247.646000000	1.07794	53
248.723937500	1.0314	54
249.755333333	1.05	55
250.805333333	1.03833	56
251.843666667	1.05933	57
252.903000000	1.06633	58
253.969333333	1.15967	59
255.129000000	1.085	60
256.214000000	1.14567	61
257.359666667	1.06396	62
258.423625000	1.08271	63
259.506333333	1.057	64
260.563333333	1.07333	65
261.636666667	1.06867	66
262.705333333	1.06277	67
263.768104167	1.14223	68
264.910333333	1.08967	69
266.000000000	1.253	70
267.253000000	1.13167	71
268.384666667	1.27167	72
269.656333333	1.29967	73
270.956000000	1.26233	74
272.218333333	1.55633	75
273.774666667	0	76