3.114666667	1.25867	1
4.373333333	1.29067	2
5.664000000	1.232	3
6.896000000	1.25333	4
8.149333333	1.19467	5
9.344000000	1.38667	6
10.730666667	1.41867	7
12.149333333	1.376	8
13.525333333	1.20533	9
14.730666667	1.344	10
16.074666667	1.30133	11
17.376000000	1.61067	12
18.986666667	1.51467	13
20.501333333	1.64267	14
22.144000000	1.44	15
23.584000000	1.52533	16
25.109333333	1.344	17
26.453333333	1.248	18
27.701333333	1.29067	19
28.992000000	1.20945	20
30.201447917	1.23322	21
31.434666667	1.25867	22
32.693333333	1.17333	23
33.866666667	1.28	24
35.146666667	1.184	25
36.330666667	1.25867	26
37.589333333	1.17333	27
38.762666667	1.216	28
39.978666667	1.184	29
41.162666667	1.248	30
42.410666667	1.29067	31
43.701333333	1.71733	32
45.418666667	8.91733	33
54.336000000	1.12	34
55.456000000	0.778667	35
56.234666667	0.362667	36
56.597333333	0.608	37
57.205333333	0.522667	38
57.728000000	0.522667	39
58.250666667	0.522667	40
58.773333333	0.352	41
59.125333333	0.149333	42
59.274666667	0.138667	43
59.413333333	0.245333	44
59.658666667	0.298667	45
59.957333333	0.725333	46
60.682666667	0.416	47
61.098666667	1.17687	48
62.275541667	1.54313	49
63.818666667	0.298667	50
64.117333333	0.224	51
64.341333333	0.234667	52
64.576000000	0.608	53
65.184000000	0.266667	54
65.450666667	0.352	55
65.802666667	1.1343	56
66.936968750	1.11636	57
68.053333333	0.341333	58
68.394666667	0.288	59
68.682666667	0.213333	60
68.896000000	0.243229	61
69.139229167	0.501063	62
69.640291667	0.258375	63
69.898666667	0.298667	64
70.197333333	1.01017	65
71.207500000	0.483167	66
71.690666667	0.586667	67
72.277333333	0.256	68
72.533333333	0.261906	69
72.795239583	0.239427	70
73.034666667	0.272865	71
73.307531250	0.249802	72
73.557333333	0.257792	73
73.815125000	0.645906	74
74.461031250	0.269635	75
74.730666667	0.276042	76
75.006708333	0.246625	77
75.253333333	0.238781	78
75.492114583	0.241219	79
75.733333333	0.23375	80
75.967083333	0.224917	81
76.192000000	0.241979	82
76.433979167	0.238021	83
76.672000000	0.234667	84
76.906666667	0.266667	85
77.173333333	0.234667	86
77.408000000	0.234667	87
77.642666667	0.234667	88
77.877333333	0.288	89
78.165333333	0.309333	90
78.474666667	1.16267	91
79.637333333	2.528	92
82.165333333	0.821333	93
82.986666667	0.810667	94
83.797333333	0.181333	95
83.978666667	0.192	96
84.170666667	0.192	97
84.362666667	0.192	98
84.554666667	0.149333	99
84.704000000	0.170667	100
84.874666667	0.181333	101
85.056000000	0.170667	102
85.226666667	0.142625	103
85.369291667	0.198708	104
85.568000000	0.202667	105
85.770666667	0.192	106
85.962666667	0.181333	107
86.144000000	0.181333	108
86.325333333	0.181333	109
86.506666667	0.16	110
86.666666667	0.181333	111
86.848000000	0.170667	112
87.018666667	0.16	113
87.178666667	0.170667	114
87.349333333	0.144729	115
87.494062500	0.185937	116
87.680000000	0.170667	117
87.850666667	0.224	118
88.074666667	0.16	119
88.234666667	0.149333	120
88.384000000	0.181333	121
88.565333333	0.170667	122
88.736000000	0.149333	123
88.885333333	0.224	124
89.109333333	0.138667	125
89.248000000	0.149333	126
89.397333333	0.192	127
89.589333333	0.202667	128
89.792000000	0.181333	129
89.973333333	0.205187	130
90.178520833	0.168146	131
90.346666667	0.192	132
90.538666667	0.189333	133
90.728000000	0.208	134
90.936000000	0.2	135
91.136000000	0.192	136
91.328000000	0.2	137
91.528000000	0.194667	138
91.722666667	0.202667	139
91.925333333	0.186667	140
92.112000000	0.216	141
92.328000000	0.205333	142
92.533333333	0.181333	143
92.714666667	0.213333	144
92.928000000	0.192	145
93.120000000	0.202667	146
93.322666667	0.170667	147
93.493333333	0.181333	148
93.674666667	0.181333	149
93.856000000	0.181333	150
94.037333333	0.16	151
94.197333333	0.202667	152
94.400000000	0.170667	153
94.570666667	0.213333	154
94.784000000	0.149333	155
94.933333333	0.202667	156
95.136000000	0.181333	157
95.317333333	0.202667	158
95.520000000	0.181333	159
95.701333333	0.170667	160
95.872000000	0.16	161
96.032000000	0.149333	162
96.181333333	0.181333	163
96.362666667	0.170667	164
96.533333333	0.170667	165
96.704000000	0.236802	166
96.940802083	0.157865	167
97.098666667	0.170667	168
97.269333333	0.181333	169
97.450666667	0.16	170
97.610666667	0.192	171
97.802666667	0.224	172
98.026666667	0.170667	173
98.197333333	0.181333	174
98.378666667	0.192	175
98.570666667	0.213333	176
98.784000000	0.214667	177
98.998666667	0.326667	178
99.325333333	0.266	179
99.591333333	0.206	180
99.797333333	0.186	181
99.983333333	0.191333	182
100.174666667	0.224	183
100.398666667	0.252	184
100.650666667	0.213333	185
100.864000000	0.213333	186
101.077333333	0.202667	187
101.280000000	0.192	188
101.472000000	0.224	189
101.696000000	0.32	190
102.016000000	0.181333	191
102.197333333	0.234667	192
102.432000000	0.234667	193
102.666666667	0.181333	194
102.848000000	0.181333	195
103.029333333	0.170667	196
103.200000000	0.181333	197
103.381333333	0.192	198
103.573333333	0.170667	199
103.744000000	0.213333	200
103.957333333	0.186667	201
104.144000000	0.176	202
104.320000000	0.181333	203
104.501333333	0.170667	204
104.672000000	0.181333	205
104.853333333	0.170667	206
105.024000000	0.149333	207
105.173333333	0.181333	208
105.354666667	0.170667	209
105.525333333	0.170667	210
105.696000000	0.170667	211
105.866666667	0.170667	212
106.037333333	0.170667	213
106.208000000	0.176771	214
106.384770833	0.175229	215
106.560000000	0.16	216
106.720000000	0.149333	217
106.869333333	0.202667	218
107.072000000	0.149333	219
107.221333333	0.16	220
107.381333333	0.170667	221
107.552000000	0.128	222
107.680000000	0.170667	223
107.850666667	0.181333	224
108.032000000	0.149333	225
108.181333333	0.213333	226
108.394666667	0.197333	227
108.592000000	0.176	228
108.768000000	0.149333	229
108.917333333	0.16	230
109.077333333	0.16	231
109.237333333	0.177333	232
109.414666667	0.185333	233
109.600000000	0.16	234
109.760000000	0.170667	235
109.930666667	0.170667	236
110.101333333	0.181333	237
110.282666667	0.213333	238
110.496000000	0.181333	239
110.677333333	0.202667	240
110.880000000	0.192	241
111.072000000	0.170667	242
111.242666667	0.170667	243
111.413333333	0.149333	244
111.562666667	0.165333	245
111.728000000	0.138667	246
111.866666667	0.176	247
112.042666667	0.170667	248
112.213333333	0.192	249
112.405333333	0.181333	250
112.586666667	0.181333	251
112.768000000	0.128	252
112.896000000	0.170667	253
113.066666667	0.149333	254
113.216000000	0.170667	255
113.386666667	0.181333	256
113.568000000	0.16	257
113.728000000	0.149333	258
113.877333333	0.153365	259
114.030697917	0.145302	260
114.176000000	0.16	261
114.336000000	0.196073	262
114.532072917	0.17726	263
114.709333333	0.170667	264
114.880000000	0.138667	265
115.018666667	0.144	266
115.162666667	0.144	267
115.306666667	0.16	268
115.466666667	0.165333	269
115.632000000	0.176	270
115.808000000	0.192	271
116.000000000	0.149333	272
116.149333333	0.128	273
116.277333333	0.213333	274
116.490666667	0.16	275
116.650666667	0.181333	276
116.832000000	0.149333	277
116.981333333	0.138667	278
117.120000000	0.149333	279
117.269333333	0.165333	280
117.434666667	0.154667	281
117.589333333	0.181333	282
117.770666667	0.202667	283
117.973333333	0.16	284
118.133333333	0.202667	285
118.336000000	0.185448	286
118.521447917	0.177219	287
118.698666667	0.213333	288
118.912000000	0.138667	289
119.050666667	0.170667	290
119.221333333	0.149333	291
119.370666667	0.142937	292
119.513604167	0.155729	293
119.669333333	0.149333	294
119.818666667	0.117333	295
119.936000000	0.170667	296
120.106666667	0.181333	297
120.288000000	0.149333	298
120.437333333	0.170667	299
120.608000000	0.16	300
120.768000000	0.149333	301
120.917333333	0.16	302
121.077333333	0.128	303
121.205333333	0.138667	304
121.344000000	0.138667	305
121.482666667	0.128	306
121.610666667	0.149333	307
121.760000000	0.181333	308
121.941333333	0.149333	309
122.090666667	0.149333	310
122.240000000	0.170667	311
122.410666667	0.149333	312
122.560000000	0.16	313
122.720000000	0.128	314
122.848000000	0.16	315
123.008000000	0.149333	316
123.157333333	0.128	317
123.285333333	0.128	318
123.413333333	0.149333	319
123.562666667	0.16	320
123.722666667	0.16	321
123.882666667	0.138667	322
124.021333333	0.170667	323
124.192000000	0.16	324
124.352000000	0.138667	325
124.490666667	0.138667	326
124.629333333	0.149333	327
124.778666667	0.16	328
124.938666667	0.138667	329
125.077333333	0.138667	330
125.216000000	0.149167	331
125.365166667	0.128167	332
125.493333333	0.16	333
125.653333333	0.267333	334
125.920666667	0.394	335
126.314666667	0.256	336
126.570666667	0.288	337
126.858666667	0.256	338
127.114666667	0.896	339
128.010666667	0.32	340
128.330666667	0.266667	341
128.597333333	0.234667	342
128.832000000	0.202667	343
129.034666667	0.256	344
129.290666667	0.219771	345
129.510437500	0.238896	346
129.749333333	0.202667	347
129.952000000	0.266667	348
130.218666667	0.239521	349
130.458187500	0.187146	350
130.645333333	0.250229	351
130.895562500	0.272438	352
131.168000000	0.245333	353
131.413333333	0.234667	354
131.648000000	0.31124	355
131.959239583	0.58476	356
132.544000000	0.565333	357
133.109333333	0.736	358
133.845333333	1.264	359
135.109333333	0.314667	360
135.424000000	0.874667	361
136.298666667	0.230406	362
136.529072917	0.249594	363
136.778666667	0.272167	364
137.050833333	0.719833	365
137.770666667	0.234667	366
138.005333333	0.245333	367
138.250666667	0.209219	368
138.459885417	0.249448	369
138.709333333	0.234667	370
138.944000000	0.213333	371
139.157333333	0.234667	372
139.392000000	0.8	373
140.192000000	0.330667	374
140.522666667	0.672	375
141.194666667	0.298667	376
141.493333333	0.96	377
142.453333333	0.368	378
142.821333333	0.549333	379
143.370666667	0.32	380
143.690666667	0.245333	381
143.936000000	0.256	382
144.192000000	0.309333	383
144.501333333	0.544	384
145.045333333	0.298667	385
145.344000000	0.32	386
145.664000000	0.224	387
145.888000000	0.288	388
146.176000000	0.256	389
146.432000000	0.234667	390
146.666666667	0.436	391
147.102666667	0.278667	392
147.381333333	0.256	393
147.637333333	0.256	394
147.893333333	0.266667	395
148.160000000	0.288	396
148.448000000	0.234667	397
148.682666667	0.266667	398
148.949333333	0.245333	399
149.194666667	0.266667	400
149.461333333	0.245333	401
149.706666667	0.251875	402
149.958541667	0.270792	403
150.229333333	0.32	404
150.549333333	0.277333	405
150.826666667	0.289865	406
151.116531250	0.328802	407
151.445333333	0.416	408
151.861333333	1.056	409
152.917333333	1.216	410
154.133333333	0.404208	411
154.537541667	1.04646	412
155.584000000	0.298667	413
155.882666667	0.288	414
156.170666667	0.258885	415
156.429552083	0.274448	416
156.704000000	0.352	417
157.056000000	0.768	418
157.824000000	0.288	419
158.112000000	0.266667	420
158.378666667	0.266667	421
158.645333333	0.245333	422
158.890666667	0.277333	423
159.168000000	0.309333	424
159.477333333	0.234667	425
159.712000000	0.277333	426
159.989333333	0.290365	427
160.279697917	0.242969	428
160.522666667	0.245333	429
160.768000000	0.266667	430
161.034666667	0.285531	431
161.320197917	0.269135	432
161.589333333	0.241531	433
161.830864583	0.313135	434
162.144000000	0.330667	435
162.474666667	0.330667	436
162.805333333	0.288	437
163.093333333	0.256	438
163.349333333	0.405333	439
163.754666667	0.874667	440
164.629333333	0.341333	441
164.970666667	0.938667	442
165.909333333	0.405333	443
166.314666667	1.04533	444
167.360000000	0.448	445
167.808000000	0.928	446
168.736000000	0.416	447
169.152000000	0.629333	448
169.781333333	0.341333	449
170.122666667	0.330667	450
170.453333333	0.949333	451
171.402666667	0.405333	452
171.808000000	0.384	453
172.192000000	0.341333	454
172.533333333	0.298667	455
172.832000000	0.362667	456
173.194666667	0.992	457
174.186666667	0.405333	458
174.592000000	0.992	459
175.584000000	0.384	460
175.968000000	1.04533	461
177.013333333	0.448	462
177.461333333	1.32267	463
178.784000000	0.693333	464
179.477333333	0.981333	465
180.458666667	2.016	466
182.474666667	1.07733	467
183.552000000	1.472	468
185.024000000	3.02933	469
188.053333333	1.04533	470
189.098666667	0.821333	471
189.920000000	0.746667	472
190.666666667	0.736	473
191.402666667	0.789333	474
192.192000000	0.746667	475
192.938666667	0.693333	476
193.632000000	0.704	477
194.336000000	0.736	478
195.072000000	0.668063	479
195.740062500	0.355938	480
196.096000000	0.394667	481
196.490666667	0.768	482
197.258666667	0.736	483
197.994666667	0.746667	484
198.741333333	0.330667	485
199.072000000	0.394667	486
199.466666667	0.789333	487
200.256000000	0.757333	488
201.013333333	0.8	489
201.813333333	0.77599	490
202.589322917	0.810323	491
203.399645833	0.742479	492
204.142125000	0.796542	493
204.938666667	0.704	494
205.642666667	0.704	495
206.346666667	0.704	496
207.050666667	0.789333	497
207.840000000	0.777469	498
208.617468750	0.779865	499
209.397333333	0.906667	500
210.304000000	0.906667	501
211.210666667	0.352	502
211.562666667	0.416	503
211.978666667	0.803792	504
212.782458333	0.774875	505
213.557333333	0.789333	506
214.346666667	0.749135	507
215.095802083	0.733531	508
215.829333333	0.778667	509
216.608000000	0.725333	510
217.333333333	0.757333	511
218.090666667	0.885333	512
218.976000000	0.714667	513
219.690666667	0.757333	514
220.448000000	0.810667	515
221.258666667	0.768	516
222.026666667	0.885333	517
222.912000000	0.772042	518
223.684041667	0.845417	519
224.529458333	0.807573	520
225.337031250	0.783	521
226.120031250	0.781302	522
226.901333333	1.00267	523
227.904000000	0.949333	524
228.853333333	0.928	525
229.781333333	0.773396	526
230.554729167	0.645271	527
231.200000000	0.690469	528
231.890468750	0.696198	529
232.586666667	0.704	530
233.290666667	0.736	531
234.026666667	0.629333	532
234.656000000	0.292	533
234.948000000	0.444	534
235.392000000	0.714667	535
236.106666667	0.629333	536
236.736000000	0.64	537
237.376000000	0.352	538
237.728000000	0.405333	539
238.133333333	1.33333	540
239.466666667	0.901333	541
240.368000000	0.474667	542
240.842666667	1.29067	543
242.133333333	1.28	544
243.413333333	1.29067	545
244.704000000	1.12	546
245.824000000	0.341333	547
246.165333333	0.170667	548
246.336000000	0.170667	549
246.506666667	0.288	550
246.794666667	0.311896	551
247.106562500	0.658771	552
247.765333333	0.330667	553
248.096000000	0.330667	554
248.426666667	1.344	555
249.770666667	1.344	556
251.114666667	1.23733	557
252.352000000	0.949333	558
253.301333333	0.416	559
253.717333333	1.28	560
254.997333333	0.67274	561
255.670072917	0.660594	562
256.330666667	0.629333	563
256.960000000	0.704	564
257.664000000	0.576	565
258.240000000	0.32	566
258.560000000	0.448	567
259.008000000	0.672	568
259.680000000	0.632448	569
260.312447917	0.658219	570
260.970666667	0.586667	571
261.557333333	0.650667	572
262.208000000	0.597333	573
262.805333333	0.608	574
263.413333333	0.672	575
264.085333333	0.778667	576
264.864000000	0.661333	577
265.525333333	0.565333	578
266.090666667	0.693333	579
266.784000000	0.714667	580
267.498666667	0.554667	581
268.053333333	0.695635	582
268.748968750	0.669698	583
269.418666667	0.662865	584
270.081531250	0.734469	585
270.816000000	0.661333	586
271.477333333	0.768	587
272.245333333	0.646698	588
272.892031250	0.590635	589
273.482666667	0.565333	590
274.048000000	0.309333	591
274.357333333	0.373333	592
274.730666667	0.629333	593
275.360000000	0.629333	594
275.989333333	0.586667	595
276.576000000	0.277333	596
276.853333333	0.392094	597
277.245427083	0.706573	598
277.952000000	0.618667	599
278.570666667	0.565333	600
279.136000000	0.288	601
279.424000000	0.394667	602
279.818666667	0.576	603
280.394666667	0.608	604
281.002666667	0.608	605
281.610666667	0.597333	606
282.208000000	0.576	607
282.784000000	0.618667	608
283.402666667	0.521594	609
283.924260417	0.278406	610
284.202666667	0.352	611
284.554666667	0.608	612
285.162666667	0.597333	613
285.760000000	0.569354	614
286.329354167	0.625313	615
286.954666667	0.576	616
287.530666667	0.586667	617
288.117333333	0.52699	618
288.644322917	0.326344	619
288.970666667	0.32	620
289.290666667	0.544	621
289.834666667	0.64	622
290.474666667	0.512	623
290.986666667	0.256	624
291.242666667	0.362667	625
291.605333333	0.522667	626
292.128000000	0.629333	627
292.757333333	0.506219	628
293.263552083	0.272448	629
293.536000000	0.356635	630
293.892635417	0.59176	631
294.484395833	0.555604	632
295.040000000	0.533333	633
295.573333333	0.288	634
295.861333333	0.309333	635
296.170666667	0.586667	636
296.757333333	0.608	637
297.365333333	0.906667	638
298.272000000	0.352	639
298.624000000	1.216	640
299.840000000	0.714667	641
300.554666667	0.384	642
300.938666667	1.13067	643
302.069333333	0.714667	644
302.784000000	0.366	645
303.150000000	1.125	646
304.275000000	0.727667	647
305.002666667	0.368552	648
305.371218750	1.16714	649
306.538354167	0.693646	650
307.232000000	0.405333	651
307.637333333	1.12	652
308.757333333	0.746667	653
309.504000000	0.373333	654
309.877333333	1.23733	655
311.114666667	0.693333	656
311.808000000	0.384	657
312.192000000	1.19146	658
313.383458333	1.17654	659
314.560000000	1.216	660
315.776000000	1.56664	661
317.342635417	1.00403	662
318.346666667	0.245333	663
318.592000000	0.266667	664
318.858666667	0.309333	665
319.168000000	0.736	666
319.904000000	0.266667	667
320.170666667	0.245333	668
320.416000000	0.245333	669
320.661333333	0.261333	670
320.922666667	0.208	671
321.130666667	0.256	672
321.386666667	0.256	673
321.642666667	0.725333	674
322.368000000	0.294844	675
322.662843750	0.707823	676
323.370666667	0.330667	677
323.701333333	0.8	678
324.501333333	0.352	679
324.853333333	0.992	680
325.845333333	0.426667	681
326.272000000	0.362667	682
326.634666667	0.330667	683
326.965333333	0.224	684
327.189333333	0.362667	685
327.552000000	0.597333	686
328.149333333	0.4	687
328.549333333	0.304	688
328.853333333	0.245333	689
329.098666667	0.243781	690
329.342447917	0.289552	691
329.632000000	0.311698	692
329.943697917	0.392302	693
330.336000000	0.256	694
330.592000000	0.266667	695
330.858666667	0.277333	696
331.136000000	0.768	697
331.904000000	0.291948	698
332.195947917	0.806719	699
333.002666667	0.288	700
333.290666667	0.874667	701
334.165333333	0.384271	702
334.549604167	1.98373	703
336.533333333	0.434052	704
336.967385417	1.10195	705
338.069333333	0.32	706
338.389333333	0.277333	707
338.666666667	0.309333	708
338.976000000	0.842667	709
339.818666667	0.275781	710
340.094447917	0.278885	711
340.373333333	0.26574	712
340.639072917	0.256927	713
340.896000000	0.224	714
341.120000000	0.277333	715
341.397333333	0.298667	716
341.696000000	0.736	717
342.432000000	0.343313	718
342.775312500	0.947354	719
343.722666667	0.426667	720
344.149333333	0.736	721
344.885333333	0.725333	722
345.610666667	0.629333	723
346.240000000	0.693333	724
346.933333333	0.4	725
347.333333333	0.330667	726
347.664000000	0.890667	727
348.554666667	0.250219	728
348.804885417	0.293781	729
349.098666667	0.234667	730
349.333333333	0.810667	731
350.144000000	0.293333	732
350.437333333	0.218667	733
350.656000000	0.234667	734
350.890666667	0.272	735
351.162666667	0.276938	736
351.439604167	0.256396	737
351.696000000	0.288906	738
351.984906250	0.916427	739
352.901333333	0.357333	740
353.258666667	1.00267	741
354.261333333	0.277333	742
354.538666667	0.202667	743
354.741333333	0.266667	744
355.008000000	0.224	745
355.232000000	0.234667	746
355.466666667	0.202667	747
355.669333333	0.192	748
355.861333333	0.181333	749
356.042666667	0.202667	750
356.245333333	0.181333	751
356.426666667	0.192	752
356.618666667	0.192	753
356.810666667	0.213333	754
357.024000000	0.181333	755
357.205333333	0.186667	756
357.392000000	0.197333	757
357.589333333	0.245333	758
357.834666667	0.16	759
357.994666667	0.213333	760
358.208000000	0.170667	761
358.378666667	0.192	762
358.570666667	0.202667	763
358.773333333	0.245333	764
359.018666667	0.202667	765
359.221333333	0.192	766
359.413333333	0.224	767
359.637333333	0.181333	768
359.818666667	0.202667	769
360.021333333	0.181333	770
360.202666667	0.202667	771
360.405333333	0.202667	772
360.608000000	0.202667	773
360.810666667	0.213333	774
361.024000000	0.192	775
361.216000000	0.245333	776
361.461333333	0.48	777
361.941333333	0.202667	778
362.144000000	0.170667	779
362.314666667	0.213333	780
362.528000000	0.202667	781
362.730666667	0.202667	782
362.933333333	0.192	783
363.125333333	0.192	784
363.317333333	0.192	785
363.509333333	0.202667	786
363.712000000	0.181333	787
363.893333333	0.234667	788
364.128000000	0.192	789
364.320000000	0.202667	790
364.522666667	0.181333	791
364.704000000	0.245333	792
364.949333333	0.170667	793
365.120000000	0.245333	794
365.365333333	0.245333	795
365.610666667	0.224	796
365.834666667	0.170667	797
366.005333333	0.224	798
366.229333333	0.202667	799
366.432000000	0.192	800
366.624000000	0.224	801
366.848000000	0.224	802
367.072000000	0.16	803
367.232000000	0.202667	804
367.434666667	0.213333	805
367.648000000	0.192	806
367.840000000	0.202667	807
368.042666667	0.234667	808
368.277333333	0.192	809
368.469333333	0.224	810
368.693333333	0.213333	811
368.906666667	0.192	812
369.098666667	0.213333	813
369.312000000	0.192	814
369.504000000	0.181333	815
369.685333333	0.213333	816
369.898666667	0.202667	817
370.101333333	0.181333	818
370.282666667	0.245333	819
370.528000000	0.192	820
370.720000000	0.234667	821
370.954666667	0.202667	822
371.157333333	0.192	823
371.349333333	0.213333	824
371.562666667	0.192	825
371.754666667	0.245333	826
372.000000000	0.224	827
372.224000000	0.181333	828
372.405333333	0.245333	829
372.650666667	0.213333	830
372.864000000	0.202667	831
373.066666667	0.202667	832
373.269333333	0.213333	833
373.482666667	0.224	834
373.706666667	0.202667	835
373.909333333	0.192	836
374.101333333	0.213333	837
374.314666667	0.202667	838
374.517333333	0.202667	839
374.720000000	0.170667	840
374.890666667	0.192	841
375.082666667	0.208625	842
375.291291667	0.239375	843
375.530666667	0.213333	844
375.744000000	0.170667	845
375.914666667	0.202667	846
376.117333333	0.192	847
376.309333333	0.192	848
376.501333333	0.245333	849
376.746666667	0.213333	850
376.960000000	0.202667	851
377.162666667	0.202667	852
377.365333333	0.224	853
377.589333333	0.245333	854
377.834666667	0.16	855
377.994666667	0.213333	856
378.208000000	0.202667	857
378.410666667	0.202667	858
378.613333333	0.202667	859
378.816000000	0.170667	860
378.986666667	0.192	861
379.178666667	0.202667	862
379.381333333	0.202667	863
379.584000000	0.213333	864
379.797333333	0.192	865
379.989333333	0.234667	866
380.224000000	0.181333	867
380.405333333	0.234667	868
380.640000000	0.202667	869
380.842666667	0.181333	870
381.024000000	0.181333	871
381.205333333	0.192	872
381.397333333	0.213333	873
381.610666667	0.181333	874
381.792000000	0.224	875
382.016000000	0.224	876
382.240000000	0.181333	877
382.421333333	0.266667	878
382.688000000	0.213333	879
382.901333333	0.202667	880
383.104000000	0.256	881
383.360000000	0.202667	882
383.562666667	0.213333	883
383.776000000	0.490667	884
384.266666667	0.693333	885
384.960000000	0.213333	886
385.173333333	0.202667	887
385.376000000	0.202667	888
385.578666667	0.213333	889
385.792000000	0.181333	890
385.973333333	0.202667	891
386.176000000	0.224	892
386.400000000	0.165333	893
386.565333333	0.272	894
386.837333333	0.672	895
387.509333333	0.224	896
387.733333333	0.106667	897
387.840000000	0.138667	898
387.978666667	0.234667	899
388.213333333	0.202667	900
388.416000000	0.234667	901
388.650666667	0.234667	902
388.885333333	0.202667	903
389.088000000	0.213333	904
389.301333333	0.234667	905
389.536000000	0.629333	906
390.165333333	0.224	907
390.389333333	0.0986667	908
390.488000000	0.114667	909
390.602666667	0.234667	910
390.837333333	0.224	911
391.061333333	0.181333	912
391.242666667	0.213333	913
391.456000000	0.234667	914
391.690666667	0.186667	915
391.877333333	0.229333	916
392.106666667	0.682667	917
392.789333333	0.192	918
392.981333333	0.170667	919
393.152000000	0.277333	920
393.429333333	0.202667	921
393.632000000	0.176	922
393.808000000	0.197333	923
394.005333333	0.202667	924
394.208000000	0.213333	925
394.421333333	0.236583	926
394.657916667	0.670083	927
395.328000000	0.192	928
395.520000000	0.224	929
395.744000000	0.245333	930
395.989333333	0.202667	931
396.192000000	0.181333	932
396.373333333	0.202667	933
396.576000000	0.181333	934
396.757333333	0.208	935
396.965333333	0.346667	936
397.312000000	0.405333	937
397.717333333	0.245333	938
397.962666667	0.330667	939
398.293333333	0.416	940
398.709333333	0.352	941
399.061333333	0.330667	942
399.392000000	0.341333	943
399.733333333	0.709333	944
400.442666667	0.325333	945
400.768000000	0.384	946
401.152000000	0.405333	947
401.557333333	0.341333	948
401.898666667	0.341333	949
402.240000000	0.314667	950
402.554666667	0.4	951
402.954666667	0.330667	952
403.285333333	0.405333	953
403.690666667	0.394667	954
404.085333333	0.362667	955
404.448000000	0.362667	956
404.810666667	0.374625	957
405.185291667	0.297375	958
405.482666667	0.352	959
405.834666667	0.352	960
406.186666667	0.362667	961
406.549333333	0.394667	962
406.944000000	0.533333	963
407.477333333	2.73067	964
410.208000000	0.394667	965
410.602666667	0.309333	966
410.912000000	0.330667	967
411.242666667	0.309333	968
411.552000000	0.341333	969
411.893333333	0.330667	970
412.224000000	0.608	971
412.832000000	0.32	972
413.152000000	0.341333	973
413.493333333	0.309333	974
413.802666667	0.330667	975
414.133333333	0.245333	976
414.378666667	0.288	977
414.666666667	0.608	978
415.274666667	0.309333	979
415.584000000	0.32	980
415.904000000	0.304719	981
416.208718750	0.303281	982
416.512000000	0.309333	983
416.821333333	0.330667	984
417.152000000	0.608	985
417.760000000	0.330198	986
418.090197917	0.277802	987
418.368000000	0.330667	988
418.698666667	0.288	989
418.986666667	0.336	990
419.322666667	0.357333	991
419.680000000	0.554667	992
420.234666667	0.348646	993
420.583312500	0.291354	994
420.874666667	0.32	995
421.194666667	0.288	996
421.482666667	0.318677	997
421.801343750	0.310656	998
422.112000000	0.608	999
422.720000000	0.341333	1000
423.061333333	0.330667	1001
423.392000000	0.352	1002
423.744000000	0.298667	1003
424.042666667	0.362667	1004
424.405333333	0.330667	1005
424.736000000	0.736	1006
425.472000000	0.501333	1007
425.973333333	0.352	1008
426.325333333	0.32	1009
426.645333333	0.288	1010
426.933333333	0.341333	1011
427.274666667	0.384	1012
427.658666667	0.821333	1013
428.480000000	0.394667	1014
428.874666667	0.32	1015
429.194666667	0.266667	1016
429.461333333	0.384	1017
429.845333333	0.341333	1018
430.186666667	0.330667	1019
430.517333333	0.757333	1020
431.274666667	0.295396	1021
431.570062500	0.312604	1022
431.882666667	0.309333	1023
432.192000000	0.288	1024
432.480000000	0.32	1025
432.800000000	0.298667	1026
433.098666667	0.64	1027
433.738666667	0.323854	1028
434.062520833	0.294813	1029
434.357333333	0.277333	1030
434.634666667	0.298667	1031
434.933333333	0.298667	1032
435.232000000	0.288	1033
435.520000000	0.608	1034
436.128000000	0.32	1035
436.448000000	0.288	1036
436.736000000	0.315344	1037
437.051343750	0.271323	1038
437.322666667	0.298667	1039
437.621333333	0.245333	1040
437.866666667	0.608	1041
438.474666667	0.334229	1042
438.808895833	0.295104	1043
439.104000000	0.266667	1044
439.370666667	0.277333	1045
439.648000000	0.298667	1046
439.946666667	0.309333	1047
440.256000000	0.554667	1048
440.810666667	0.298667	1049
441.109333333	0.277333	1050
441.386666667	0.299833	1051
441.686500000	0.2655	1052
441.952000000	0.330667	1053
442.282666667	0.256	1054
442.538666667	0.565333	1055
443.104000000	0.298667	1056
443.402666667	0.245333	1057
443.648000000	0.314562	1058
443.962562500	0.304104	1059
444.266666667	0.277333	1060
444.544000000	0.277333	1061
444.821333333	0.544	1062
445.365333333	0.298667	1063
445.664000000	0.245333	1064
445.909333333	0.266667	1065
446.176000000	0.288	1066
446.464000000	0.266667	1067
446.730666667	0.266667	1068
446.997333333	0.597333	1069
447.594666667	0.309333	1070
447.904000000	0.298667	1071
448.202666667	0.629333	1072
448.832000000	0.313146	1073
449.145145833	0.326854	1074
449.472000000	0.725333	1075
450.197333333	0.469333	1076
450.666666667	0.309333	1077
450.976000000	0.277333	1078
451.253333333	0.288	1079
451.541333333	0.309333	1080
451.850666667	0.234667	1081
452.085333333	0.213333	1082
452.298666667	0.256	1083
452.554666667	0.298667	1084
452.853333333	0.256	1085
453.109333333	0.264344	1086
453.373677083	5.62366	1087
458.997333333	1.08267	1088
460.080000000	0.773333	1089
460.853333333	0.352	1090
461.205333333	0.533333	1091
461.738666667	0.544	1092
462.282666667	0.501333	1093
462.784000000	0.565333	1094
463.349333333	0.32	1095
463.669333333	0.149333	1096
463.818666667	0.16	1097
463.978666667	0.277333	1098
464.256000000	0.256	1099
464.512000000	0.789333	1100
465.301333333	0.384	1101
465.685333333	1.15733	1102
466.842666667	1.456	1103
468.298666667	0.318542	1104
468.617208333	0.225458	1105
468.842666667	0.224	1106
469.066666667	0.522667	1107
469.589333333	0.330667	1108
469.920000000	0.32	1109
470.240000000	1.10185	1110
471.341854167	0.504812	1111
471.846666667	0.569333	1112
472.416000000	0.394667	1113
472.810666667	0.266667	1114
473.077333333	0.213333	1115
473.290666667	0.259208	1116
473.549875000	0.562125	1117
474.112000000	0.234667	1118
474.346666667	0.277333	1119
474.624000000	0.992	1120
475.616000000	0.512	1121
476.128000000	0.64	1122
476.768000000	0.213333	1123
476.981333333	0.262875	1124
477.244208333	0.195792	1125
477.440000000	0.290198	1126
477.730197917	0.275135	1127
478.005333333	0.27951	1128
478.284843750	0.61649	1129
478.901333333	0.330667	1130
479.232000000	0.234667	1131
479.466666667	0.266667	1132
479.733333333	0.224	1133
479.957333333	0.245333	1134
480.202666667	0.234667	1135
480.437333333	0.256	1136
480.693333333	0.248156	1137
480.941489583	0.263844	1138
481.205333333	0.224	1139
481.429333333	0.234667	1140
481.664000000	0.234667	1141
481.898666667	0.245333	1142
482.144000000	0.234667	1143
482.378666667	0.298667	1144
482.677333333	0.32	1145
482.997333333	1.20533	1146
484.202666667	2.82667	1147
487.029333333	0.755667	1148
487.785000000	0.737667	1149
488.522666667	0.234667	1150
488.757333333	0.288	1151
489.045333333	0.170667	1152
489.216000000	0.170667	1153
489.386666667	0.192	1154
489.578666667	0.181333	1155
489.760000000	0.16	1156
489.920000000	0.170667	1157
490.090666667	0.170667	1158
490.261333333	0.192	1159
490.453333333	0.16	1160
490.613333333	0.256	1161
490.869333333	0.16	1162
491.029333333	0.154667	1163
491.184000000	0.186667	1164
491.370666667	0.170667	1165
491.541333333	0.170667	1166
491.712000000	0.202667	1167
491.914666667	0.202667	1168
492.117333333	0.138667	1169
492.256000000	0.138667	1170
492.394666667	0.192	1171
492.586666667	0.181333	1172
492.768000000	0.181333	1173
492.949333333	0.213333	1174
493.162666667	0.170667	1175
493.333333333	0.181667	1176
493.515000000	0.149	1177
493.664000000	0.138667	1178
493.802666667	0.224	1179
494.026666667	0.213333	1180
494.240000000	0.170667	1181
494.410666667	0.181333	1182
494.592000000	0.192	1183
494.784000000	0.149333	1184
494.933333333	0.213333	1185
495.146666667	0.256	1186
495.402666667	0.16	1187
495.562666667	0.170667	1188
495.733333333	0.192	1189
495.925333333	0.149333	1190
496.074666667	0.245333	1191
496.320000000	0.149333	1192
496.469333333	0.144	1193
496.613333333	0.261333	1194
496.874666667	0.202667	1195
497.077333333	0.298667	1196
497.376000000	0.181333	1197
497.557333333	0.181333	1198
497.738666667	0.234667	1199
497.973333333	0.181333	1200
498.154666667	0.234667	1201
498.389333333	0.192	1202
498.581333333	0.170667	1203
498.752000000	0.192	1204
498.944000000	0.202667	1205
499.146666667	0.138667	1206
499.285333333	0.202667	1207
499.488000000	0.192	1208
499.680000000	0.192	1209
499.872000000	0.170667	1210
500.042666667	0.202667	1211
500.245333333	0.170667	1212
500.416000000	0.181333	1213
500.597333333	0.16	1214
500.757333333	0.188708	1215
500.946041667	0.195292	1216
501.141333333	0.138667	1217
501.280000000	0.181333	1218
501.461333333	0.16	1219
501.621333333	0.170667	1220
501.792000000	0.219646	1221
502.011645833	0.175021	1222
502.186666667	0.224	1223
502.410666667	0.149333	1224
502.560000000	0.170667	1225
502.730666667	0.177333	1226
502.908000000	0.196	1227
503.104000000	0.186667	1228
503.290666667	0.149333	1229
503.440000000	0.186667	1230
503.626666667	0.196	1231
503.822666667	0.186667	1232
504.009333333	0.268	1233
504.277333333	0.264	1234
504.541333333	0.186667	1235
504.728000000	0.178667	1236
504.906666667	0.176	1237
505.082666667	0.233333	1238
505.316000000	0.209333	1239
505.525333333	0.173333	1240
505.698666667	0.186667	1241
505.885333333	0.216	1242
506.101333333	0.202667	1243
506.304000000	0.262667	1244
506.566666667	0.228	1245
506.794666667	0.182667	1246
506.977333333	0.177333	1247
507.154666667	0.184	1248
507.338666667	0.161333	1249
507.500000000	0.177333	1250
507.677333333	0.194667	1251
507.872000000	0.16	1252
508.032000000	0.168	1253
508.200000000	0.184	1254
508.384000000	0.170667	1255
508.554666667	0.196	1256
508.750666667	0.22	1257
508.970666667	0.181333	1258
509.152000000	0.177333	1259
509.329333333	0.196	1260
509.525333333	0.168	1261
509.693333333	0.130667	1262
509.824000000	0.187708	1263
510.011708333	0.176292	1264
510.188000000	0.177333	1265
510.365333333	0.173333	1266
510.538666667	0.190667	1267
510.729333333	0.149333	1268
510.878666667	0.150667	1269
511.029333333	0.157333	1270
511.186666667	0.177333	1271
511.364000000	0.188	1272
511.552000000	0.176	1273
511.728000000	0.177333	1274
511.905333333	0.158667	1275
512.064000000	0.14	1276
512.204000000	0.168	1277
512.372000000	0.172	1278
512.544000000	0.173333	1279
512.717333333	0.162667	1280
512.880000000	0.261333	1281
513.141333333	0.164	1282
513.305333333	0.177333	1283
513.482666667	0.138667	1284
513.621333333	0.169333	1285
513.790666667	0.158667	1286
513.949333333	0.170094	1287
514.119427083	0.165906	1288
514.285333333	0.158667	1289
514.444000000	0.18	1290
514.624000000	0.174667	1291
514.798666667	0.158667	1292
514.957333333	0.221333	1293
515.178666667	0.208	1294
515.386666667	0.214667	1295
515.601333333	0.196	1296
515.797333333	0.14	1297
515.937333333	0.121333	1298
516.058666667	0.176	1299
516.234666667	0.16	1300
516.394666667	0.14	1301
516.534666667	0.158667	1302
516.693333333	0.177333	1303
516.870666667	0.168	1304
517.038666667	0.198667	1305
517.237333333	0.174667	1306
517.412000000	0.158667	1307
517.570666667	0.178667	1308
517.749333333	0.138667	1309
517.888000000	0.149333	1310
518.037333333	0.16	1311
518.197333333	0.157333	1312
518.354666667	0.149333	1313
518.504000000	0.162667	1314
518.666666667	0.145333	1315
518.812000000	0.186667	1316
518.998666667	0.169333	1317
519.168000000	0.148	1318
519.316000000	0.177333	1319
519.493333333	0.197333	1320
519.690666667	0.157333	1321
519.848000000	0.121333	1322
519.969333333	0.18	1323
520.149333333	0.146667	1324
520.296000000	0.149333	1325
520.445333333	0.159667	1326
520.605000000	0.148333	1327
520.753333333	0.149333	1328
520.902666667	0.185333	1329
521.088000000	0.141333	1330
521.229333333	0.149333	1331
521.378666667	0.189333	1332
521.568000000	0.137333	1333
521.705333333	0.158667	1334
521.864000000	0.216	1335
522.080000000	0.148	1336
522.228000000	0.14	1337
522.368000000	0.170667	1338
522.538666667	0.174667	1339
522.713333333	0.177333	1340
522.890666667	0.213333	1341
523.104000000	0.16	1342
523.264000000	0.186667	1343
523.450666667	0.173708	1344
523.624375000	0.143625	1345
523.768000000	0.168	1346
523.936000000	0.1565	1347
524.092500000	0.142167	1348
524.234666667	0.149333	1349
524.384000000	0.174385	1350
524.558385417	0.142948	1351
524.701333333	0.168	1352
524.869333333	0.183167	1353
525.052500000	0.152833	1354
525.205333333	0.14	1355
525.345333333	0.222667	1356
525.568000000	0.16	1357
525.728000000	0.158667	1358
525.886666667	0.125833	1359
526.012500000	0.142167	1360
526.154666667	0.138667	1361
526.293333333	0.138667	1362
526.432000000	0.136	1363
526.568000000	0.14	1364
526.708000000	0.182667	1365
526.890666667	0.162667	1366
527.053333333	0.130667	1367
527.184000000	0.181958	1368
527.365958333	0.126042	1369
527.492000000	0.177333	1370
527.669333333	0.128	1371
527.797333333	0.133333	1372
527.930666667	0.14	1373
528.070666667	0.153333	1374
528.224000000	0.145333	1375
528.369333333	0.14	1376
528.509333333	0.184	1377
528.693333333	0.152	1378
528.845333333	0.14	1379
528.985333333	0.166667	1380
529.152000000	0.141333	1381
529.293333333	0.121333	1382
529.414666667	0.153333	1383
529.568000000	0.136	1384
529.704000000	0.14	1385
529.844000000	0.14	1386
529.984000000	0.168	1387
530.152000000	0.168	1388
530.320000000	0.197333	1389
530.517333333	0.381333	1390
530.898666667	0.296219	1391
531.194885417	0.254448	1392
531.449333333	0.230667	1393
531.680000000	1.06667	1394
532.746666667	0.354667	1395
533.101333333	0.285333	1396
533.386666667	0.2	1397
533.586666667	0.216	1398
533.802666667	0.222667	1399
534.025333333	0.245167	1400
534.270500000	0.202833	1401
534.473333333	0.246667	1402
534.720000000	0.238667	1403
534.958666667	0.273333	1404
535.232000000	0.221333	1405
535.453333333	0.23351	1406
535.686843750	0.24249	1407
535.929333333	0.262667	1408
536.192000000	0.26	1409
536.452000000	0.270448	1410
536.722447917	0.568219	1411
537.290666667	0.64	1412
537.930666667	0.650667	1413
538.581333333	1.19333	1414
539.774666667	0.289333	1415
540.064000000	0.905333	1416
540.969333333	0.20049	1417
541.169822917	0.228844	1418
541.398666667	0.240896	1419
541.639562500	0.748438	1420
542.388000000	0.220198	1421
542.608197917	0.218469	1422
542.826666667	0.2425	1423
543.069166667	0.2055	1424
543.274666667	0.242667	1425
543.517333333	0.242667	1426
543.760000000	0.282667	1427
544.042666667	0.772	1428
544.814666667	0.326667	1429
545.141333333	0.718667	1430
545.860000000	0.305333	1431
546.165333333	1.03867	1432
547.204000000	0.390667	1433
547.594666667	0.656	1434
548.250666667	0.372	1435
548.622666667	0.22	1436
548.842666667	0.246667	1437
549.089333333	0.366667	1438
549.456000000	0.528	1439
549.984000000	0.318667	1440
550.302666667	0.3	1441
550.602666667	0.204	1442
550.806666667	0.318667	1443
551.125333333	0.306667	1444
551.432000000	0.344	1445
551.776000000	0.412	1446
552.188000000	0.270667	1447
552.458666667	0.298667	1448
552.757333333	0.32	1449
553.077333333	0.249333	1450
553.326666667	0.262458	1451
553.589125000	0.282875	1452
553.872000000	0.284406	1453
554.156406250	0.271594	1454
554.428000000	0.265448	1455
554.693447917	0.229219	1456
554.922666667	0.288	1457
555.210666667	0.281333	1458
555.492000000	0.284	1459
555.776000000	0.276	1460
556.052000000	0.342667	1461
556.394666667	0.413333	1462
556.808000000	0.333333	1463
557.141333333	2.10267	1464
559.244000000	0.350667	1465
559.594666667	1.44133	1466
561.036000000	0.265333	1467
561.301333333	0.276	1468
561.577333333	0.289885	1469
561.867218750	1.39945	1470
563.266666667	0.274573	1471
563.541239583	0.276094	1472
563.817333333	0.278667	1473
564.096000000	0.776	1474
564.872000000	0.322667	1475
565.194666667	0.237333	1476
565.432000000	0.253333	1477
565.685333333	0.278667	1478
565.964000000	0.254667	1479
566.218666667	0.268	1480
566.486666667	0.276	1481
566.762666667	0.302667	1482
567.065333333	0.390667	1483
567.456000000	0.3	1484
567.756000000	0.372	1485
568.128000000	0.650667	1486
568.778666667	0.314667	1487
569.093333333	0.357333	1488
569.450666667	0.650667	1489
570.101333333	0.286667	1490
570.388000000	0.364	1491
570.752000000	0.650667	1492
571.402666667	0.366667	1493
571.769333333	0.360104	1494
572.129437500	0.78899	1495
572.918427083	0.31624	1496
573.234666667	0.344	1497
573.578666667	0.3	1498
573.878666667	0.468	1499
574.346666667	0.714667	1500
575.061333333	0.329333	1501
575.390666667	0.364	1502
575.754666667	0.289333	1503
576.044000000	0.34	1504
576.384000000	0.369333	1505
576.753333333	0.409333	1506
577.162666667	0.885333	1507
578.048000000	0.254667	1508
578.302666667	0.385333	1509
578.688000000	0.314667	1510
579.002666667	0.410667	1511
579.413333333	0.704	1512
580.117333333	0.341333	1513
580.458666667	0.394667	1514
580.853333333	0.629333	1515
581.482666667	0.310667	1516
581.793333333	0.414667	1517
582.208000000	0.746667	1518
582.954666667	0.416	1519
583.370666667	0.512	1520
583.882666667	0.981333	1521
584.864000000	3.97867	1522
588.842666667	3.63733	1523
592.480000000	1.04533	1524
593.525333333	0.890198	1525
594.415531250	0.763135	1526
595.178666667	0.768	1527
595.946666667	0.778667	1528
596.725333333	0.746667	1529
597.472000000	0.725333	1530
598.197333333	0.693333	1531
598.890666667	0.704	1532
599.594666667	0.725333	1533
600.320000000	0.373333	1534
600.693333333	0.384	1535
601.077333333	0.736	1536
601.813333333	0.8	1537
602.613333333	0.736	1538
603.349333333	0.386667	1539
603.736000000	0.424	1540
604.160000000	0.757333	1541
604.917333333	0.821333	1542
605.738666667	0.874667	1543
606.613333333	0.776958	1544
607.390291667	0.791042	1545
608.181333333	0.8	1546
608.981333333	0.746667	1547
609.728000000	0.746667	1548
610.474666667	0.768	1549
611.242666667	0.682667	1550
611.925333333	0.8	1551
612.725333333	0.789333	1552
613.514666667	0.896	1553
614.410666667	0.949333	1554
615.360000000	0.885333	1555
616.245333333	0.426667	1556
616.672000000	0.458667	1557
617.130666667	0.8	1558
617.930666667	0.8	1559
618.730666667	0.778667	1560
619.509333333	0.796708	1561
620.306041667	0.792625	1562
621.098666667	0.725333	1563
621.824000000	0.725333	1564
622.549333333	0.789333	1565
623.338666667	0.757333	1566
624.096000000	0.736	1567
624.832000000	0.789333	1568
625.621333333	0.757333	1569
626.378666667	0.789333	1570
627.168000000	0.704	1571
627.872000000	0.725333	1572
628.597333333	0.821333	1573
629.418666667	0.836708	1574
630.255375000	0.752625	1575
631.008000000	0.795427	1576
631.803427083	0.87924	1577
632.682666667	0.819354	1578
633.502020833	0.887312	1579
634.389333333	0.757333	1580
635.146666667	0.874667	1581
636.021333333	0.938667	1582
636.960000000	1.16267	1583
638.122666667	1.664	1584
639.786666667	1.17067	1585
640.957333333	0.493333	1586
641.450666667	1.90933	1587
643.360000000	1.07867	1588
644.438666667	0.542667	1589
644.981333333	1.73867	1590
646.720000000	0.810667	1591
647.530666667	1.17333	1592
648.704000000	0.810667	1593
649.514666667	0.682667	1594
650.197333333	0.736	1595
650.933333333	0.757333	1596
651.690666667	0.8	1597
652.490666667	0.736	1598
653.226666667	0.708812	1599
653.935479167	0.784521	1600
654.720000000	0.693333	1601
655.413333333	0.672	1602
656.085333333	0.768	1603
656.853333333	0.725333	1604
657.578666667	0.713594	1605
658.292260417	0.769073	1606
659.061333333	0.721354	1607
659.782687500	0.825312	1608
660.608000000	0.693177	1609
661.301177083	0.810823	1610
662.112000000	0.757333	1611
662.869333333	0.704	1612
663.573333333	0.714667	1613
664.288000000	0.885333	1614
665.173333333	0.716146	1615
665.889479167	0.819854	1616
666.709333333	0.736	1617
667.445333333	0.692958	1618
668.138291667	0.661708	1619
668.800000000	0.362667	1620
669.162666667	0.426667	1621
669.589333333	0.8	1622
670.389333333	0.778667	1623
671.168000000	0.736	1624
671.904000000	0.422667	1625
672.326666667	0.485802	1626
672.812468750	0.830198	1627
673.642666667	0.810667	1628
674.453333333	0.768	1629
675.221333333	0.474667	1630
675.696000000	0.56	1631
676.256000000	0.788115	1632
677.044114583	0.737219	1633
677.781333333	0.650667	1634
678.432000000	0.789333	1635
679.221333333	0.768	1636
679.989333333	0.736	1637
680.725333333	0.693333	1638
681.418666667	0.746667	1639
682.165333333	0.725333	1640
682.890666667	0.842667	1641
683.733333333	0.755521	1642
684.488854167	0.823146	1643
685.312000000	0.768	1644
686.080000000	0.853333	1645
686.933333333	0.874667	1646
687.808000000	1.10933	1647
688.917333333	0.842667	1648
689.760000000	0.768	1649
690.528000000	0.725333	1650
691.253333333	0.696031	1651
691.949364583	0.715896	1652
692.665260417	0.732073	1653
693.397333333	0.701198	1654
694.098531250	0.749469	1655
694.848000000	0.789333	1656
695.637333333	0.757333	1657
696.394666667	0.73176	1658
697.126427083	0.809271	1659
697.935697917	0.720302	1660
698.656000000	0.703521	1661
699.359520833	0.704479	1662
700.064000000	0.672	1663
700.736000000	0.745854	1664
701.481854167	0.662146	1665
702.144000000	0.735156	1666
702.879156250	0.636896	1667
703.516052083	0.697281	1668
704.213333333	0.746667	1669
704.960000000	0.693333	1670
705.653333333	0.693333	1671
706.346666667	0.768	1672
707.114666667	0.810667	1673
707.925333333	0.938667	1674
708.864000000	0.96	1675
709.824000000	1.04533	1676
710.869333333	0.896	1677
711.765333333	0.864	1678
712.629333333	0.810667	1679
713.440000000	0.810667	1680
714.250666667	0.906667	1681
715.157333333	0.842667	1682
716.000000000	0.906667	1683
716.906666667	0.921354	1684
717.828020833	1.00931	1685
718.837333333	1.07733	1686
719.914666667	1.38667	1687
721.301333333	0.986396	1688
722.287729167	0.919865	1689
723.207593750	1.02707	1690
724.234666667	1.03467	1691
725.269333333	1.00267	1692
726.272000000	0.992	1693
727.264000000	1.248	1694
728.512000000	2.4942	1695
731.006197917	1696