5.030041666	1
7.856000000	2
10.360750000	3
12.970666666	4
15.566000000	5
18.144000000	6
20.810666666	7
23.685333333	8
26.518416666	9
28.949333333	10
31.514666666	11
33.946666666	12
36.624000000	13
38.960000000	14
41.128062500	15
43.397333333	16
46.106666666	17
49.050666666	18
51.178666666	19
53.424000000	20
55.834666666	21
58.186666666	22
60.544000000	23
62.789333333	24
65.109333333	25
67.418666666	26
69.488000000	27
71.536000000	28
73.584000000	29
75.669333333	30
77.775041666	31
80.096000000	32
82.506666666	33
85.424000000	34
87.888000000	35
90.208000000	36
92.494604166	37
94.895666666	38
97.120000000	39
99.381333333	40
101.498666666	41
104.042666666	42
106.263229166	43
108.232520833	44
110.330666666	45
112.490666666	46
114.532041666	47
116.474666666	48
118.517333333	49
120.586666666	50
122.624000000	51
124.650666666	52
126.634666666	53
128.603541666	54
130.688937500	55
132.608000000	56
134.592000000	57
136.992000000	58
139.333333333	59
141.248000000	60
143.456000000	61
145.765333333	62
147.909333333	63
149.968000000	64
152.117333333	65
154.585208333	66
157.296000000	67
159.722666666	68
161.989333333	69
164.271895833	70
166.698666666	71
169.406187500	72
171.973333333	73
174.597333333	74
177.152000000	75
180.261333333	76
183.594791666	77
187.584000000	78
190.336000000	79
192.928000000	80
195.594666666	81
198.298666666	82
201.029333333	83
203.674666666	84
206.538666666	85
209.285333333	86
212.032000000	87
214.752000000	88
217.370666666	89
220.048000000	90
222.880000000	1
225.594666666	2
227.989333333	3
230.491979166	4
233.104000000	5
235.573333333	6
238.181333333	7
240.954666666	8
243.568000000	9
246.064000000	10
248.592000000	11
250.970666666	12
253.514666666	13
255.786666666	14
257.968000000	15
260.138666666	16
262.762666666	17
265.472000000	18
267.548166666	19
269.850666666	20
272.304000000	21
274.629333333	22
276.986666666	23
279.264000000	24
281.392000000	25
283.869979166	26
285.957333333	27
288.016729166	28
290.080000000	29
292.154666666	30
294.250666666	31
296.688000000	32
299.370666666	33
302.160000000	34
304.602666666	35
307.093333333	36
309.402666666	37
311.781333333	38
313.984000000	39
316.221291666	40
318.512000000	41
320.954666666	42
323.104000000	43
325.296000000	44
327.381708333	45
329.472000000	46
331.557333333	47
333.637333333	48
335.738666666	49
337.856000000	50
339.952000000	51
342.037333333	52
344.021333333	53
346.026666666	54
347.989333333	55
350.010666666	56
352.005333333	57
354.405333333	58
356.757333333	59
358.811166666	60
361.189333333	61
363.632000000	62
365.914666666	63
368.170666666	64
370.352000000	65
372.890666666	66
375.909333333	67
378.613333333	68
381.077333333	69
383.866666666	70
386.629333333	71
390.245333333	72
392.810666666	73
395.413854166	74
398.058666666	75
400.880000000	76
404.074666666	77
407.770666666	78
410.410666666	79
413.045333333	80
415.674666666	81
418.293333333	82
420.944000000	83
423.562666666	84
426.517333333	85
429.221333333	86
432.026666666	87
434.650666666	88
437.242666666	89
439.850666666	90
442.432000000	91
445.226666666	92
447.813333333	93
450.336000000	94
452.938666666	95
455.312000000	96
457.893333333	97
460.362666666	98
462.989041666	99
465.413333333	100
468.032000000	101
470.517333333	102
472.962312500	103
475.397333333	104
477.818666666	105
480.506666666	106
483.248000000	107
485.713208333	108
488.234666666	109
490.565333333	110
492.970666666	111
495.062500000	112
497.280000000	113
499.418666666	114
501.536000000	115
503.684875000	116
505.802666666	117
507.930666666	118
510.144000000	119
512.517333333	120
514.789333333	121
517.082666666	122
519.386666666	123
521.738666666	124
524.154666666	125
527.137604166	126
529.533375000	127
531.610666666	128
533.968000000	129
536.287541666	130
538.442666666	131
540.666666666	132
542.970666666	133
545.888000000	134
548.241708333	135
550.413354166	136
552.688000000	137
555.122083333	138
557.396250000	139
559.434958333	140
561.999604166	141
564.554666666	142
567.189333333	143
569.770666666	144
572.634666666	145
575.056000000	146
577.313729166	147
579.562666666	148
581.872000000	149
584.384000000	150
586.992000000	151
589.525333333	152
592.160000000	153
594.736000000	154
597.376000000	155
600.101333333	156
602.768000000	157
605.552000000	158
608.346666666	159
611.141333333	160
613.696000000	161
616.816000000	162
619.445333333	163
621.797333333	164
624.197333333	165
626.517333333	166
628.842666666	167
631.146666666	168
633.706666666	169
636.010666666	170
638.341833333	171
640.485333333	172
642.666666666	173
644.802062500	174
646.933333333	175
648.933333333	176
650.986666666	177
653.418666666	178
655.766812500	179
657.863270833	180
660.085333333	181
662.570666666	182
664.890666666	183
667.157333333	184
669.424000000	185
671.541333333	186
673.778000000	187
675.797333333	188
677.850666666	189
679.774583333	190
681.946666666	191
684.005333333	192
686.368000000	193
688.938666666	194
691.968000000	195
694.394666666	196
696.768000000	197
699.102375000	198
701.504000000	199
703.872000000	200
706.176000000	201
708.485333333	202
710.970666666	203
713.144145833	204
715.360000000	205
717.456000000	206
719.616000000	207
721.792000000	208
723.861333333	209
725.941333333	210
728.074666666	211
730.218666666	212
732.186666666	213
734.218666666	214
736.234666666	215
738.160000000	216
740.231812500	217
742.229333333	218
744.746666666	219
747.125333333	220
749.141333333	221
751.445333333	222
753.744000000	223
755.941333333	224
758.181333333	225
760.282666666	226
762.730666666	227
765.568000000	228
768.341333333	229
770.821687500	230
773.066666666	231
775.701333333	232
778.666666666	233
781.189333333	234
783.733333333	235
786.309333333	236
789.253333333	237
793.098666666	238
797.552000000	239
800.330666666	240
802.912000000	241
805.605333333	242
808.325333333	243
811.029333333	244
813.728000000	245
816.634666666	246
819.477333333	247
822.144000000	248
824.810666666	249
827.594666666	250
830.480000000	251
833.352187500	252
836.613333333	253
839.338666666	254
842.080000000	255
845.066666666	256
847.770666666	257
850.378666666	258
852.853333333	259
855.492125000	260
858.277333333	261
860.933333333	262
863.402666666	263
865.952000000	264
868.661333333	265
871.349333333	266
874.202666666	267
877.082666666	268
880.197333333	269
882.950729166	270
885.733333333	271
888.517333333	272
891.156312500	273
893.776000000	274
896.602666666	275
899.861333333	276
903.546666666	277
906.394666666	278
910.058666666	279
913.200000000	280
918.016000000	281
