###data-type:		Global Beat Dynamics (0.2x2 smoothing; 100 ms delay)
###extraction-date:	Thu Jan 29 09:40:54 PST 2015
1.004	75.5	1.1
1.576	77.3	1.2
2.045	74.1	1.3
2.478	72.3	1.4
2.841	72.7	2.1
3.249	75.6	2.2
3.698	71.7	2.3
4.114	74.0	2.4
4.506	75.1	3.1
4.914	75.3	3.2
5.347	69.0	3.3
5.78	72.2	3.4
6.247	68.5	4.1
6.643	70.9	4.2
7.013	72.1	4.3
7.416	71.7	4.4
7.812	80.5	5.1
8.327	75.8	5.2
8.792	73.1	5.3
9.211	76.1	5.4
9.616	81.2	6.1
10.016	70.4	6.2
10.452	71.5	6.3
10.877	76.7	6.4
11.302	81.4	7.1
11.722	74.3	7.2
12.159	74.3	7.3
12.653	75.3	7.4
13.06	71.5	8.1
13.543	79.8	8.2
13.946	82.8	8.3
14.364	77.8	8.4
14.827	78.3	9.1
15.305	76.4	9.2
15.779	74.4	9.3
16.237	77.2	9.4
16.66	75.2	10.1
17.127	74.6	10.2
17.535	73.8	10.3
17.951	77.6	10.4
18.384	76.5	11.1
18.835	73.1	11.2
19.282	74.5	11.3
19.739	75.8	11.4
20.177	73.6	12.1
20.605	82.5	12.2
21.015	82.1	12.3
21.458	73.3	12.4
21.895	75.0	13.1
22.321	79.9	13.2
22.77	82.0	13.3
23.204	76.2	13.4
23.662	76.3	14.1
24.08	74.0	14.2
24.498	75.0	14.3
24.896	82.3	14.4
25.322	76.4	15.1
25.796	88.9	15.2
26.243	75.8	15.3
26.7	86.7	15.4
27.138	85.4	16.1
27.602	77.7	16.2
28.075	82.9	16.3
28.506	79.4	16.4
28.922	81.4	17.1
29.334	80.4	17.2
29.77	81.4	17.3
30.23	77.3	17.4
30.687	75.0	18.1
31.092	74.7	18.2
31.537	78.6	18.3
31.935	80.0	18.4
32.402	78.0	19.1
32.82	77.1	19.2
33.253	76.1	19.3
33.685	75.6	19.4
34.158	75.7	20.1
34.621	72.7	20.2
35.061	73.5	20.3
35.518	73.2	20.4
35.918	74.2	21.1
36.424	72.0	21.2
36.841	77.3	21.3
37.298	76.7	21.4
37.689	78.0	22.1
38.127	76.4	22.2
38.553	78.6	22.3
38.955	77.3	22.4
39.371	79.8	23.1
39.817	78.4	23.2
40.267	81.1	23.3
40.71	79.8	23.4
41.086	79.2	24.1
41.486	76.0	24.2
41.918	80.1	24.3
42.327	82.9	24.4
42.743	79.5	25.1
43.159	81.4	25.2
43.642	81.2	25.3
44.22	80.1	25.4
44.661	79.0	26.1
45.04	83.8	26.2
45.469	79.6	26.3
45.886	82.3	26.4
46.367	78.2	27.1
46.792	84.8	27.2
47.224	82.1	27.3
47.641	83.3	27.4
48.128	78.0	28.1
48.588	83.2	28.2
49.067	81.7	28.3
49.518	89.3	28.4
49.989	80.7	29.1
50.473	83.4	29.2
50.975	73.6	29.3
51.429	81.2	29.4
51.874	77.6	30.1
52.318	81.7	30.2
52.76	81.0	30.3
53.273	82.1	30.4
53.714	85.8	31.1
54.261	86.5	31.2
54.734	79.7	31.3
55.154	78.4	31.4
55.57	77.7	32.1
56.014	85.5	32.2
56.469	78.3	32.3
56.867	78.7	32.4
57.306	80.2	33.1
57.755	85.5	33.2
58.236	79.7	33.3
58.669	79.4	33.4
59.127	81.4	34.1
59.548	79.8	34.2
60.021	79.3	34.3
60.498	81.7	34.4
61	83.6	35.1
61.495	81.6	35.2
61.967	77.2	35.3
62.408	79.3	35.4
62.833	78.6	36.1
63.249	84.5	36.2
63.696	79.8	36.3
64.131	80.0	36.4
64.56	77.8	37.1
64.981	83.9	37.2
65.454	81.9	37.3
65.914	82.3	37.4
66.416	70.0	38.1
66.866	72.4	38.2
67.306	75.6	38.3
67.796	89.1	38.4
68.294	78.9	39.1
68.748	83.1	39.2
69.249	79.1	39.3
69.755	81.4	39.4
70.22	77.5	40.1
70.686	78.6	40.2
71.224	80.5	40.3
71.722	78.6	40.4
72.171	76.2	41.1
72.678	84.2	41.2
73.143	82.4	41.3
73.649	79.8	41.4
74.169	76.7	42.1
74.678	86.4	42.2
75.143	78.3	42.3
75.679	71.1	42.4
76.171	66.9	43.1
76.604	71.5	43.2
77.037	75.5	43.3
77.478	69.1	43.4
78.011	60.2	44.1
78.531	70.9	44.2
79.012	72.4	44.3
79.51	69.3	44.4
79.925	65.4	45.1
80.318	74.1	45.2
80.785	73.6	45.3
81.254	76.1	45.4
81.678	70.7	46.1
82.142	69.7	46.2
82.539	80.3	46.3
83.023	78.5	46.4
83.46	77.0	47.1
83.853	72.5	47.2
84.245	76.3	47.3
84.743	71.0	47.4
85.208	71.4	48.1
85.559	75.6	48.2
85.927	76.3	48.3
86.408	73.1	48.4
86.942	73.8	49.1
87.32	77.1	49.2
87.7	79.3	49.3
88.229	73.7	49.4
88.661	79.0	50.1
89.078	74.3	50.2
89.624	75.6	50.3
90.082	76.2	50.4
90.58	77.8	51.1
91.105	75.6	51.2
91.657	72.6	51.3
92.122	69.5	51.4
92.759	67.7	52.1
93.29	70.3	52.2
93.804	69.4	52.3
94.378	61.4	52.4
94.915	71.2	53.1
95.592	73.4	53.2
96.092	75.9	53.3
96.62	75.1	53.4
97.126	77.5	54.1
97.645	79.3	54.2
98.171	76.8	54.3
98.686	75.7	54.4
99.184	79.9	55.1
99.682	80.1	55.2
100.232	76.4	55.3
100.764	75.5	55.4
101.264	76.5	56.1
101.763	78.9	56.2
102.261	71.0	56.3
102.727	74.4	56.4
103.257	71.4	57.1
103.747	74.3	57.2
104.266	75.8	57.3
104.777	77.7	57.4
105.332	71.5	58.1
105.853	74.6	58.2
106.398	74.4	58.3
106.949	76.1	58.4
107.592	71.3	59.1
108.237	73.2	59.2
108.776	71.4	59.3
109.282	70.8	59.4
109.796	69.2	60.1
110.305	72.3	60.2
110.795	76.5	60.3
111.322	74.7	60.4
111.853	76.1	61.1
112.359	70.1	61.2
112.89	68.2	61.3
113.371	65.0	61.4
113.869	67.8	62.1
114.294	69.4	62.2
114.795	73.0	62.3
115.226	72.3	62.4
115.702	77.0	63.1
116.212	69.9	63.2
116.694	78.4	63.3
117.208	73.2	63.4
117.722	77.5	64.1
118.229	82.7	64.2
118.727	73.4	64.3
119.197	74.0	64.4
119.682	82.9	65.1
120.212	75.4	65.2
120.717	71.3	65.3
121.233	70.4	65.4
121.704	76.1	66.1
122.261	77.5	66.2
122.773	70.9	66.3
123.306	69.1	66.4
123.78	72.3	67.1
124.392	74.2	67.2
124.898	69.6	67.3
125.412	72.0	67.4
125.878	68.9	68.1
126.441	71.3	68.2
127.013	75.7	68.3
127.527	77.8	68.4
128.082	76.8	69.1
128.784	77.1	69.2
129.413	66.5	69.3
130.008	72.2	69.4
130.522	71.5	70.1
131.037	74.7	70.2
131.486	73.0	70.3
131.978	73.8	70.4
132.498	71.2	71.1
132.983	80.5	71.2
133.494	72.4	71.3
134.098	71.3	71.4
134.58	68.2	72.1
135.086	72.6	72.2
135.6	72.5	72.3
136.057	78.7	72.4
136.64	71.0	73.1
137.136	72.0	73.2
137.641	74.6	73.3
138.141	74.2	73.4
138.588	77.9	74.1
139.094	79.4	74.2
139.682	81.8	74.3
140.253	77.2	74.4
140.833	65.3	75.1
141.469	73.0	75.2
142.065	67.3	75.3
142.604	69.3	75.4
143.265	69.9	76.1
143.69	65.1	76.2
144.098	70.5	76.3
144.588	70.6	76.4
144.996	74.1	77.1
145.403	71.4	77.2
145.788	72.4	77.3
146.266	73.5	77.4
146.645	74.1	78.1
147.029	72.8	78.2
147.396	73.1	78.3
147.853	71.6	78.4
148.269	75.0	79.1
148.725	80.5	79.2
149.135	77.4	79.3
149.565	78.3	79.4
149.98	84.5	80.1
150.457	71.7	80.2
150.857	76.8	80.3
151.265	74.5	80.4
151.665	81.5	81.1
152.098	86.9	81.2
152.565	83.6	81.3
152.939	73.3	81.4
153.314	80.0	82.1
153.714	81.7	82.2
154.155	86.0	82.3
154.498	84.6	82.4
154.922	86.0	83.1
155.282	82.2	83.2
155.722	87.3	83.3
156.09	78.8	83.4
156.538	84.2	84.1
156.951	85.9	84.2
157.363	83.4	84.3
157.714	76.0	84.4
158.148	76.7	85.1
158.547	77.3	85.2
158.971	78.1	85.3
159.339	81.1	85.4
159.774	75.2	86.1
160.185	78.0	86.2
160.598	75.6	86.3
160.914	86.0	86.4
161.363	75.4	87.1
161.76	75.3	87.2
162.151	78.7	87.3
162.506	77.5	87.4
162.873	79.2	88.1
163.282	79.2	88.2
163.624	78.9	88.3
164.016	81.4	88.4
164.427	83.6	89.1
164.779	77.5	89.2
165.17	76.5	89.3
165.56	81.7	89.4
165.91	78.3	90.1
166.305	82.5	90.2
166.677	78.3	90.3
167.074	79.4	90.4
167.527	80.6	91.1
167.986	84.7	91.2
168.388	79.4	91.3
168.803	78.5	91.4
169.2	78.8	92.1
169.592	81.6	92.2
170.033	80.2	92.3
170.437	82.9	92.4
170.859	80.6	93.1
171.233	79.6	93.2
171.649	74.8	93.3
172.062	79.1	93.4
172.441	81.4	94.1
172.847	80.3	94.2
173.265	79.0	94.3
173.659	78.1	94.4
174.253	88.0	95.1
174.939	75.3	95.2
175.486	77.8	95.3
176.008	75.9	95.4
176.645	78.2	96.1
177.045	76.4	96.2
177.576	71.4	96.3
178.098	74.1	96.4
178.596	74.4	97.1
179.069	74.4	97.2
179.518	87.7	97.3
179.959	77.5	97.4
180.392	82.5	98.1
180.833	78.4	98.2
181.257	79.5	98.3
181.702	81.0	98.4
182.237	87.7	99.1
182.727	84.2	99.2
183.151	77.7	99.3
183.576	80.4	99.4
183.969	78.6	100.1
184.367	83.4	100.2
184.776	82.3	100.3
185.221	79.9	100.4
185.731	83.2	101.1
186.22	75.7	101.2
186.686	74.7	101.3
187.151	78.8	101.4
187.502	79.6	102.1
188.016	82.0	102.2
188.426	78.4	102.3
188.808	81.8	102.4
189.216	82.7	103.1
189.706	84.8	103.2
190.139	83.1	103.3
190.563	80.2	103.4
191.037	83.1	104.1
191.453	79.7	104.2
191.927	83.5	104.3
192.318	78.8	104.4
192.931	81.0	105.1
193.518	81.3	105.2
193.992	71.2	105.3
194.531	73.6	105.4
195.118	74.3	106.1
195.576	83.2	106.2
196.01	72.4	106.3
196.522	72.4	106.4
197.061	69.8	107.1
197.567	78.1	107.2
198.024	73.8	107.3
198.539	73.3	107.4
199.102	72.7	108.1
199.52	75.2	108.2
200	68.3	108.3
200.547	72.2	108.4
201.061	72.8	109.1
201.514	71.2	109.2
201.969	65.2	109.3
202.49	70.4	109.4
203.029	68.7	110.1
203.502	70.9	110.2
203.967	68.4	110.3
204.457	74.2	110.4
204.996	83.4	111.1
205.506	77.9	111.2
205.976	82.0	111.3
206.441	80.1	111.4
206.824	86.1	112.1
207.297	75.0	112.2
207.747	84.7	112.3
208.18	82.8	112.4
208.588	80.8	113.1
209.029	76.5	113.2
209.469	81.1	113.3
209.927	79.4	113.4
210.367	84.2	114.1
210.873	81.4	114.2
211.29	82.3	114.3
211.731	79.7	114.4
212.22	85.1	115.1
212.767	73.2	115.2
213.216	75.6	115.3
213.608	76.9	115.4
213.984	78.5	116.1
214.384	75.4	116.2
214.827	78.2	116.3
215.196	78.7	116.4
215.576	80.7	117.1
215.976	74.6	117.2
216.408	81.2	117.3
216.794	81.1	117.4
217.173	81.3	118.1
217.563	79.8	118.2
217.977	81.6	118.3
218.359	80.1	118.4
218.735	82.7	119.1
219.273	74.9	119.2
219.69	78.3	119.3
220.049	74.9	119.4
220.434	79.3	120.1
220.83	75.8	120.2
221.298	77.3	120.3
221.673	76.2	120.4
222.076	81.0	121.1
222.474	76.2	121.2
222.931	77.5	121.3
223.282	79.8	121.4
223.657	77.1	122.1
224.057	80.6	122.2
224.441	80.2	122.3
224.849	76.0	122.4
225.28	78.7	123.1
225.879	64.4	123.2
226.392	73.9	123.3
226.897	75.9	123.4
227.363	71.7	124.1
227.853	75.5	124.2
228.278	73.3	124.3
228.824	75.6	124.4
229.233	77.2	125.1
229.812	71.0	125.2
230.343	72.8	125.3
230.849	84.6	125.4
231.339	76.6	126.1
231.837	75.7	126.2
232.327	81.8	126.3
232.824	83.1	126.4
233.322	82.4	127.1
233.796	83.0	127.2
234.318	75.9	127.3
234.858	76.3	127.4
235.38	73.5	128.1
235.918	77.4	128.2
236.391	76.7	128.3
236.963	75.4	128.4
237.478	74.8	129.1
238.082	84.1	129.2
238.563	76.3	129.3
239.118	73.5	129.4
239.649	72.2	130.1
240.253	68.9	130.2
240.857	77.0	130.3
241.412	77.2	130.4
242.024	78.4	131.1
242.62	78.7	131.2
243.273	77.6	131.3
243.837	79.0	131.4
244.563	79.6	132.1
245.069	75.0	132.2
245.529	72.9	132.3
246	76.1	132.4
246.367	77.2	133.1
246.836	73.3	133.2
247.216	71.7	133.3
247.657	76.8	133.4
248.048	78.6	134.1
248.476	76.5	134.2
248.873	84.5	134.3
249.347	77.2	134.4
249.754	78.1	135.1
250.172	73.4	135.2
250.576	78.3	135.3
250.98	83.8	135.4
251.426	87.4	136.1
251.861	74.0	136.2
252.31	72.7	136.3
252.718	77.4	136.4
253.11	76.5	137.1
253.576	73.5	137.2
253.959	75.7	137.3
254.359	77.0	137.4
254.776	76.4	138.1
255.216	71.6	138.2
255.606	72.1	138.3
256.073	76.4	138.4
256.454	73.5	139.1
256.857	84.8	139.2
257.257	82.5	139.3
257.633	73.4	139.4
258.049	75.7	140.1
258.482	78.0	140.2
258.906	81.8	140.3
259.336	77.2	140.4
259.755	75.5	141.1
260.183	72.1	141.2
260.58	72.3	141.3
260.971	81.9	141.4
261.371	78.1	142.1
261.788	86.8	142.2
262.204	77.8	142.3
262.645	83.4	142.4
263.053	85.9	143.1
263.51	77.9	143.2
263.984	81.7	143.3
264.408	74.6	143.4
264.816	82.1	144.1
265.241	79.2	144.2
265.682	80.3	144.3
266.122	76.7	144.4
266.531	76.2	145.1
266.931	80.9	145.2
267.33	78.0	145.3
267.755	81.0	145.4
268.203	76.9	146.1
268.621	76.9	146.2
269.052	78.7	146.3
269.495	73.1	146.4
269.937	73.8	147.1
270.398	66.6	147.2
270.8	74.8	147.3
271.233	75.8	147.4
271.641	73.8	148.1
272.117	70.6	148.2
272.503	77.6	148.3
272.927	77.6	148.4
273.298	78.8	149.1
273.788	76.4	149.2
274.204	78.2	149.3
274.563	75.9	149.4
274.996	80.1	150.1
275.445	75.5	150.2
275.861	79.7	150.3
276.22	78.3	150.4
276.612	81.4	151.1
277.037	79.7	151.2
277.445	78.4	151.3
277.861	84.2	151.4
278.254	80.0	152.1
278.703	80.2	152.2
279.144	81.9	152.3
279.698	81.1	152.4
280.09	80.8	153.1
280.629	84.2	153.2
281.032	79.6	153.3
281.453	80.6	153.4
281.969	77.1	154.1
282.386	82.6	154.2
282.811	82.3	154.3
283.247	80.0	154.4
283.714	75.9	155.1
284.163	80.5	155.2
284.645	78.9	155.3
285.118	86.4	155.4
285.576	79.7	156.1
286.049	76.6	156.2
286.539	73.3	156.3
287.012	79.6	156.4
287.441	74.9	157.1
287.935	79.5	157.2
288.359	79.9	157.3
288.784	83.1	157.4
289.306	86.0	158.1
289.853	82.9	158.2
290.285	78.7	158.3
290.72	78.9	158.4
291.159	78.4	159.1
291.576	83.6	159.2
292.025	77.7	159.3
292.457	79.2	159.4
292.898	79.5	160.1
293.347	84.4	160.2
293.773	79.7	160.3
294.237	79.5	160.4
294.655	84.1	161.1
295.08	79.6	161.2
295.545	81.4	161.3
296.012	81.9	161.4
296.571	86.5	162.1
297.078	80.1	162.2
297.508	79.2	162.3
297.956	76.1	162.4
298.359	80.1	163.1
298.841	79.1	163.2
299.239	81.0	163.3
299.706	74.3	163.4
300.114	77.4	164.1
300.563	83.8	164.2
301.045	80.0	164.3
301.461	85.1	164.4
301.984	69.8	165.1
302.392	71.7	165.2
302.776	77.0	165.3
303.283	84.4	165.4
303.82	80.4	166.1
304.278	79.0	166.2
304.759	79.9	166.3
305.273	81.2	166.4
305.706	75.9	167.1
306.204	78.4	167.2
306.727	75.8	167.3
307.216	76.5	167.4
307.665	75.3	168.1
308.188	83.0	168.2
308.67	78.9	168.3
309.16	78.6	168.4
309.663	76.6	169.1
310.166	79.2	169.2
310.678	79.1	169.3
311.192	73.7	169.4
311.69	71.9	170.1
312.155	70.8	170.2
312.653	75.1	170.3
313.094	76.1	170.4
313.649	70.5	171.1
314.18	70.0	171.2
314.669	70.9	171.3
315.184	78.6	171.4
315.673	73.2	172.1
316.188	73.2	172.2
316.678	72.0	172.3
317.118	73.8	172.4
317.682	76.5	173.1
318.212	71.5	173.2
318.735	72.4	173.3
319.241	76.2	173.4
319.935	78.1	174.1
320.596	75.2	174.2
321.265	74.7	174.3
322.059	75.1	174.4
323.069	73.9	175.1
323.559	71.1	175.2
323.894	71.7	175.3
324.294	73.2	175.4
324.653	74.0	176.1
324.963	71.1	176.2
325.314	75.2	176.3
325.657	76.2	176.4
326.008	75.6	177.1
326.392	84.3	177.2
326.808	77.4	177.3
327.2	82.7	177.4
327.616	79.5	178.1
327.992	78.9	178.2
328.431	78.8	178.3
328.808	77.3	178.4
329.273	77.6	179.1
329.69	77.1	179.2
330.082	76.3	179.3
330.457	78.3	179.4
330.87	77.6	180.1
331.282	75.0	180.2
331.69	84.8	180.3
332.09	73.0	180.4
332.482	85.5	181.1
332.896	82.0	181.2
333.285	79.2	181.3
333.703	76.2	181.4
334.09	81.7	182.1
334.563	75.5	182.2
334.971	77.4	182.3
335.365	79.1	182.4
335.788	73.8	183.1
336.196	76.9	183.2
336.596	79.9	183.3
337.004	82.2	183.4
337.347	84.6	184.1
337.78	79.7	184.2
338.229	80.1	184.3
338.608	83.0	184.4
339.03	82.2	185.1
339.502	82.5	185.2
339.878	83.3	185.3
340.31	83.6	185.4
340.686	89.6	186.1
341.086	86.9	186.2
341.469	79.5	186.3
341.886	82.6	186.4
342.269	75.6	187.1
342.702	79.4	187.2
343.135	77.4	187.3
343.527	82.3	187.4
343.985	74.4	188.1
344.384	79.2	188.2
344.837	75.0	188.3
345.216	82.2	188.4
345.641	84.7	189.1
346.033	80.4	189.2
346.367	83.7	189.3
346.727	83.0	189.4
347.069	83.6	190.1
347.371	82.3	190.2
347.722	82.2	190.3
348.065	81.2	190.4
348.343	86.9	191.1
348.669	79.8	191.2
349.004	78.5	191.3
349.341	78.6	191.4
349.663	80.3	192.1
349.971	78.3	192.2
350.302	79.8	192.3
350.629	82.7	192.4
350.973	79.0	193.1
351.306	73.9	193.2
351.645	78.1	193.3
352.02	75.7	193.4
352.359	80.4	194.1
352.653	80.8	194.2
352.998	82.5	194.3
353.353	80.6	194.4
353.692	83.8	195.1
354.09	81.7	195.2
354.448	83.6	195.3
354.791	83.6	195.4
355.11	82.6	196.1
355.433	81.1	196.2
355.771	83.5	196.3
356.098	80.0	196.4
356.457	83.1	197.1
356.865	62.0	197.2
357.257	84.8	197.3
357.649	66.5	197.4
358.122	87.7	198.1
