5.030041666	2.82596	1
7.856000000	2.50475	2
10.360750000	2.60992	3
12.970666666	2.59533	4
15.566000000	2.578	5
18.144000000	2.66667	6
20.810666666	2.87467	7
23.685333333	2.83308	8
26.518416666	2.43092	9
28.949333333	2.56533	10
31.514666666	2.432	11
33.946666666	2.67733	12
36.624000000	2.336	13
38.960000000	2.16806	14
41.128062500	2.26927	15
43.397333333	2.70933	16
46.106666666	2.944	17
49.050666666	2.128	18
51.178666666	2.24533	19
53.424000000	2.41067	20
55.834666666	2.352	21
58.186666666	2.35733	22
60.544000000	2.24533	23
62.789333333	2.32	24
65.109333333	2.30933	25
67.418666666	2.06933	26
69.488000000	2.048	27
71.536000000	2.048	28
73.584000000	2.08533	29
75.669333333	2.10571	30
77.775041666	2.32096	31
80.096000000	2.41067	32
82.506666666	2.91733	33
85.424000000	2.464	34
87.888000000	2.32	35
90.208000000	2.2866	36
92.494604166	2.40106	37
94.895666666	2.22433	38
97.120000000	2.26133	39
99.381333333	2.11733	40
101.498666666	2.544	41
104.042666666	2.22056	42
106.263229166	1.96929	43
108.232520833	2.09815	44
110.330666666	2.16	45
112.490666666	2.04137	46
114.532041666	1.94263	47
116.474666666	2.04267	48
118.517333333	2.06933	49
120.586666666	2.03733	50
122.624000000	2.02667	51
124.650666666	1.984	52
126.634666666	1.96888	53
128.603541666	2.0854	54
130.688937500	1.91906	55
132.608000000	1.984	56
134.592000000	2.4	57
136.992000000	2.34133	58
139.333333333	1.91467	59
141.248000000	2.208	60
143.456000000	2.30933	61
145.765333333	2.144	62
147.909333333	2.05867	63
149.968000000	2.14933	64
152.117333333	2.46788	65
154.585208333	2.71079	66
157.296000000	2.42667	67
159.722666666	2.26667	68
161.989333333	2.28256	69
164.271895833	2.42677	70
166.698666666	2.70752	71
169.406187500	2.56715	72
171.973333333	2.624	73
174.597333333	2.55467	74
177.152000000	3.10933	75
180.261333333	3.33346	76
183.594791666	3.98921	77
187.584000000	2.752	78
190.336000000	2.592	79
192.928000000	2.66667	80
195.594666666	2.704	81
198.298666666	2.73067	82
201.029333333	2.64533	83
203.674666666	2.864	84
206.538666666	2.74667	85
209.285333333	2.74667	86
212.032000000	2.72	87
214.752000000	2.61867	88
217.370666666	2.67733	89
220.048000000	2.832	90
222.880000000	2.71467	1
225.594666666	2.39467	2
227.989333333	2.50265	3
230.491979166	2.61202	4
233.104000000	2.46933	5
235.573333333	2.608	6
238.181333333	2.77333	7
240.954666666	2.61333	8
243.568000000	2.496	9
246.064000000	2.528	10
248.592000000	2.37867	11
250.970666666	2.544	12
253.514666666	2.272	13
255.786666666	2.18133	14
257.968000000	2.17067	15
260.138666666	2.624	16
262.762666666	2.70933	17
265.472000000	2.07617	18
267.548166666	2.3025	19
269.850666666	2.45333	20
272.304000000	2.32533	21
274.629333333	2.35733	22
276.986666666	2.27733	23
279.264000000	2.128	24
281.392000000	2.47798	25
283.869979166	2.08735	26
285.957333333	2.0594	27
288.016729166	2.06327	28
290.080000000	2.07467	29
292.154666666	2.096	30
294.250666666	2.43733	31
296.688000000	2.68267	32
299.370666666	2.78933	33
302.160000000	2.44267	34
304.602666666	2.49067	35
307.093333333	2.30933	36
309.402666666	2.37867	37
311.781333333	2.20267	38
313.984000000	2.23729	39
316.221291666	2.29071	40
318.512000000	2.44267	41
320.954666666	2.14933	42
323.104000000	2.192	43
325.296000000	2.08571	44
327.381708333	2.09029	45
329.472000000	2.08533	46
331.557333333	2.08	47
333.637333333	2.10133	48
335.738666666	2.11733	49
337.856000000	2.096	50
339.952000000	2.08533	51
342.037333333	1.984	52
344.021333333	2.00533	53
346.026666666	1.96267	54
347.989333333	2.02133	55
350.010666666	1.99467	56
352.005333333	2.4	57
354.405333333	2.352	58
356.757333333	2.05383	59
358.811166666	2.37817	60
361.189333333	2.44267	61
363.632000000	2.28267	62
365.914666666	2.256	63
368.170666666	2.18133	64
370.352000000	2.53867	65
372.890666666	3.01867	66
375.909333333	2.704	67
378.613333333	2.464	68
381.077333333	2.78933	69
383.866666666	2.76267	70
386.629333333	3.616	71
390.245333333	2.56533	72
392.810666666	2.60319	73
395.413854166	2.64481	74
398.058666666	2.82133	75
400.880000000	3.19467	76
404.074666666	3.696	77
407.770666666	2.64	78
410.410666666	2.63467	79
413.045333333	2.62933	80
415.674666666	2.61867	81
418.293333333	2.65067	82
420.944000000	2.61867	83
423.562666666	2.95467	84
426.517333333	2.704	85
429.221333333	2.80533	86
432.026666666	2.624	87
434.650666666	2.592	88
437.242666666	2.608	89
439.850666666	2.58133	90
442.432000000	2.79467	91
445.226666666	2.58667	92
447.813333333	2.52267	93
450.336000000	2.60267	94
452.938666666	2.37333	95
455.312000000	2.58133	96
457.893333333	2.46933	97
460.362666666	2.62637	98
462.989041666	2.42429	99
465.413333333	2.61867	100
468.032000000	2.48533	101
470.517333333	2.44498	102
472.962312500	2.43502	103
475.397333333	2.42133	104
477.818666666	2.688	105
480.506666666	2.74133	106
483.248000000	2.46521	107
485.713208333	2.52146	108
488.234666666	2.33067	109
490.565333333	2.40533	110
492.970666666	2.09183	111
495.062500000	2.2175	112
497.280000000	2.13867	113
499.418666666	2.11733	114
501.536000000	2.14887	115
503.684875000	2.11779	116
505.802666666	2.128	117
507.930666666	2.21333	118
510.144000000	2.37333	119
512.517333333	2.272	120
514.789333333	2.29333	121
517.082666666	2.304	122
519.386666666	2.352	123
521.738666666	2.416	124
524.154666666	2.98294	125
527.137604166	2.39577	126
529.533375000	2.07729	127
531.610666666	2.35733	128
533.968000000	2.31954	129
536.287541666	2.15512	130
538.442666666	2.224	131
540.666666666	2.304	132
542.970666666	2.91733	133
545.888000000	2.35371	134
548.241708333	2.17165	135
550.413354166	2.27465	136
552.688000000	2.43408	137
555.122083333	2.27417	138
557.396250000	2.03871	139
559.434958333	2.56465	140
561.999604166	2.55506	141
564.554666666	2.63467	142
567.189333333	2.58133	143
569.770666666	2.864	144
572.634666666	2.42133	145
575.056000000	2.25773	146
577.313729166	2.24894	147
579.562666666	2.30933	148
581.872000000	2.512	149
584.384000000	2.608	150
586.992000000	2.53333	151
589.525333333	2.63467	152
592.160000000	2.576	153
594.736000000	2.64	154
597.376000000	2.72533	155
600.101333333	2.66667	156
602.768000000	2.784	157
605.552000000	2.79467	158
608.346666666	2.79467	159
611.141333333	2.55467	160
613.696000000	3.12	161
616.816000000	2.62933	162
619.445333333	2.352	163
621.797333333	2.4	164
624.197333333	2.32	165
626.517333333	2.32533	166
628.842666666	2.304	167
631.146666666	2.56	168
633.706666666	2.304	169
636.010666666	2.33117	170
638.341833333	2.1435	171
640.485333333	2.18133	172
642.666666666	2.1354	173
644.802062500	2.13127	174
646.933333333	2	175
648.933333333	2.05333	176
650.986666666	2.432	177
653.418666666	2.34815	178
655.766812500	2.09646	179
657.863270833	2.22206	180
660.085333333	2.48533	181
662.570666666	2.32	182
664.890666666	2.26667	183
667.157333333	2.26667	184
669.424000000	2.11733	185
671.541333333	2.23667	186
673.778000000	2.01933	187
675.797333333	2.05333	188
677.850666666	1.92392	189
679.774583333	2.17208	190
681.946666666	2.05867	191
684.005333333	2.36267	192
686.368000000	2.57067	193
688.938666666	3.02933	194
691.968000000	2.42667	195
694.394666666	2.37333	196
696.768000000	2.33437	197
699.102375000	2.40162	198
701.504000000	2.368	199
703.872000000	2.304	200
706.176000000	2.30933	201
708.485333333	2.48533	202
710.970666666	2.17348	203
713.144145833	2.21585	204
715.360000000	2.096	205
717.456000000	2.16	206
719.616000000	2.176	207
721.792000000	2.06933	208
723.861333333	2.08	209
725.941333333	2.13333	210
728.074666666	2.144	211
730.218666666	1.968	212
732.186666666	2.032	213
734.218666666	2.016	214
736.234666666	1.92533	215
738.160000000	2.07181	216
740.231812500	1.99752	217
742.229333333	2.51733	218
744.746666666	2.37867	219
747.125333333	2.016	220
749.141333333	2.304	221
751.445333333	2.29867	222
753.744000000	2.19733	223
755.941333333	2.24	224
758.181333333	2.10133	225
760.282666666	2.448	226
762.730666666	2.83733	227
765.568000000	2.77333	228
768.341333333	2.48035	229
770.821687500	2.24498	230
773.066666666	2.63467	231
775.701333333	2.96533	232
778.666666666	2.52267	233
781.189333333	2.544	234
783.733333333	2.576	235
786.309333333	2.944	236
789.253333333	3.84533	237
793.098666666	4.45333	238
797.552000000	2.77867	239
800.330666666	2.58133	240
802.912000000	2.69333	241
805.605333333	2.72	242
808.325333333	2.704	243
811.029333333	2.69867	244
813.728000000	2.90667	245
816.634666666	2.84267	246
819.477333333	2.66667	247
822.144000000	2.66667	248
824.810666666	2.784	249
827.594666666	2.88533	250
830.480000000	2.87219	251
833.352187500	3.26115	252
836.613333333	2.72533	253
839.338666666	2.74133	254
842.080000000	2.98667	255
845.066666666	2.704	256
847.770666666	2.608	257
850.378666666	2.47467	258
852.853333333	2.63879	259
855.492125000	2.78521	260
858.277333333	2.656	261
860.933333333	2.46933	262
863.402666666	2.54933	263
865.952000000	2.70933	264
868.661333333	2.688	265
871.349333333	2.85333	266
874.202666666	2.88	267
877.082666666	3.11467	268
880.197333333	2.7534	269
882.950729166	2.7826	270
885.733333333	2.784	271
888.517333333	2.63898	272
891.156312500	2.61969	273
893.776000000	2.82667	274
896.602666666	3.25867	275
899.861333333	3.68533	276
903.546666666	2.848	277
906.394666666	3.664	278
910.058666666	3.14133	279
913.200000000	4.816	280
918.016000000	0	281
