0.152380952	0	0.5
0.373696145	271.107	0.6
0.613151927	250.568	1.1
0.819954649	290.132	1.2
1.059410431	250.568	1.3
1.292766440	257.118	1.4
1.523809524	259.692	1.5
1.741496599	275.625	1.6
1.966439909	266.734	2.1
2.227664399	229.688	2.2
2.445351474	275.625	2.3
2.663038549	275.625	2.4
2.884353741	271.107	2.5
3.091156463	290.132	2.6
3.348752834	232.923	3.1
3.599092971	239.674	3.2
3.827664399	262.5	3.3
4.057369615	261.204	3.4
4.277551020	272.503	3.5
4.487981859	285.129	3.6
4.698412698	285.129	4.1
4.937868481	250.568	4.2
5.177324263	250.568	4.3
5.384126984	290.132	4.4
5.605442177	271.107	4.5
5.815873016	285.129	4.6
6.058956916	246.828	5.1
6.240362812	330.75	5.2
6.490975057	239.414	5.3
6.704761905	280.653	5.4
6.911564626	290.132	5.5
7.180045351	223.48	5.6
7.412244898	258.398	6.1
7.644444444	258.398	6.2
7.850612245	291.025	6.3
8.050793651	299.728	6.4
8.268480726	275.625	6.5
8.460770975	312.028	6.6
8.714739229	236.25	7.1
8.936054422	271.107	7.2
9.189274376	236.948	7.3
9.389569161	299.558	7.4
9.625396825	254.423	7.5
9.839455782	280.297	7.6
10.100680272	229.688	8.1
10.321995465	271.107	8.2
10.565079365	246.828	8.3
10.767800454	295.973	8.4
10.996825397	261.98	8.5
11.214512472	275.625	8.6
11.461224490	243.199	9.1
11.671655329	285.129	9.2
11.900226757	262.5	9.3
12.125170068	266.734	9.4
12.339229025	280.297	9.5
12.564172336	266.734	9.6
12.814512472	239.674	10.1
13.086621315	220.5	10.2
13.362358277	217.599	10.3
13.572789116	285.129	10.4
13.794104308	271.107	10.5
14.004535147	285.129	10.6
14.222222222	275.625	11.1
14.454421769	258.398	11.2
14.707505669	237.076	11.3
14.907936508	299.355	11.4
15.125623583	275.625	11.5
15.390476190	226.541	11.6
15.637188209	243.199	12.1
15.893492063	234.097	12.2
16.188662132	203.273	12.3
16.423356009	255.652	12.4
16.674829932	238.593	12.5
16.888888889	280.297	12.6
17.182766440	204.167	13.1
17.448843537	225.499	13.2
17.723356009	218.569	13.3
18.002721088	214.773	13.4
18.213151927	285.129	13.5
18.449274376	254.105	13.6
18.757800454	194.473	14.1
19.036734694	215.104	14.2
19.326984127	206.719	14.3
19.609977324	212.019	14.4
19.914739229	196.875	14.5
20.143310658	262.5	14.6
20.371882086	262.5	15.1
20.589569161	275.625	15.2
20.814512472	266.734	15.3
21.056258503	248.194	15.4
21.275283447	273.941	15.5
21.547392290	220.5	15.6
21.786848073	250.568	16.1
21.993650794	290.132	16.2
22.207709751	280.297	16.3
22.429024943	271.107	16.4
22.657596372	262.5	16.5
22.868027211	285.129	16.6
23.116734694	241.247	17.1
23.354195011	252.674	17.2
23.600907029	243.199	17.3
23.829478458	262.5	17.4
24.058049887	262.5	17.5
24.282993197	266.734	17.6
24.489795918	290.132	18.1
24.714739229	266.734	18.2
24.914285714	300.682	18.3
25.153741497	250.568	18.4
25.382312925	262.5	18.5
25.574603175	312.028	18.6
25.839160998	226.794	19.1
26.075283447	254.105	19.2
26.307482993	258.398	19.3
26.509546485	296.936	19.4
26.745034014	254.791	19.5
26.979410431	255.998	19.6
27.218140590	251.33	20.1
27.417687075	300.682	20.2
27.631746032	280.297	20.3
27.820408163	318.029	20.4
28.056235828	254.423	20.5
28.263038549	290.132	20.6
28.517006803	236.25	21.1
28.749206349	258.398	21.2
28.972925170	268.194	21.3
29.175963719	295.51	21.4
29.402267574	265.13	21.5
29.598185941	306.25	21.6
29.841269841	246.828	22.1
30.091609977	239.674	22.2
30.334693878	246.828	22.3
30.508843537	344.531	22.4
30.719274376	285.129	22.5
30.911564626	312.028	22.6
31.140136054	262.5	23.1
31.350566893	285.129	23.2
31.590022676	250.568	23.3
31.782312925	312.028	23.4
32.014512472	258.398	23.5
32.271814059	233.189	23.6
32.518820862	242.908	24.1
32.751020408	258.398	24.2
32.990476190	250.568	24.3
33.208163265	275.625	24.4
33.411337868	295.313	24.5
33.665306122	236.25	24.6
33.901133787	254.423	25.1
34.107936508	290.132	25.2
34.332879819	266.734	25.3
34.565079365	258.398	25.4
34.790022676	266.734	25.5
35.080272109	206.719	25.6
35.312471655	258.398	26.1
35.529501134	276.46	26.2
35.805895692	217.081	26.3
35.990929705	324.265	26.4
36.226757370	254.423	26.5
36.451700680	266.734	26.6
36.774603175	185.815	27.1
37.021315193	243.199	27.2
37.278911565	232.923	27.3
37.507482993	262.5	27.4
37.780453515	219.804	27.5
37.986394558	291.346	27.6
38.277573696	206.059	28.1
38.538140590	230.267	28.2
38.875714286	177.739	28.3
39.158390023	212.257	28.4
39.463038549	196.948	28.5
39.680725624	275.625	28.6
39.902040816	271.107	29.1
40.097959184	306.25	29.2
40.341043084	246.828	29.3
40.590340136	240.677	29.4
40.805442177	278.937	29.5
41.053129252	242.241	29.6
41.280725624	263.625	30.1
41.589115646	194.559	30.2
41.828571429	250.568	30.3
42.039002268	285.129	30.4
42.285714286	243.199	30.5
42.510657596	266.734	30.6
42.717460317	290.132	31.1
42.969659864	237.907	31.2
43.181859410	282.753	31.3
43.395918367	280.297	31.4
43.620861678	266.734	31.5
43.853061224	258.398	31.6
44.067120181	280.297	32.1
44.324716553	232.923	32.2
44.535147392	285.129	32.3
44.756462585	271.107	32.4
45.003174603	243.199	32.5
45.224489796	271.107	32.6
45.438548753	280.297	33.1
45.678004535	250.568	33.2
45.950113379	220.5	33.3
46.164557823	279.793	33.4
46.370975057	290.673	33.5
46.611927438	249.012	33.6
46.863492063	238.507	34.1
47.100226757	253.448	34.2
47.332426304	258.398	34.3
47.539229025	290.132	34.4
47.749659864	285.129	34.5
47.960090703	285.129	34.6
48.261224490	199.247	35.1
48.497052154	254.423	35.2
48.735011338	252.144	35.3
48.936054422	298.443	35.4
49.175510204	250.568	35.5
49.408276644	257.769	35.6
49.631541950	268.739	36.1
49.904761905	219.603	36.2
50.158730159	236.25	36.3
50.329251701	351.862	36.4
50.536054422	290.132	36.5
50.742857143	290.132	36.6
51.058503401	190.086	37.1
51.290702948	258.398	37.2
51.530158730	250.568	37.3
51.798639456	223.48	37.4
52.034467120	254.423	37.5
52.281179138	243.199	37.6
52.593197279	192.297	38.1
52.854421769	229.688	38.2
53.064852608	285.129	38.3
53.253514739	318.029	38.4
53.492970522	250.568	38.5
53.707029478	280.297	38.6
53.982766440	217.599	39.1
54.243990930	229.688	39.2
54.432653061	318.029	39.3
54.683968254	238.744	39.4
54.922448980	251.593	39.5
55.148548753	265.37	39.6
55.430385488	212.889	40.1
55.684353741	236.25	40.2
55.902040816	275.625	40.3
56.076190476	344.531	40.4
56.290249433	280.297	40.5
56.526780045	253.667	40.6
56.786598639	230.93	41.1
57.052675737	225.499	41.2
57.346031746	204.53	41.3
57.563718821	275.625	41.4
57.781405896	275.625	41.5
58.013605442	258.398	41.6
58.249433107	254.423	42.1
58.470748299	271.107	42.2
58.681179138	285.129	42.3
58.884353741	295.313	42.4
59.127437642	246.828	42.5
59.345124717	275.625	42.6
59.602721088	232.923	43.1
59.854331066	238.464	43.2
60.078004535	268.248	43.3
60.273922902	306.25	43.4
60.513378685	250.568	43.5
60.760816327	242.485	43.6
60.985034014	267.597	44.1
61.195464853	285.129	44.2
61.402267574	290.132	44.3
61.583673469	330.75	44.4
61.858321995	218.461	44.5
62.080725624	269.78	44.6
62.345578231	226.541	45.1
62.581405896	254.423	45.2
62.828117914	243.199	45.3
63.020408163	312.028	45.4
63.212698413	312.028	45.5
63.452154195	250.568	45.6
63.731519274	214.773	46.1
64.010884354	214.773	46.2
64.239455782	262.5	46.3
64.431746032	312.028	46.4
64.645804989	280.297	46.5
64.859863946	280.297	46.6
65.099319728	250.568	47.1
65.358004535	231.942	47.2
65.556462585	302.331	47.3
65.741496599	324.265	47.4
65.937414966	306.25	47.5
66.104308390	359.511	47.6
66.282086168	337.5	48.1
66.510657596	262.5	48.2
66.764625850	236.25	48.3
67.043990930	214.773	48.4
67.243537415	300.682	48.5
67.461224490	275.625	48.6
67.697052154	254.423	49.1
67.911111111	280.297	49.2
68.121541950	285.129	49.3
68.328344671	290.132	49.4
68.531519274	295.313	49.5
68.765419501	256.52	49.6
69.003174603	252.361	50.1
69.236394558	257.268	50.2
69.450521542	280.208	50.3
69.674376417	268.031	50.4
69.884807256	285.129	50.5
70.102494331	275.625	50.6
70.349206349	243.199	51.1
70.569682540	272.138	51.2
70.785555556	277.941	51.3
71.000634921	278.967	51.4
71.205442177	292.958	51.5
71.432312925	264.468	51.6
71.684353741	238.057	52.1
71.927437642	246.828	52.2
72.134240363	290.132	52.3
72.286621315	393.75	52.4
72.475283447	318.029	52.5
72.710362812	255.233	52.6
72.921541950	284.119	53.1
73.142857143	271.107	53.2
73.367800454	266.734	53.3
73.578231293	285.129	53.4
73.766893424	318.029	53.5
73.988208617	271.107	53.6
74.224036281	254.423	54.1
74.510657596	209.335	54.2
74.692063492	330.75	54.3
74.891609977	300.682	54.4
75.076643991	324.265	54.5
75.287074830	285.129	54.6
75.497505669	285.129	55.1
75.777573696	214.234	55.2
75.980045351	296.338	55.3
76.179591837	300.682	55.4
76.379138322	300.682	55.5
76.613492063	256.023	55.6
76.839909297	264.997	56.1
77.057596372	275.625	56.2
77.253514739	306.25	56.3
77.453061224	300.682	56.4
77.652607710	300.682	56.5
77.863038549	285.129	56.6
78.073469388	285.129	57.1
78.269387755	306.25	57.2
78.461678005	312.028	57.3
78.690249433	262.5	57.4
78.904308390	280.297	57.5
79.092970522	318.029	57.6
79.372244898	214.842	58.1
79.648072562	217.527	58.2
79.960090703	192.297	58.3
80.221315193	229.688	58.4
80.536961451	190.086	58.5
80.776417234	250.568	58.6
81.015873016	250.568	59.1
81.233560091	275.625	59.2
81.476643991	246.828	59.3
81.694331066	275.625	59.4
81.922902494	262.5	59.5
82.198639456	217.599	59.6
82.445351474	243.199	60.1
82.728344671	212.019	60.2
82.956916100	262.5	60.3
83.156462585	300.682	60.4
83.381405896	266.734	60.5
83.591836735	285.129	60.6
83.853061224	229.688	61.1
84.103401361	239.674	61.2
84.321088435	275.625	61.3
84.513378685	312.028	61.4
84.734693878	271.107	61.5
84.981405896	243.199	61.6
85.195464853	280.297	62.1
85.463945578	223.48	62.2
85.681632653	275.625	62.3
85.859410431	337.5	62.4
86.087981859	262.5	62.5
86.276643991	318.029	62.6
86.557278912	213.801	63.1
86.813605442	234.076	63.2
87.005895692	312.028	63.3
87.259863946	236.25	63.4
87.452154195	312.028	63.5
87.695238095	246.828	63.6
87.956757370	229.429	64.1
88.203174603	243.489	64.2
88.428117914	266.734	64.3
88.634920635	290.132	64.4
88.859863946	266.734	64.5
89.075487528	278.263	64.6
89.327891156	237.714	65.1
89.592743764	226.541	65.2
89.821315193	262.5	65.3
90.024489796	295.313	65.4
90.234920635	285.129	65.5
90.459863946	266.734	65.6
90.717460317	232.923	66.1
90.964172336	243.199	66.2
91.192743764	262.5	66.3
91.403174603	285.129	66.4
91.631746032	262.5	66.5
91.849433107	275.625	66.6
92.088888889	250.568	67.1
92.346485261	232.923	67.2
92.567800454	271.107	67.3
92.756462585	318.029	67.4
92.988662132	258.398	67.5
93.199092971	285.129	67.6
93.443083900	245.911	68.1
93.641723356	302.055	68.2
93.939229025	201.677	68.3
94.276643991	177.823	68.4
94.483446712	290.132	68.5
94.697505669	280.297	68.6
94.940589569	246.828	69.1
95.151020408	285.129	69.2
95.354195011	295.313	69.3
95.571882086	275.625	69.4
95.800453515	262.5	69.5
96.014376417	280.475	69.6
96.243083900	262.344	70.1
96.439002268	306.25	70.2
96.809070295	162.132	70.3
97.146485261	177.823	70.4
97.342403628	306.25	70.5
97.556462585	280.297	70.6
97.792290249	254.423	71.1
98.017233560	266.734	71.2
98.259523810	247.637	71.3
98.467732426	288.173	71.4
98.699319728	259.082	71.5
98.927891156	262.5	71.6
99.134693878	290.132	72.1
99.385034014	239.674	72.2
99.602721088	275.625	72.3
99.824875283	270.083	72.4
100.034467120	286.271	72.5
100.283900227	240.545	72.6
100.495238095	283.906	73.1
100.691156463	306.25	73.2
100.912471655	271.107	73.3
101.180952381	223.48	73.4
101.471201814	206.719	73.5
101.703401361	258.398	73.6
101.912562358	286.86	74.1
102.131519274	274.027	74.2
102.392743764	229.688	74.3
102.661224490	223.48	74.4
102.857142857	306.25	74.5
103.129251701	220.5	74.6
103.386848073	232.923	75.1
103.597278912	285.129	75.2
103.796825397	300.682	75.3
104.000000000	295.313	75.4
104.257596372	232.923	75.5
104.490362812	257.769	75.6
104.834467120	174.366	76.1
105.103469388	223.046	76.2
105.356916100	236.736	76.3
105.625396825	223.48	76.4
105.951927438	183.75	76.5
106.231292517	214.773	76.6
106.507029478	217.599	77.1
106.793650794	209.335	77.2
107.087528345	204.167	77.3
107.312471655	266.734	77.4
107.548299320	254.423	77.5
107.866281179	188.69	77.6
108.226757370	166.447	78.1
108.604081633	159.014	78.2
108.901587302	201.677	78.3
109.231746032	181.731	78.4
109.605442177	160.558	78.5
110.298412698	86.5838	78.6
110.831746032	112.5	79.1
111.212698413	157.5	79.2
111.484807256	220.5	79.3
111.822222222	177.823	79.4
112.076190476	236.25	79.5
112.341043084	226.541	79.6
112.631292517	206.719	80.1
112.928798186	201.677	80.2
113.186394558	232.923	80.3
113.440362812	236.25	80.4
113.792290249	170.49	80.5
114.100680272	194.559	80.6
114.448979592	172.266	81.1
114.771882086	185.815	81.2
115.051247166	214.773	81.3
115.341496599	206.719	81.4
115.606349206	226.541	81.5
115.867573696	229.688	81.6
116.183219955	190.086	82.1
116.462426304	214.895	82.2
116.712834467	239.609	82.3
117.010430839	201.615	82.4
117.376870748	163.738	82.5
117.721541950	174.079	82.6
118.015419501	204.167	83.1
118.349206349	179.755	83.2
118.682993197	179.755	83.3
118.973242630	206.719	83.4
119.238095238	226.541	83.5
119.517460317	214.773	83.6
119.800453515	212.019	84.1
120.083446712	212.019	84.2
120.362811791	214.773	84.3
120.671201814	194.559	84.4
121.037641723	163.738	84.5
121.393197279	168.75	84.6
121.799546485	147.656	85.1
122.209523810	146.35	85.2
122.539682540	181.731	85.3
122.848072562	194.559	85.4
123.160090703	192.297	85.5
123.457596372	201.677	85.6
123.729705215	220.5	86.1
124.009070295	214.773	86.2
124.277551020	223.48	86.3
124.582312925	196.875	86.4
124.858049887	217.599	86.5
125.144671202	209.335	86.6
125.489342404	174.079	87.1
125.808616780	187.926	87.2
126.044444444	254.423	87.3
126.338321995	204.167	87.4
126.632199546	204.167	87.5
126.962358277	181.731	87.6
127.288888889	183.75	88.1
127.655328798	163.738	88.2
127.936666667	213.267	88.3
128.221315193	210.786	88.4
128.533333333	192.297	88.5
128.856235828	185.815	88.6
129.208163265	170.49	89.1
129.567346939	167.045	89.2
129.922244898	169.063	89.3
130.263945578	175.592	89.4
130.684807256	142.565	89.5
131.076643991	153.125	89.6
131.591836735	116.461	79.1
132.164807256	104.717	79.2
132.567800454	148.886	79.3
132.926984127	167.045	79.4
133.228117914	199.247	79.5
133.527052154	200.713	79.6
133.841269841	190.95	80.1
134.142403628	199.247	80.2
134.447165533	196.875	80.3
134.733786848	209.335	80.4
135.074829932	175.931	80.5
135.452154195	159.014	80.6
135.854875283	148.986	81.1
136.232199546	159.014	81.2
136.511564626	214.773	81.3
136.830839002	187.926	81.4
137.121088435	206.719	81.5
137.411337868	206.719	81.6
137.745124717	179.755	82.1
138.035374150	206.719	82.2
138.285827664	239.565	82.3
138.648526077	165.427	82.4
139.029478458	157.5	82.5
139.450340136	142.565	82.6
139.882086168	138.971	83.1
140.270294785	154.556	83.2
140.589569161	187.926	83.3
141.021315193	138.971	83.4
141.329705215	194.559	83.5
141.648979592	187.926	83.6
141.957369615	194.559	84.1
142.243990930	209.335	84.2
142.646712018	148.986	84.3
143.013151927	163.738	84.4
143.415873016	148.986	84.5
143.818594104	148.986	84.6
144.348299320	113.271	85.1
144.841723356	121.599	85.2
145.287981859	134.451	85.3
145.676757370	154.331	85.4
146.006349206	182.043	85.5
146.340136054	179.755	85.6
146.659410431	187.926	86.1
146.985941043	183.75	86.2
147.301587302	190.086	86.3
147.639002268	177.823	86.4
147.990929705	170.49	86.5
148.397278912	147.656	86.6
148.770975057	160.558	87.1
149.144671202	160.558	87.2
149.492970522	172.266	87.3
149.794104308	199.247	87.4
150.098866213	196.875	87.5
150.439909297	175.931	87.6
150.802721088	165.375	88.1
151.274376417	127.212	88.2
151.608163265	179.755	88.3
151.938321995	181.731	88.4
152.317392290	158.282	88.5
152.696598639	158.225	88.6
153.063038549	163.738	89.1
153.473015873	146.35	89.2
153.847596372	160.179	89.3
154.227664399	157.866	89.4
154.626757370	150.341	89.5
155.102040816	126.24	89.6
155.508390023	147.656	90.1
155.892970522	156.014	90.2
156.226757370	179.755	90.3
156.509750567	212.019	90.4
156.774603175	226.541	90.5
157.043083900	223.48	90.6
157.326077098	212.019	91.1
157.609070295	212.019	91.2
157.841269841	258.398	91.3
158.122789116	213.129	91.4
158.396371882	219.312	91.5
158.679365079	212.019	91.6
159.016780045	177.823	92.1
159.354195011	177.823	92.2
159.606984127	237.352	92.3
159.905668934	200.881	92.4
160.163265306	232.923	92.5
160.428117914	226.541	92.6
160.736054422	194.845	93.1
161.026757370	206.396	93.2
161.273469388	243.199	93.3
161.527052154	236.609	93.4
161.843083900	189.854	93.5
162.176870748	179.755	93.6
162.528798186	170.49	94.1
162.891609977	165.375	94.2
163.207256236	190.086	94.3
163.479365079	220.5	94.4
163.754784580	217.85	94.5
164.034467120	214.529	94.6
164.317460317	212.019	95.1
164.589342404	220.684	95.2
164.883446712	204.009	95.3
165.228117914	174.079	95.4
165.547392290	187.926	95.5
165.866666667	187.926	95.6
166.276643991	146.35	96.1
166.722902494	134.451	96.2
167.071201814	172.266	96.3
167.386848073	190.086	96.4
167.658956916	220.5	96.5
167.916553288	232.923	96.6
168.235827664	187.926	97.1
168.522448980	209.335	97.2
168.823582766	199.247	97.3
169.117460317	204.167	97.4
169.443990930	183.75	97.5
169.795918367	170.49	97.6
170.039002268	246.828	98.1
170.311111111	220.5	98.2
170.594104308	212.019	98.3
170.857210884	228.044	98.4
171.181859410	184.815	98.5
171.573696145	153.125	98.6
171.943764172	162.132	99.1
172.349251701	147.97	99.2
172.778231293	139.867	99.3
173.347845805	105.334	99.4
173.609070295	229.688	99.5
173.848526077	250.568	99.6
174.265759637	143.804	100.1
174.857142857	101.457	100.2
175.251655329	152.086	100.3
175.614421769	165.396	100.4
175.949206349	179.22	100.5
176.366439909	143.804	100.6
176.718367347	170.49	101.1
177.266213152	109.52	101.2
177.570975057	196.875	101.3
177.857596372	209.335	101.4
178.155102041	201.677	101.5
178.565079365	146.35	101.6
178.804535147	250.568	102.1
179.126258503	186.496	102.2
179.432199546	196.116	102.3
179.845804989	145.066	102.4
180.139682540	204.167	102.5
180.444444444	196.875	102.6
180.850793651	147.656	103.1
181.293424036	135.553	103.2
181.685260771	153.125	103.3
182.033560091	172.266	103.4
182.334693878	199.247	103.5
182.682993197	172.266	103.6
183.089342404	147.656	104.1
183.495691610	147.656	104.2
183.829478458	179.755	104.3
184.134240363	196.875	104.4
184.468458050	179.524	104.5
184.838095238	162.321	104.6
185.233560091	151.72	105.1
185.658049887	141.346	105.2
185.980952381	185.815	105.3
186.311111111	181.731	105.4
186.641269841	181.731	105.5
186.956916100	190.086	105.6
187.283446712	183.75	106.1
187.609977324	183.75	106.2
187.947891156	177.56	106.3
188.281179138	180.024	106.4
188.604081633	185.815	106.5
189.024943311	142.565	106.6
189.511111111	123.414	107.1
190.037188209	114.052	107.2
190.450793651	145.066	107.3
190.839002268	154.556	107.4
191.165532880	183.75	107.5
191.517460317	170.49	107.6
191.976734694	130.641	108.1
192.384852608	147.016	108.2
192.801927438	143.859	108.3
193.226303855	141.384	108.4
193.679818594	132.3	108.5
194.285714286	99.0269	108.6
194.869841270	102.717	90.1
195.370521542	119.837	90.2
195.740589569	162.132	90.3
196.074376417	179.755	90.4
196.390022676	190.086	90.5
196.723809524	179.755	90.6
197.053968254	181.731	91.1
197.312902494	231.719	91.2
197.622448980	193.832	91.3
197.926031746	197.64	91.4
198.356462585	139.395	91.5
198.762811791	147.656	91.6
199.172789116	146.35	92.1
199.597278912	141.346	92.2
199.876643991	214.773	92.3
200.159637188	212.019	92.4
200.446258503	209.335	92.5
200.758276644	192.297	92.6
201.106575964	172.266	93.1
201.418594104	192.297	93.2
201.726984127	194.559	93.3
202.006349206	214.773	93.4
202.390929705	156.014	93.5
202.750702948	166.772	93.6
203.112925170	165.644	94.1
203.508390023	151.72	94.2
203.856689342	172.266	94.3
204.146938776	206.719	94.4
204.480725624	179.755	94.5
204.760090703	214.773	94.6
205.043083900	212.019	95.1
205.358730159	190.086	95.2
205.707029478	172.266	95.3
206.040816327	179.755	95.4
206.360090703	187.926	95.5
206.773696145	145.066	95.6
207.165532880	153.125	96.1
207.626303855	130.217	96.2
207.974603175	172.266	96.3
208.319274376	174.079	96.4
208.620408163	199.247	96.5
208.907029478	209.335	96.6
209.226303855	187.926	97.1
209.483900227	232.923	97.2
209.785034014	199.247	97.3
210.075283447	206.719	97.4
210.390929705	190.086	97.5
210.702947846	192.297	97.6
211.007709751	196.875	98.1
211.265306122	232.923	98.2
211.551927438	209.335	98.3
211.820317460	223.555	98.4
212.139682540	187.873	98.5
212.549659864	146.35	98.6
212.894331066	174.079	99.1
213.355102041	130.217	99.2
213.648979592	204.167	99.3
213.964625850	190.086	99.4
214.302040816	177.823	99.5
214.791836735	122.5	99.6
215.303401361	117.287	100.1
215.902040816	100.227	100.2
216.272108844	162.132	100.3
216.551473923	214.773	100.4
216.979591837	140.148	100.5
217.338775510	167.045	100.6
217.748752834	146.35	101.1
218.209523810	130.217	101.2
218.550566893	175.931	101.3
218.851700680	199.247	101.4
219.178231293	183.75	101.5
219.577324263	150.341	101.6
219.908548753	181.146	102.1
220.208911565	199.758	102.2
220.469841270	229.947	102.3
220.894331066	141.346	102.4
221.202721088	194.559	102.5
221.569160998	163.738	102.6
221.975510204	147.656	103.1
222.389115646	145.066	103.2
222.719274376	181.731	103.3
223.047641723	182.722	103.4
223.357823129	193.435	103.5
223.709750567	170.49	103.6
224.071972789	165.644	104.1
224.468027211	151.494	104.2
224.767346939	200.455	104.3
225.128344671	166.206	104.4
225.498412698	162.132	104.5
225.795918367	201.677	104.6
226.176870748	157.5	105.1
226.634013605	131.25	105.2
226.967800454	179.755	105.3
227.334240363	163.738	105.4
227.689795918	168.75	105.5
228.081632653	153.125	105.6
228.419047619	177.823	106.1
228.760090703	175.931	106.2
229.137414966	159.014	106.3
229.489342404	170.49	106.4
229.775963719	209.335	106.5
230.175056689	150.341	106.6
230.595918367	142.565	107.1
231.038548753	135.553	107.2
231.354195011	190.086	107.3
231.738775510	156.014	107.4
232.027551020	207.774	107.5
232.377324263	171.54	107.6
232.725623583	172.266	108.1
233.248072562	114.844	108.2
233.610884354	165.375	108.3
233.936893424	184.044	108.4
234.292970522	168.503	108.5
234.728344671	137.813	108.6
235.051247166	185.815	109.1
235.435827664	156.014	109.2
235.715192744	214.773	109.3
236.150430839	137.856	109.4
236.546031746	151.668	109.5
236.926984127	157.5	109.6
237.235374150	194.559	110.1
237.679387755	135.131	110.2
238.055328798	159.599	110.3
238.418140590	165.375	110.4
238.824489796	147.656	110.5
239.176417234	170.49	110.6
239.603628118	140.446	111.1
240.007256236	148.652	111.2
240.439002268	138.971	111.3
240.827210884	154.556	111.4
241.167142857	176.506	111.5
241.563718821	151.295	111.6
241.853968254	206.719	112.1
242.205895692	170.49	112.2
242.528798186	185.815	112.3
242.953287982	141.346	112.4
243.268934240	190.086	112.5
243.693424036	141.346	112.6
244.056235828	165.375	113.1
244.520634921	129.199	113.2
244.897959184	159.014	113.3
245.380498866	124.342	113.4
245.761451247	157.5	113.5
246.029931973	223.48	113.6
246.287528345	232.923	114.1
246.563265306	217.599	114.2
246.878911565	190.086	114.3
247.252857143	160.451	114.4
247.524716553	220.702	114.5
247.836734694	192.297	114.6
248.079818594	246.828	115.1
248.420861678	175.931	115.2
248.743764172	185.815	115.3
249.089886621	173.349	115.4
249.483673469	152.367	0.5
249.737868481	236.039	0.6
249.955555556	275.625	1.1
250.158730159	295.313	1.2
250.419954649	229.688	1.3
250.655782313	254.423	1.4
250.869841270	280.297	1.5
251.102040816	258.398	1.6
251.319727891	275.625	2.1
251.582426304	228.399	2.2
251.787755102	292.214	2.3
252.009070295	271.107	2.4
252.237641723	262.5	2.5
252.433560091	306.25	2.6
252.705668934	220.5	3.1
252.948752834	246.828	3.2
253.202721088	236.25	3.3
253.433832200	259.615	3.4
253.627210884	310.272	3.5
253.863333333	254.105	3.6
254.062585034	301.127	4.1
254.269387755	290.132	4.2
254.483446712	280.297	4.3
254.672108844	318.029	4.4
254.882539683	285.129	4.5
255.111111111	262.5	4.6
255.310657596	300.682	5.1
255.506575964	306.25	5.2
255.738775510	258.398	5.3
255.949863946	284.241	5.4
256.195918367	243.848	5.5
256.439002268	246.828	5.6
256.663945578	266.734	6.1
256.932426304	223.48	6.2
257.144126984	283.419	6.3
257.349659864	291.924	6.4
257.585487528	254.423	6.5
257.821315193	254.423	6.6
258.075283447	236.25	7.1
258.296598639	271.107	7.2
258.568707483	220.5	7.3
258.771882086	295.313	7.4
259.022222222	239.674	7.5
259.239909297	275.625	7.6
259.482993197	246.828	8.1
259.711564626	262.5	8.2
259.947392290	254.423	8.3
260.143310658	306.25	8.4
260.400907029	232.923	8.5
260.593197279	312.028	8.6
260.839909297	243.199	9.1
261.075736961	254.423	9.2
261.293424036	275.625	9.3
261.521587302	262.97	9.4
261.746938776	266.251	9.5
261.993242630	243.602	9.6
262.235351474	247.822	10.1
262.534240363	200.743	10.2
262.806349206	220.5	10.3
263.027664399	271.107	10.4
263.245351474	275.625	10.5
263.489818594	245.432	10.6
263.717006803	264.098	11.1
263.951473923	255.899	11.2
264.188662132	252.964	11.3
264.435374150	243.199	11.4
264.667573696	258.398	11.5
264.915850340	241.666	11.6
265.171882086	234.346	12.1
265.422222222	239.674	12.2
265.763265306	175.931	12.3
266.024489796	229.688	12.4
266.267573696	246.828	12.5
266.554195011	209.335	12.6
266.811791383	232.923	13.1
267.080272109	223.48	13.2
267.334240363	236.25	13.3
267.559183673	266.734	13.4
267.813151927	236.25	13.5
268.114285714	199.247	13.6
268.386394558	220.5	14.1
268.656757370	221.924	14.2
268.934240363	216.229	14.3
269.199092971	226.541	14.4
269.520204082	186.851	14.5
269.743310658	268.93	14.6
269.964625850	271.107	15.1
270.204081633	250.568	15.2
270.418140590	280.297	15.3
270.632199546	280.297	15.4
270.849886621	275.625	15.5
271.101632653	238.335	15.6
271.346938776	244.592	16.1
271.558752834	283.267	16.2
271.786757370	263.153	16.3
272.003628118	276.662	16.4
272.228571429	266.734	16.5
272.449886621	271.107	16.6
272.736507937	209.335	17.1
272.979591837	246.828	17.2
273.190022676	285.129	17.3
273.423446712	257.043	17.4
273.625396825	297.103	17.5
273.875941043	239.479	17.6
274.107936508	258.626	18.1
274.321995465	280.297	18.2
274.539682540	275.625	18.3
274.768253968	262.5	18.4
275.004081633	254.423	18.5
275.203628118	300.682	18.6
275.446712018	246.828	19.1
275.693197279	243.422	19.2
275.921995465	262.24	19.3
276.110657596	318.029	19.4
276.346485261	254.423	19.5
276.593197279	243.199	19.6
276.829024943	254.423	20.1
277.046712018	275.625	20.2
277.246258503	300.682	20.3
277.427664399	330.75	20.4
277.663492063	254.423	20.5
277.884807256	271.107	20.6
278.149659864	226.541	21.1
278.374376417	267.003	21.2
278.595918367	270.829	21.3
278.831972789	254.179	21.4
279.038548753	290.45	21.5
279.241723356	295.313	21.6
279.502947846	229.688	22.1
279.720634921	275.625	22.2
279.945578231	266.734	22.3
280.141496599	306.25	22.4
280.348299320	290.132	22.5
280.547845805	300.682	22.6
280.783673469	254.423	23.1
281.012244898	262.5	23.2
281.248072562	254.423	23.3
281.462131519	280.297	23.4
281.672562358	285.129	23.5
281.946303855	219.185	23.6
282.165986395	273.121	24.1
282.409070295	246.828	24.2
282.648526077	250.568	24.3
282.869841270	271.107	24.4
283.080272109	285.129	24.5
283.320204082	250.071	24.6
283.573696145	236.694	25.1
283.769614512	306.25	25.2
284.005442177	254.423	25.3
284.219501134	280.297	25.4
284.437188209	275.625	25.5
284.676643991	250.568	25.6
284.887074830	285.129	26.1
285.146258503	231.496	26.2
285.378979592	257.819	26.3
285.600408163	270.968	26.4
285.819501134	273.856	26.5
286.026712018	289.56	26.6
286.298412698	220.831	27.1
286.548752834	239.674	27.2
286.730158730	330.75	27.3
286.980498866	239.674	27.4
287.201814059	271.107	27.5
287.449546485	242.197	27.6
287.732585034	211.985	28.1
288.021768707	207.481	28.2
288.295532880	219.167	28.3
288.583696145	208.215	28.4
288.950566893	163.545	28.5
289.190022676	250.568	28.6
289.445306122	235.033	29.1
289.639909297	308.32	29.2
289.890249433	239.674	29.3
290.104308390	280.297	29.4
290.369160998	226.541	29.5
290.634013605	226.541	29.6
290.891609977	232.923	30.1
291.152335601	230.127	30.2
291.410430839	232.472	30.3
291.693424036	212.019	30.4
291.935079365	248.288	30.5
292.128798186	309.727	30.6
292.386394558	232.923	31.1
292.662131519	217.599	31.2
292.891292517	261.825	31.3
293.124625850	257.143	31.4
293.340589569	277.824	31.5
293.593083900	237.629	31.6
293.834013605	249.035	32.1
294.091609977	232.923	32.2
294.331065760	250.568	32.3
294.557256236	265.263	32.4
294.777324263	272.643	32.5
295.013151927	254.423	32.6
295.253038549	250.118	33.1
295.459410431	290.737	33.2
295.709750567	239.674	33.3
295.909297052	300.682	33.4
296.156009070	243.199	33.5
296.406825397	239.219	33.6
296.631292517	267.3	34.1
296.830839002	300.682	34.2
297.066666667	254.423	34.3
297.269841270	295.313	34.4
297.491156463	271.107	34.5
297.726984127	254.423	34.6
298.013605442	209.335	35.1
298.271201814	232.923	35.2
298.508684807	252.65	35.3
298.759705215	239.024	35.4
298.971428571	283.389	35.5
299.189115646	275.625	35.6
299.406802721	275.625	36.1
299.664399093	232.923	36.2
299.867573696	295.313	36.3
300.088888889	271.107	36.4
300.328344671	250.568	36.5
300.575034014	243.221	36.6
300.800000000	266.707	37.1
301.061224490	229.688	37.2
301.286167800	266.734	37.3
301.532879819	243.199	37.4
301.772335601	250.568	37.5
302.040090703	224.085	37.6
302.327437642	208.807	38.1
302.609365079	212.821	38.2
302.820861678	283.693	38.3
303.013151927	312.028	38.4
303.223582766	285.129	38.5
303.452154195	262.5	38.6
303.717006803	226.541	39.1
303.956462585	250.568	39.2
304.221315193	226.541	39.3
304.444308390	269.066	39.4
304.667573696	268.739	39.5
304.921541950	236.25	39.6
305.208163265	209.335	40.1
305.400453515	312.028	40.2
305.629024943	262.5	40.3
305.839455782	285.129	40.4
306.046258503	290.132	40.5
306.282086168	254.423	40.6
306.539229025	233.333	41.1
306.785736961	243.4	41.2
307.000453515	279.438	41.3
307.214512472	280.297	41.4
307.428571429	280.297	41.5
307.678911565	239.674	41.6
307.954648526	217.599	42.1
308.157823129	295.313	42.2
308.350113379	312.028	42.3
308.549659864	300.682	42.4
308.760090703	285.129	42.5
308.970521542	285.129	42.6
309.224489796	236.25	43.1
309.485714286	229.688	43.2
309.732426304	243.199	43.3
309.931972789	300.682	43.4
310.142403628	285.129	43.5
310.406258503	227.398	43.6
310.639455782	257.293	44.1
310.876303855	253.327	44.2
311.082086168	291.57	44.3
311.292517007	285.129	44.4
311.488435374	306.25	44.5
311.738775510	239.674	44.6
312.000000000	229.688	45.1
312.253968254	236.25	45.2
312.497052154	246.828	45.3
312.682086168	324.265	45.4
312.888888889	290.132	45.5
313.088435374	300.682	45.6
313.447619048	167.045	46.1
313.687074830	250.568	46.2
313.899092971	282.995	46.3
314.107936508	287.296	46.4
314.332879819	266.734	46.5
314.550566893	275.625	46.6
314.793650794	246.828	47.1
315.037188209	246.369	47.2
315.240634921	294.918	47.3
315.450340136	286.116	47.4
315.639002268	318.029	47.5
315.802267574	367.5	47.6
316.088888889	209.335	48.1
316.266666667	337.5	48.2
316.542403628	217.599	48.3
316.731065760	318.029	48.4
316.948752834	275.625	48.5
317.170068027	271.107	48.6
317.424036281	236.25	49.1
317.642517007	274.624	49.2
317.840136054	303.614	49.3
318.063492063	268.629	49.4
318.262131519	302.055	49.5
318.472562358	285.129	49.6
318.686621315	280.297	50.1
318.933333333	243.199	50.2
319.172789116	250.568	50.3
319.386848073	280.297	50.4
319.597278912	285.129	50.5
319.814965986	275.625	50.6
320.043537415	262.5	51.1
320.294104308	239.457	51.2
320.551473923	233.128	51.3
320.732879819	330.75	51.4
320.925170068	312.028	51.5
321.160997732	254.423	51.6
321.389569161	262.5	52.1
321.589115646	300.682	52.2
321.821315193	258.398	52.3
322.013605442	312.028	52.4
322.209523810	306.25	52.5
322.438095238	262.5	52.6
322.670294785	258.398	53.1
322.946031746	217.599	53.2
323.200000000	236.25	53.3
323.414058957	280.297	53.4
323.602721088	318.029	53.5
323.824036281	271.107	53.6
324.096145125	220.5	54.1
324.386394558	206.719	54.2
324.582312925	306.25	54.3
324.763718821	330.75	54.4
324.974149660	285.129	54.5
325.184580499	285.129	54.6
325.391383220	290.132	55.1
325.638095238	243.199	55.2
325.852154195	280.297	55.3
326.026303855	344.531	55.4
326.236734694	285.129	55.5
326.429024943	312.028	55.6
326.686621315	232.923	56.1
326.929705215	246.828	56.2
327.161904762	258.398	56.3
327.375963719	280.297	56.4
327.582766440	290.132	56.5
327.756916100	344.531	56.6
327.974603175	275.625	57.1
328.206802721	258.398	57.2
328.409977324	295.313	57.3
328.627664399	275.625	57.4
328.852607710	266.734	57.5
329.084807256	258.398	57.6
329.338775510	236.25	58.1
329.618140590	214.773	58.2
329.897505669	214.773	58.3
330.140589569	246.828	58.4
330.403560091	228.162	58.5
330.637641723	256.321	58.6
330.881768707	245.774	59.1
331.076643991	307.889	59.2
331.305215420	262.5	59.3
331.545895692	249.293	59.4
331.783696145	252.312	59.5
332.023582766	250.118	59.6
332.270294785	243.199	60.1
332.560544218	206.719	60.2
332.781859410	271.107	60.3
332.970521542	318.029	60.4
333.180952381	285.129	60.5
333.426802721	244.051	60.6
333.667120181	249.67	61.1
333.924716553	232.923	61.2
334.117006803	312.028	61.3
334.338321995	271.107	61.4
334.552380952	280.297	61.5
334.799092971	243.199	61.6
335.031292517	258.398	62.1
335.288888889	232.923	62.2
335.492063492	295.313	62.3
335.691609977	300.682	62.4
335.934693878	246.828	62.5
336.174263039	250.45	62.6
336.388208617	280.445	63.1
336.627664399	250.568	63.2
336.863492063	254.423	63.3
337.117460317	236.25	63.4
337.325714286	288.11	63.5
337.538321995	282.21	63.6
337.774149660	254.423	64.1
338.020861678	243.199	64.2
338.253061224	258.398	64.3
338.452607710	300.682	64.4
338.692063492	250.568	64.5
338.898866213	290.132	64.6
339.123809524	266.734	65.1
339.388662132	226.541	65.2
339.639795918	238.916	65.3
339.834920635	307.496	65.4
340.041723356	290.132	65.5
340.277029478	254.987	65.6
340.513378685	253.862	66.1
340.767346939	236.25	66.2
340.988843537	270.885	66.3
341.242630385	236.419	66.4
341.483786848	248.801	66.5
341.699773243	277.795	66.6
341.986780045	209.054	67.1
342.247619048	230.027	67.2
342.497959184	239.674	67.3
342.693877551	306.25	67.4
342.907936508	280.297	67.5
343.180045351	220.5	67.6
343.404988662	266.734	68.1
343.615419501	285.129	68.2
343.927437642	192.297	68.3
344.224943311	201.677	68.4
344.506394558	213.181	68.5
344.751020408	245.273	68.6
345.030385488	214.773	69.1
345.255646259	266.358	69.2
345.465759637	285.56	69.3
345.676190476	285.129	69.4
345.904761905	262.5	69.5
346.136961451	258.398	69.6
346.387301587	239.674	70.1
346.638684807	238.679	70.2
346.909750567	221.348	70.3
347.200000000	206.719	70.4
347.468480726	223.48	70.5
347.682539683	280.297	70.6
347.940136054	232.923	71.1
348.165079365	266.734	71.2
348.408163265	246.828	71.3
348.629478458	271.107	71.4
348.836281179	290.132	71.5
349.090249433	236.25	71.6
349.304308390	280.297	72.1
349.511111111	290.132	72.2
349.728798186	275.625	72.3
349.987573696	231.861	72.4
350.182312925	308.104	72.5
350.425396825	246.828	72.6
350.726530612	199.247	73.1
350.962358277	254.423	73.2
351.230453515	223.801	73.3
351.478344671	242.042	73.4
351.775056689	202.216	73.5
352.023537415	241.467	73.6
352.283174603	231.092	74.1
352.497052154	280.534	74.2
352.805442177	194.559	74.3
353.040204082	255.578	74.4
353.331519274	205.962	74.5
353.579229025	242.219	74.6
353.843401361	227.124	75.1
354.122448980	215.017	75.2
354.354648526	258.398	75.3
354.594104308	250.568	75.4
354.880725624	209.335	75.5
355.181859410	199.247	75.6
355.554421769	161.047	76.1
355.899931973	173.656	76.2
356.223129252	185.645	76.3
356.582312925	167.045	76.4