1.141333333	0.810667	1.1
1.952000000	0.725333	1.2
2.677333333	0.789333	1.3
3.466666666	0.810667	1.4
4.277333333	0.8	1.5
5.077333333	0.746667	1.6
5.824000000	0.768	1.7
6.592000000	0.768	1.8
7.360000000	0.8	2.1
8.160000000	0.768	2.2
8.928000000	0.757333	2.3
9.685333333	0.8	2.4
10.485333333	0.842667	2.5
11.328000000	0.768	2.6
12.096000000	0.746667	2.7
12.842666666	0.736	2.8
13.578666666	0.725333	3.1
14.304000000	0.757333	3.2
15.061333333	0.757333	3.3
15.818666666	0.853333	3.4
16.672000000	0.832	3.5
17.504000000	0.874667	3.6
18.378666666	0.864	3.7
19.242666666	0.917333	3.8
20.160000000	0.810667	4.1
20.970666666	0.864	4.2
21.834666666	0.799875	4.3
22.634541666	1.05613	4.4
23.690666666	0.928	4.5
24.618666666	0.768	4.6
25.386666666	0.810667	4.7
26.197333333	1.024	4.8
27.221333333	0.736	5.1
27.957333333	0.682667	5.2
28.640000000	0.704	5.3
29.344000000	0.736	5.4
30.080000000	0.704	5.5
30.784000000	0.714667	5.6
31.498666666	0.736	5.7
32.234666666	0.864	5.8
33.098666666	0.693333	6.1
33.792000000	0.714667	6.2
34.506666666	0.704	6.3
35.210666666	0.704	6.4
35.914666666	0.704	6.5
36.618666666	0.810667	6.6
37.429333333	0.768	6.7
38.197333333	0.731271	6.8
38.928604166	0.687396	7.1
39.616000000	0.693333	7.2
40.309333333	0.661333	7.3
40.970666666	0.693333	7.4
41.664000000	0.714667	7.5
42.378666666	0.725333	7.6
43.104000000	0.821333	7.7
43.925333333	0.874667	7.8
44.800000000	0.736	8.1
45.536000000	0.672	8.2
46.208000000	0.714667	8.3
46.922666666	0.736	8.4
47.658666666	0.736	8.5
48.394666666	0.650667	8.6
49.045333333	0.693333	8.7
49.738666666	0.725333	8.8
50.464000000	0.736	9.1
51.200000000	0.96	9.2
52.160000000	1.01333	9.3
53.173333333	0.832	9.4
54.005333333	0.757333	9.5
54.762666666	0.778667	9.6
55.541333333	0.789333	9.7
56.330666666	0.8	9.8
57.130666666	0.672	10.1
57.802666666	0.672	10.2
58.474666666	0.704	10.3
59.178666666	0.682667	10.4
59.861333333	0.746667	10.5
60.608000000	0.768	10.6
61.376000000	0.650667	10.7
62.026666666	0.661333	10.8
62.688000000	0.661333	11.1
63.349333333	0.736	11.2
64.085333333	0.746667	11.3
64.832000000	0.672	11.4
65.504000000	0.842667	11.5
66.346666666	0.821333	11.6
67.168000000	1.07733	11.7
68.245333333	1.184	11.8
69.429333333	0.821333	12.1
70.250666666	0.725333	12.2
70.976000000	0.650667	12.3
71.626666666	0.650667	12.4
72.277333333	0.663688	12.5
72.941020833	0.722979	12.6
73.664000000	0.650667	12.7
74.314666666	0.661333	12.8
74.976000000	0.704	13.1
75.680000000	0.650667	13.2
76.330666666	0.599563	13.3
76.930229166	0.723104	13.4
77.653333333	0.661333	13.5
78.314666666	0.661333	13.6
78.976000000	0.754354	13.7
79.730354166	0.75425	13.8
80.484604166	0.699396	14.1
81.184000000	0.618667	14.2
81.802666666	0.64	14.3
82.442666666	0.64	14.4
83.082666666	0.714667	14.5
83.797333333	0.629333	14.6
84.426666666	0.714667	14.7
85.141333333	0.736	14.8
85.877333333	0.644063	15.1
86.521395833	0.728375	15.2
87.249770833	0.632896	15.3
87.882666666	0.675417	15.4
88.558083333	0.657917	15.5
89.216000000	0.746667	15.6
89.962666666	0.746667	15.7
90.709333333	0.778667	15.8
91.488000000	0.725333	16.1
92.213333333	0.672	16.2
92.885333333	0.672	16.3
93.557333333	0.661333	16.4
94.218666666	0.661333	16.5
94.880000000	0.682667	16.6
95.562666666	0.693333	16.7
96.256000000	0.650667	16.8
96.906666666	0.704	17.1
97.610666666	0.725333	17.2
98.336000000	0.693333	17.3
99.029333333	0.693333	17.4
99.722666666	0.693333	17.5
100.416000000	0.704	17.6
101.120000000	0.853333	17.7
101.973333333	0.608	17.8
102.581333333	0.725333	18.1
103.306666666	0.714667	18.2
104.021333333	0.682667	18.3
104.704000000	0.714667	18.4
105.418666666	0.725333	18.5
106.144000000	0.842667	18.6
106.986666666	0.768	18.7
107.754666666	0.778667	18.8
108.533333333	0.802375	19.1
109.335708333	0.850958	19.2
110.186666666	0.704	19.3
110.890666666	0.629333	19.4
111.520000000	0.682667	19.5
112.202666666	0.618667	19.6
112.821333333	0.682667	19.7
113.504000000	0.661333	19.8
114.165333333	0.650667	20.1
114.816000000	0.543375	20.2
115.359375000	0.640625	20.3
116.000000000	0.672687	20.4
116.672687500	0.585979	20.5
117.258666666	0.597333	20.6
117.856000000	0.565333	20.7
118.421333333	0.554667	20.8
118.976000000	0.554667	21.1
119.530666666	0.512	21.2
120.042666666	0.580708	21.3
120.623375000	0.5405	21.4
121.163875000	0.542792	21.5
121.706666666	0.608	21.6
122.314666666	0.586667	21.7
122.901333333	0.618667	21.8
123.520000000	0.586667	22.1
124.106666666	0.553146	22.2
124.659812500	0.502854	22.3
125.162666666	0.606875	22.4
125.769541666	0.577125	22.5
126.346666666	0.62925	22.6
126.975916666	0.576083	22.7
127.552000000	0.554667	22.8
128.106666666	0.586667	23.1
128.693333333	0.512	23.2
129.205333333	0.565333	23.3
129.770666666	0.512	23.4
130.282666666	0.533333	23.5
130.816000000	0.490667	23.6
131.306666666	0.576	23.7
131.882666666	0.524875	23.8
132.407541666	0.658708	24.1
133.066250000	0.558833	24.2
133.625083333	0.582917	24.3
134.208000000	0.633292	24.4
134.841291666	0.593375	24.5
135.434666666	0.634917	24.6
136.069583333	0.62375	24.7
136.693333333	0.544	24.8
137.237333333	0.512	25.1
137.749333333	0.572688	25.2
138.322020833	0.600646	25.3
138.922666666	0.490667	25.4
139.413333333	0.512	25.5
139.925333333	0.533333	25.6
140.458666666	0.565333	25.7
141.024000000	0.608	25.8
141.632000000	0.576	26.1
142.208000000	0.533333	26.2
142.741333333	0.513771	26.3
143.255104166	0.499563	26.4
143.754666666	0.704	26.5
144.458666666	0.533333	26.6
144.992000000	0.629333	26.7
145.621333333	0.568104	26.8
146.189437500	0.562563	27.1
146.752000000	0.522667	27.2
147.274666666	0.52075	27.3
147.795416666	0.578687	27.4
148.374104166	0.560562	27.5
148.934666666	0.530875	27.6
149.465541666	0.528979	27.7
149.994520833	0.608146	27.8
150.602666666	0.655146	28.1
151.257812500	0.592854	28.2
151.850666666	0.632667	28.3
152.483333333	0.53	28.4
153.013333333	0.609937	28.5
153.623270833	0.627396	28.6
154.250666666	0.644271	28.7
154.894937500	0.603729	28.8
155.498666666	0.672	29.1
156.170666666	0.608	29.2
156.778666666	0.629333	29.3
157.408000000	0.608	29.4
158.016000000	0.628521	29.5
158.644520833	0.672813	29.6
159.317333333	0.661333	29.7
159.978666666	0.672	29.8
160.650666666	0.746667	30.1
161.397333333	0.586667	30.2
161.984000000	0.635437	30.3
162.619437500	0.719229	30.4
163.338666666	0.576	30.5
163.914666666	0.704	30.6
164.618666666	0.668521	30.7
165.287187500	0.600812	30.8
165.888000000	0.554667	31.1
166.442666666	0.682667	31.2
167.125333333	0.662938	31.3
167.788270833	0.616063	31.4
168.404333333	0.641	31.5
169.045333333	0.663292	31.6
169.708625000	0.680167	31.7
170.388791666	0.821875	31.8
171.210666666	0.661333	32.1
171.872000000	0.629333	32.2
172.501333333	0.597333	32.3
173.098666666	0.661333	32.4
173.760000000	0.64	32.5
174.400000000	0.741583	32.6
175.141583333	0.707896	32.7
175.849479166	0.665354	32.8
176.514833333	0.701167	33.1
177.216000000	0.661333	33.2
177.877333333	0.614333	33.3
178.491666666	0.740333	33.4
179.232000000	0.704	33.5
179.936000000	0.661333	33.6
180.597333333	0.64	33.7
181.237333333	0.704	33.8
181.941333333	0.608479	34.1
182.549812500	0.561312	34.2
183.111125000	0.649979	34.3
183.761104166	0.676229	34.4
184.437333333	0.672	34.5
185.109333333	0.586667	34.6
185.696000000	0.672	34.7
186.368000000	0.661333	34.8
187.029333333	0.629333	35.1
187.658666666	0.576	35.2
188.234666666	0.629333	35.3
188.864000000	0.576	35.4
189.440000000	0.544	35.5
189.984000000	0.618667	35.6
190.602666666	0.565333	35.7
191.168000000	0.672	35.8
191.840000000	0.551854	36.1
192.391854166	0.536146	36.2
192.928000000	0.608	36.3
193.536000000	0.629333	36.4
194.165333333	0.537917	36.5
194.703250000	0.539417	36.6
195.242666666	0.597333	36.7
195.840000000	0.661333	36.8
196.501333333	0.661333	37.1
197.162666666	0.512	37.2
197.674666666	0.48	37.3
198.154666666	0.522667	37.4
198.677333333	0.629333	37.5
199.306666666	0.533333	37.6
199.840000000	0.561292	37.7
200.401291666	0.494708	37.8
200.896000000	0.565333	38.1
201.461333333	0.501333	38.2
201.962666666	0.554667	38.3
202.517333333	0.533333	38.4
203.050666666	0.580417	38.5
203.631083333	0.507583	38.6
204.138666666	0.48	38.7
204.618666666	0.565333	38.8
205.184000000	0.484729	39.1
205.668729166	0.462667	39.2
206.131395833	0.513937	39.3
206.645333333	0.522667	39.4
207.168000000	0.533333	39.5
207.701333333	0.501333	39.6
208.202666666	0.533333	39.7
208.736000000	0.490667	39.8
209.226666666	0.714667	40.1
209.941333333	0.661333	40.2
210.602666666	0.672	40.3
211.274666666	0.650667	40.4
211.925333333	0.704	40.5
212.629333333	0.650667	40.6
213.280000000	0.650667	40.7
213.930666666	0.661333	40.8
214.592000000	0.693333	41.1
215.285333333	0.672	41.2
215.957333333	0.672	41.3
216.629333333	0.661333	41.4
217.290666666	0.704	41.5
217.994666666	0.64	41.6
218.634666666	0.672	41.7
219.306666666	0.672	41.8
219.978666666	0.693333	42.1
220.672000000	0.672	42.2
221.344000000	0.693333	42.3
222.037333333	0.64	42.4
222.677333333	0.682667	42.5
223.360000000	0.714667	42.6
224.074666666	0.746667	42.7
224.821333333	0.821333	42.8
225.642666666	0.661333	43.1
226.304000000	0.629333	43.2
226.933333333	0.672	43.3
227.605333333	0.789333	43.4
228.394666666	0.693333	43.5
229.088000000	0.725333	43.6
229.813333333	0.746667	43.7
230.560000000	1.056	43.8
231.616000000	0.96	44.1
232.576000000	0.789333	44.2
233.365333333	0.746667	44.3
234.112000000	0.746667	44.4
234.858666666	0.778667	44.5
235.637333333	0.714667	44.6
236.352000000	0.757333	44.7
237.109333333	0.746667	44.8
237.856000000	0.768	45.1
238.624000000	0.768	45.2
239.392000000	0.757333	45.3
240.149333333	0.8	45.4
240.949333333	0.874667	45.5
241.824000000	0.693333	45.6
242.517333333	0.725333	45.7
243.242666666	0.757333	45.8
244.000000000	0.725333	46.1
244.725333333	0.768	46.2
245.493333333	0.714667	46.3
246.208000000	0.778667	46.4
246.986666666	0.810667	46.5
247.797333333	0.789333	46.6
248.586666666	0.757333	46.7
249.344000000	0.853333	46.8
250.197333333	0.714667	47.1
250.912000000	0.746667	47.2
251.658666666	0.837354	47.3
252.496020833	0.789125	47.4
253.285145833	0.816188	47.5
254.101333333	0.725333	47.6
254.826666666	0.725333	47.7
255.552000000	0.853333	47.8
256.405333333	0.682667	48.1
257.088000000	0.618667	48.2
257.706666666	0.576	48.3
258.282666666	0.597333	48.4
258.880000000	0.608	48.5
259.488000000	0.597562	48.6
260.085562500	0.650437	48.7
260.736000000	0.757333	48.8
261.493333333	0.597333	49.1
262.090666666	0.565333	49.2
262.656000000	0.586667	49.3
263.242666666	0.597333	49.4
263.840000000	0.576	49.5
264.416000000	0.704	49.6
265.120000000	0.608	49.7
265.728000000	0.618667	49.8
266.346666666	0.597333	50.1
266.944000000	0.565333	50.2
267.509333333	0.554667	50.3
268.064000000	0.586667	50.4
268.650666666	0.597333	50.5
269.248000000	0.650667	50.6
269.898666666	0.586667	50.7
270.485333333	0.725333	50.8
271.210666666	0.661333	51.1
271.872000000	0.576	51.2
272.448000000	0.576	51.3
273.024000000	0.576	51.4
273.600000000	0.544	51.5
274.144000000	0.608	51.6
274.752000000	0.64	51.7
275.392000000	0.576	51.8
275.968000000	0.672	52.1
276.640000000	0.812521	52.2
277.452520833	0.851479	52.3
278.304000000	0.597333	52.4
278.901333333	0.672	52.5
279.573333333	0.629333	52.6
280.202666666	0.64	52.7
280.842666666	0.675396	52.8
281.518062500	0.711271	53.1
282.229333333	0.842667	53.2
283.072000000	0.757333	53.3
283.829333333	0.714667	53.4
284.544000000	0.757333	53.5
285.301333333	0.672	53.6
285.973333333	0.661333	53.7
286.634666666	0.597333	53.8
287.232000000	0.629333	54.1
287.861333333	0.64	54.2
288.501333333	0.691771	54.3
289.193104166	0.696354	54.4
289.889458333	0.707396	54.5
290.596854166	0.656479	54.6
291.253333333	0.654104	54.7
291.907437500	0.572563	54.8
292.480000000	0.629958	55.1
293.109958333	0.618042	55.2
293.728000000	0.655333	55.3
294.383333333	0.632208	55.4
295.015541666	0.643125	55.5
295.658666666	0.704	55.6
296.362666666	0.821333	55.7
297.184000000	1.13067	55.8
298.314666666	0.64	56.1
298.954666666	0.650667	56.2
299.605333333	0.620625	56.3
300.225958333	0.659375	56.4
300.885333333	0.594667	56.5
301.480000000	0.623521	56.6
302.103520833	0.628875	56.7
302.732395833	0.670271	56.8
303.402666666	0.682667	57.1
304.085333333	0.650667	57.2
304.736000000	0.693333	57.3
305.429333333	0.585625	57.4
306.014958333	0.631437	57.5
306.646395833	0.604125	57.6
307.250520833	0.754667	57.7
308.005187500	0.624146	57.8
308.629333333	0.789333	58.1
309.418666666	0.618583	58.2
310.037250000	0.537125	58.3
310.574375000	0.668292	58.4
311.242666666	0.725333	58.5
311.968000000	0.512	58.6
312.480000000	0.623021	58.7
313.103020833	0.582313	58.8
313.685333333	0.693333	59.1
314.378666666	0.618667	59.2
314.997333333	0.639333	59.3
315.636666666	0.695437	59.4
316.332104166	0.649688	59.5
316.981791666	0.660875	59.6
317.642666666	0.650229	59.7
318.292895833	0.565771	59.8
318.858666666	0.60125	60.1
319.459916666	0.61475	60.2
320.074666666	0.586667	60.3
320.661333333	0.608	60.4
321.269333333	0.618667	60.5
321.888000000	0.5745	60.6
322.462500000	0.620167	60.7
323.082666666	0.587333	60.8
323.670000000	0.63	61.1
324.300000000	0.577208	61.2
324.877208333	0.594792	61.3
325.472000000	0.5605	61.4
326.032500000	0.585	61.5
326.617500000	0.69	61.6
327.307500000	0.617833	61.7
327.925333333	0.71625	61.8
328.641583333	0.734417	62.1
329.376000000	0.757333	62.2
330.133333333	0.768	62.3
330.901333333	0.842396	62.4
331.743729166	0.832271	62.5
332.576000000	0.782125	62.6
333.358125000	0.892542	62.7
334.250666666	1.03467	62.8
335.285333333	0.810667	63.1
336.096000000	0.778667	63.2
336.874666666	0.821333	63.3
337.696000000	0.832	63.4
338.528000000	0.810667	63.5
339.338666666	0.768	63.6
340.106666666	0.757333	63.7
340.864000000	0.746667	63.8
341.610666666	0.736	64.1
342.346666666	0.704	64.2
343.050666666	0.725333	64.3
343.776000000	0.672	64.4
344.448000000	0.693333	64.5
345.141333333	0.661333	64.6
345.802666666	0.608	64.7
346.410666666	0.618667	64.8
347.029333333	0.670667	65.1
347.700000000	0.609333	65.2
348.309333333	0.586667	65.3
348.896000000	0.589	65.4
349.485000000	0.669667	65.5
350.154666666	0.650667	65.6
350.805333333	0.682667	65.7
351.488000000	0.682667	65.8
352.170666666	0.650667	66.1
352.821333333	0.672	66.2
353.493333333	0.711229	66.3
354.204562500	0.888771	66.4
355.093333333	0.77725	66.5
355.870583333	0.929417	66.6
356.800000000	0.746667	66.7
357.546666666	0.736	66.8
358.282666666	0.786687	67.1
359.069354166	0.802646	67.2
359.872000000	0.821333	67.3
360.693333333	0.736	67.4
361.429333333	0.8215	67.5
362.250833333	0.853167	67.6
363.104000000	0.917333	67.7
364.021333333	0.874667	67.8
364.896000000	0.798	68.1
365.694000000	0.684667	68.2
366.378666666	0.714667	68.3
367.093333333	0.693333	68.4
367.786666666	0.713521	68.5
368.500187500	0.722104	68.6
369.222291666	0.783042	68.7
370.005333333	1.14133	68.8
371.146666666	1.09704	69.1
372.243708333	1.07896	69.2
373.322666666	1.09867	69.3
374.421333333	1.41867	69.4
375.840000000	0.975229	69.5
376.815229166	0.992125	69.6
377.807354166	1.1805	69.7
378.987854166	1.84415	69.8
380.832000000	0.802396	70.1
381.634395833	0.722938	70.2
382.357333333	0.725333	70.3
383.082666666	0.810667	70.4
383.893333333	0.725333	70.5
384.618666666	0.8	70.6
385.418666666	0.928	70.7
386.346666666	1.70667	70.8
388.053333333	0	71.1
