3.114666667	1
4.373333333	2
5.664000000	3
6.896000000	4
8.149333333	5
9.344000000	6
10.730666667	7
12.149333333	8
13.525333333	9
14.730666667	10
16.074666667	11
17.376000000	12
18.986666667	13
20.501333333	14
22.144000000	15
23.584000000	16
25.109333333	17
26.453333333	18
27.701333333	19
28.992000000	20
30.201447917	21
31.434666667	22
32.693333333	23
33.866666667	24
35.146666667	25
36.330666667	26
37.589333333	27
38.762666667	28
39.978666667	29
41.162666667	30
42.410666667	31
43.701333333	32
45.418666667	33
54.336000000	34
55.456000000	35
56.234666667	36
56.597333333	37
57.205333333	38
57.728000000	39
58.250666667	40
58.773333333	41
59.125333333	42
59.274666667	43
59.413333333	44
59.658666667	45
59.957333333	46
60.682666667	47
61.098666667	48
62.275541667	49
63.818666667	50
64.117333333	51
64.341333333	52
64.576000000	53
65.109333333	54
65.450666667	55
65.802666667	56
66.936968750	57
68.053333333	58
68.394666667	59
68.682666667	60
68.896000000	61
69.139229167	62
69.640291667	63
69.898666667	64
70.197333333	65
71.207500000	66
71.690666667	67
72.277333333	68
72.533333333	69
72.795239583	70
73.034666667	71
73.307531250	72
73.557333333	73
73.815125000	74
74.461031250	75
74.730666667	76
75.006708333	77
75.253333333	78
75.492114583	79
75.733333333	80
75.967083333	81
76.192000000	82
76.433979167	83
76.672000000	84
76.906666667	85
77.173333333	86
77.408000000	87
77.642666667	88
77.877333333	89
78.165333333	90
78.474666667	91
79.637333333	92
82.165333333	93
82.986666667	94
83.797333333	95
83.978666667	96
84.170666667	97
84.362666667	98
84.554666667	99
84.704000000	100
84.874666667	101
85.056000000	102
85.226666667	103
85.369291667	104
85.568000000	105
85.770666667	106
85.962666667	107
86.144000000	108
86.325333333	109
86.506666667	110
86.666666667	111
86.848000000	112
87.018666667	113
87.178666667	114
87.349333333	115
87.494062500	116
87.680000000	117
87.850666667	118
88.074666667	119
88.234666667	120
88.384000000	121
88.565333333	122
88.736000000	123
88.885333333	124
89.109333333	125
89.248000000	126
89.397333333	127
89.589333333	128
89.792000000	129
89.973333333	130
90.178520833	131
90.346666667	132
90.538666667	133
90.728000000	134
90.936000000	135
91.136000000	136
91.328000000	137
91.528000000	138
91.722666667	139
91.925333333	140
92.112000000	141
92.328000000	142
92.533333333	143
92.714666667	144
92.928000000	145
93.120000000	146
93.322666667	147
93.493333333	148
93.674666667	149
93.856000000	150
94.037333333	151
94.197333333	152
94.400000000	153
94.570666667	154
94.784000000	155
94.933333333	156
95.136000000	157
95.317333333	158
95.520000000	159
95.701333333	160
95.872000000	161
96.032000000	162
96.181333333	163
96.362666667	164
96.533333333	165
96.704000000	166
96.940802083	167
97.098666667	168
97.269333333	169
97.450666667	170
97.610666667	171
97.802666667	172
98.026666667	173
98.197333333	174
98.378666667	175
98.570666667	176
98.784000000	177
99.008000000	178
99.317333333	179
99.541333333	180
99.797333333	181
99.968000000	182
100.170666667	183
100.426666667	184
100.650666667	185
100.864000000	186
101.077333333	187
101.280000000	188
101.472000000	189
101.696000000	190
102.016000000	191
102.197333333	192
102.432000000	193
102.666666667	194
102.848000000	195
103.029333333	196
103.200000000	197
103.381333333	198
103.573333333	199
103.744000000	200
103.957333333	201
104.144000000	202
104.320000000	203
104.501333333	204
104.672000000	205
104.853333333	206
105.024000000	207
105.173333333	208
105.354666667	209
105.525333333	210
105.696000000	211
105.866666667	212
106.037333333	213
106.208000000	214
106.384770833	215
106.560000000	216
106.720000000	217
106.869333333	218
107.072000000	219
107.221333333	220
107.381333333	221
107.552000000	222
107.680000000	223
107.850666667	224
108.032000000	225
108.181333333	226
108.394666667	227
108.592000000	228
108.768000000	229
108.917333333	230
109.077333333	231
109.237333333	232
109.408000000	233
109.600000000	234
109.760000000	235
109.930666667	236
110.101333333	237
110.282666667	238
110.496000000	239
110.677333333	240
110.880000000	241
111.072000000	242
111.242666667	243
111.413333333	244
111.562666667	245
111.728000000	246
111.866666667	247
112.042666667	248
112.213333333	249
112.405333333	250
112.586666667	251
112.768000000	252
112.896000000	253
113.066666667	254
113.216000000	255
113.386666667	256
113.568000000	257
113.728000000	258
113.877333333	259
114.030697917	260
114.176000000	261
114.336000000	262
114.532072917	263
114.709333333	264
114.880000000	265
115.018666667	266
115.162666667	267
115.306666667	268
115.466666667	269
115.632000000	270
115.808000000	271
116.000000000	272
116.149333333	273
116.277333333	274
116.490666667	275
116.650666667	276
116.832000000	277
116.981333333	278
117.120000000	279
117.269333333	280
117.434666667	281
117.589333333	282
117.770666667	283
117.973333333	284
118.133333333	285
118.336000000	286
118.521447917	287
118.698666667	288
118.912000000	289
119.050666667	290
119.221333333	291
119.370666667	292
119.513604167	293
119.669333333	294
119.818666667	295
119.936000000	296
120.106666667	297
120.288000000	298
120.437333333	299
120.608000000	300
120.768000000	301
120.917333333	302
121.077333333	303
121.205333333	304
121.344000000	305
121.482666667	306
121.610666667	307
121.760000000	308
121.941333333	309
122.090666667	310
122.240000000	311
122.410666667	312
122.560000000	313
122.720000000	314
122.848000000	315
123.008000000	316
123.157333333	317
123.285333333	318
123.413333333	319
123.562666667	320
123.722666667	321
123.882666667	322
124.021333333	323
124.192000000	324
124.352000000	325
124.490666667	326
124.629333333	327
124.778666667	328
124.938666667	329
125.077333333	330
125.216000000	331
125.365166667	332
125.493333333	333
125.653333333	334
125.856000000	335
126.314666667	336
126.570666667	337
126.858666667	338
127.114666667	339
128.010666667	340
128.330666667	341
128.597333333	342
128.832000000	343
129.034666667	344
129.290666667	345
129.510437500	346
129.749333333	347
129.952000000	348
130.218666667	349
130.458187500	350
130.645333333	351
130.895562500	352
131.168000000	353
131.413333333	354
131.648000000	355
131.959239583	356
132.544000000	357
133.109333333	358
133.845333333	359
135.061333333	360
135.424000000	361
136.298666667	362
136.529072917	363
136.778666667	364
137.050833333	365
137.770666667	366
138.005333333	367
138.250666667	368
138.459885417	369
138.709333333	370
138.944000000	371
139.157333333	372
139.392000000	373
140.192000000	374
140.522666667	375
141.194666667	376
141.493333333	377
142.453333333	378
142.821333333	379
143.370666667	380
143.690666667	381
143.936000000	382
144.192000000	383
144.501333333	384
145.045333333	385
145.344000000	386
145.664000000	387
145.888000000	388
146.176000000	389
146.432000000	390
146.666666667	391
147.102666667	392
147.381333333	393
147.637333333	394
147.893333333	395
148.160000000	396
148.448000000	397
148.682666667	398
148.949333333	399
149.194666667	400
149.461333333	401
149.706666667	402
149.958541667	403
150.229333333	404
150.549333333	405
150.826666667	406
151.116531250	407
151.445333333	408
151.861333333	409
152.917333333	410
154.133333333	411
154.537541667	412
155.584000000	413
155.882666667	414
156.170666667	415
156.429552083	416
156.704000000	417
157.056000000	418
157.824000000	419
158.112000000	420
158.378666667	421
158.645333333	422
158.890666667	423
159.168000000	424
159.477333333	425
159.712000000	426
159.989333333	427
160.279697917	428
160.522666667	429
160.768000000	430
161.034666667	431
161.320197917	432
161.589333333	433
161.830864583	434
162.144000000	435
162.474666667	436
162.805333333	437
163.093333333	438
163.349333333	439
163.754666667	440
164.629333333	441
164.970666667	442
165.909333333	443
166.314666667	444
167.360000000	445
167.808000000	446
168.736000000	447
169.152000000	448
169.781333333	449
170.122666667	450
170.453333333	451
171.402666667	452
171.808000000	453
172.192000000	454
172.533333333	455
172.832000000	456
173.194666667	457
174.186666667	458
174.592000000	459
175.584000000	460
175.968000000	461
177.013333333	462
177.461333333	463
178.784000000	464
179.477333333	465
180.458666667	466
182.474666667	467
183.552000000	468
185.024000000	469
188.053333333	470
189.098666667	471
189.920000000	472
190.666666667	473
191.402666667	474
192.192000000	475
192.938666667	476
193.632000000	477
194.336000000	478
195.072000000	479
195.740062500	480
196.096000000	481
196.490666667	482
197.258666667	483
197.994666667	484
198.741333333	485
199.072000000	486
199.466666667	487
200.256000000	488
201.013333333	489
201.813333333	490
202.589322917	491
203.399645833	492
204.142125000	493
204.938666667	494
205.642666667	495
206.346666667	496
207.050666667	497
207.840000000	498
208.617468750	499
209.397333333	500
210.304000000	501
211.210666667	502
211.562666667	503
211.978666667	504
212.782458333	505
213.557333333	506
214.346666667	507
215.095802083	508
215.829333333	509
216.608000000	510
217.333333333	511
218.090666667	512
218.976000000	513
219.690666667	514
220.448000000	515
221.258666667	516
222.026666667	517
222.912000000	518
223.684041667	519
224.529458333	520
225.337031250	521
226.120031250	522
226.901333333	523
227.904000000	524
228.853333333	525
229.781333333	526
230.554729167	527
231.200000000	528
231.890468750	529
232.586666667	530
233.290666667	531
234.026666667	532
234.656000000	533
234.948000000	534
235.392000000	535
236.106666667	536
236.736000000	537
237.376000000	538
237.728000000	539
238.133333333	540
239.466666667	541
240.368000000	542
240.842666667	543
242.133333333	544
243.413333333	545
244.704000000	546
245.824000000	547
246.165333333	548
246.336000000	549
246.506666667	550
246.794666667	551
247.106562500	552
247.765333333	553
248.096000000	554
248.426666667	555
249.770666667	556
251.114666667	557
252.352000000	558
253.301333333	559
253.717333333	560
254.997333333	561
255.670072917	562
256.330666667	563
256.960000000	564
257.664000000	565
258.240000000	566
258.560000000	567
259.008000000	568
259.680000000	569
260.312447917	570
260.970666667	571
261.557333333	572
262.208000000	573
262.805333333	574
263.413333333	575
264.085333333	576
264.864000000	577
265.525333333	578
266.090666667	579
266.784000000	580
267.498666667	581
268.053333333	582
268.748968750	583
269.418666667	584
270.081531250	585
270.816000000	586
271.477333333	587
272.245333333	588
272.892031250	589
273.482666667	590
274.048000000	591
274.357333333	592
274.730666667	593
275.360000000	594
275.989333333	595
276.576000000	596
276.853333333	597
277.245427083	598
277.952000000	599
278.570666667	600
279.136000000	601
279.424000000	602
279.818666667	603
280.394666667	604
281.002666667	605
281.610666667	606
282.208000000	607
282.784000000	608
283.402666667	609
283.924260417	610
284.202666667	611
284.554666667	612
285.162666667	613
285.760000000	614
286.329354167	615
286.954666667	616
287.530666667	617
288.117333333	618
288.644322917	619
288.970666667	620
289.290666667	621
289.834666667	622
290.474666667	623
290.986666667	624
291.242666667	625
291.605333333	626
292.128000000	627
292.757333333	628
293.263552083	629
293.536000000	630
293.892635417	631
294.484395833	632
295.040000000	633
295.573333333	634
295.861333333	635
296.170666667	636
296.757333333	637
297.365333333	638
298.272000000	639
298.624000000	640
299.840000000	641
300.554666667	642
300.938666667	643
302.069333333	644
302.784000000	645
303.150000000	646
304.275000000	647
305.002666667	648
305.371218750	649
306.538354167	650
307.232000000	651
307.637333333	652
308.757333333	653
309.504000000	654
309.877333333	655
311.114666667	656
311.808000000	657
312.192000000	658
313.383458333	659
314.560000000	660
315.776000000	661
317.342635417	662
318.346666667	663
318.592000000	664
318.858666667	665
319.168000000	666
319.904000000	667
320.170666667	668
320.416000000	669
320.661333333	670
320.922666667	671
321.130666667	672
321.386666667	673
321.642666667	674
322.368000000	675
322.662843750	676
323.370666667	677
323.701333333	678
324.501333333	679
324.853333333	680
325.845333333	681
326.272000000	682
326.634666667	683
326.965333333	684
327.189333333	685
327.552000000	686
328.149333333	687
328.549333333	688
328.853333333	689
329.098666667	690
329.342447917	691
329.632000000	692
329.943697917	693
330.336000000	694
330.592000000	695
330.858666667	696
331.136000000	697
331.904000000	698
332.195947917	699
333.002666667	700
333.290666667	701
334.165333333	702
334.549604167	703
336.533333333	704
336.967385417	705
338.069333333	706
338.389333333	707
338.666666667	708
338.976000000	709
339.818666667	710
340.094447917	711
340.373333333	712
340.639072917	713
340.896000000	714
341.120000000	715
341.397333333	716
341.696000000	717
342.432000000	718
342.775312500	719
343.722666667	720
344.149333333	721
344.885333333	722
345.610666667	723
346.240000000	724
346.933333333	725
347.333333333	726
347.664000000	727
348.554666667	728
348.804885417	729
349.098666667	730
349.333333333	731
350.144000000	732
350.437333333	733
350.656000000	734
350.890666667	735
351.162666667	736
351.439604167	737
351.696000000	738
351.984906250	739
352.901333333	740
353.258666667	741
354.261333333	742
354.538666667	743
354.741333333	744
355.008000000	745
355.232000000	746
355.466666667	747
355.669333333	748
355.861333333	749
356.042666667	750
356.245333333	751
356.426666667	752
356.618666667	753
356.810666667	754
357.024000000	755
357.205333333	756
357.392000000	757
357.589333333	758
357.834666667	759
357.994666667	760
358.208000000	761
358.378666667	762
358.570666667	763
358.773333333	764
359.018666667	765
359.221333333	766
359.413333333	767
359.637333333	768
359.818666667	769
360.021333333	770
360.202666667	771
360.405333333	772
360.608000000	773
360.810666667	774
361.024000000	775
361.216000000	776
361.461333333	777
361.941333333	778
362.144000000	779
362.314666667	780
362.528000000	781
362.730666667	782
362.933333333	783
363.125333333	784
363.317333333	785
363.509333333	786
363.712000000	787
363.893333333	788
364.128000000	789
364.320000000	790
364.522666667	791
364.704000000	792
364.949333333	793
365.120000000	794
365.365333333	795
365.610666667	796
365.834666667	797
366.005333333	798
366.229333333	799
366.432000000	800
366.624000000	801
366.848000000	802
367.072000000	803
367.232000000	804
367.434666667	805
367.648000000	806
367.840000000	807
368.042666667	808
368.277333333	809
368.469333333	810
368.693333333	811
368.906666667	812
369.098666667	813
369.312000000	814
369.504000000	815
369.685333333	816
369.898666667	817
370.101333333	818
370.282666667	819
370.528000000	820
370.720000000	821
370.954666667	822
371.157333333	823
371.349333333	824
371.562666667	825
371.754666667	826
372.000000000	827
372.224000000	828
372.405333333	829
372.650666667	830
372.864000000	831
373.066666667	832
373.269333333	833
373.482666667	834
373.706666667	835
373.909333333	836
374.101333333	837
374.314666667	838
374.517333333	839
374.720000000	840
374.890666667	841
375.082666667	842
375.291291667	843
375.530666667	844
375.744000000	845
375.914666667	846
376.117333333	847
376.309333333	848
376.501333333	849
376.746666667	850
376.960000000	851
377.162666667	852
377.365333333	853
377.589333333	854
377.834666667	855
377.994666667	856
378.208000000	857
378.410666667	858
378.613333333	859
378.816000000	860
378.986666667	861
379.178666667	862
379.381333333	863
379.584000000	864
379.797333333	865
379.989333333	866
380.224000000	867
380.405333333	868
380.640000000	869
380.842666667	870
381.024000000	871
381.205333333	872
381.397333333	873
381.610666667	874
381.792000000	875
382.016000000	876
382.240000000	877
382.421333333	878
382.688000000	879
382.901333333	880
383.104000000	881
383.360000000	882
383.562666667	883
383.776000000	884
384.266666667	885
384.960000000	886
385.173333333	887
385.376000000	888
385.578666667	889
385.792000000	890
385.973333333	891
386.176000000	892
386.400000000	893
386.565333333	894
386.837333333	895
387.509333333	896
387.733333333	897
387.978666667	898
388.213333333	899
388.416000000	900
388.650666667	901
388.885333333	902
389.088000000	903
389.301333333	904
389.536000000	905
390.165333333	906
390.389333333	907
390.602666667	908
390.837333333	909
391.061333333	910
391.242666667	911
391.456000000	912
391.690666667	913
391.877333333	914
392.106666667	915
392.789333333	916
392.981333333	917
393.152000000	918
393.429333333	919
393.632000000	920
393.808000000	921
394.005333333	922
394.208000000	923
394.421333333	924
394.657916667	925
395.328000000	926
395.520000000	927
395.744000000	928
395.989333333	929
396.192000000	930
396.373333333	931
396.576000000	932
396.757333333	933
396.965333333	934
397.312000000	935
397.717333333	936
397.962666667	937
398.293333333	938
398.709333333	939
399.061333333	940
399.392000000	941
399.733333333	942
400.442666667	943
400.768000000	944
401.152000000	945
401.557333333	946
401.898666667	947
402.240000000	948
402.554666667	949
402.954666667	950
403.285333333	951
403.690666667	952
404.085333333	953
404.448000000	954
404.810666667	955
405.185291667	956
405.482666667	957
405.834666667	958
406.186666667	959
406.549333333	960
406.944000000	961
407.477333333	962
410.208000000	963
410.602666667	964
410.912000000	965
411.242666667	966
411.552000000	967
411.893333333	968
412.224000000	969
412.832000000	970
413.152000000	971
413.493333333	972
413.802666667	973
414.133333333	974
414.378666667	975
414.666666667	976
415.274666667	977
415.584000000	978
415.904000000	979
416.208718750	980
416.512000000	981
416.821333333	982
417.152000000	983
417.760000000	984
418.090197917	985
418.368000000	986
418.698666667	987
418.986666667	988
419.322666667	989
419.680000000	990
420.234666667	991
420.583312500	992
420.874666667	993
421.194666667	994
421.482666667	995
421.801343750	996
422.112000000	997
422.720000000	998
423.061333333	999
423.392000000	1000
423.744000000	1001
424.042666667	1002
424.405333333	1003
424.736000000	1004
425.472000000	1005
425.973333333	1006
426.325333333	1007
426.645333333	1008
426.933333333	1009
427.274666667	1010
427.658666667	1011
428.480000000	1012
428.874666667	1013
429.194666667	1014
429.461333333	1015
429.845333333	1016
430.186666667	1017
430.517333333	1018
431.274666667	1019
431.570062500	1020
431.882666667	1021
432.192000000	1022
432.480000000	1023
432.800000000	1024
433.098666667	1025
433.738666667	1026
434.062520833	1027
434.357333333	1028
434.634666667	1029
434.933333333	1030
435.232000000	1031
435.520000000	1032
436.128000000	1033
436.448000000	1034
436.736000000	1035
437.051343750	1036
437.322666667	1037
437.621333333	1038
437.866666667	1039
438.474666667	1040
438.808895833	1041
439.104000000	1042
439.370666667	1043
439.648000000	1044
439.946666667	1045
440.256000000	1046
440.810666667	1047
441.109333333	1048
441.386666667	1049
441.686500000	1050
441.952000000	1051
442.282666667	1052
442.538666667	1053
443.104000000	1054
443.402666667	1055
443.648000000	1056
443.962562500	1057
444.266666667	1058
444.544000000	1059
444.821333333	1060
445.365333333	1061
445.664000000	1062
445.909333333	1063
446.176000000	1064
446.464000000	1065
446.730666667	1066
446.997333333	1067
447.594666667	1068
447.904000000	1069
448.202666667	1070
448.832000000	1071
449.145145833	1072
449.472000000	1073
450.197333333	1074
450.666666667	1075
450.976000000	1076
451.253333333	1077
451.541333333	1078
451.850666667	1079
452.085333333	1080
452.298666667	1081
452.554666667	1082
452.853333333	1083
453.109333333	1084
453.373677083	1085
458.997333333	1086
460.080000000	1087
460.853333333	1088
461.205333333	1089
461.738666667	1090
462.282666667	1091
462.784000000	1092
463.349333333	1093
463.669333333	1094
463.818666667	1095
463.978666667	1096
464.256000000	1097
464.512000000	1098
465.301333333	1099
465.685333333	1100
466.842666667	1101
468.298666667	1102
468.617208333	1103
468.842666667	1104
469.066666667	1105
469.589333333	1106
469.920000000	1107
470.240000000	1108
471.341854167	1109
471.846666667	1110
472.416000000	1111
472.810666667	1112
473.077333333	1113
473.290666667	1114
473.549875000	1115
474.112000000	1116
474.346666667	1117
474.624000000	1118
475.616000000	1119
476.128000000	1120
476.768000000	1121
476.981333333	1122
477.244208333	1123
477.440000000	1124
477.730197917	1125
478.005333333	1126
478.284843750	1127
478.901333333	1128
479.232000000	1129
479.466666667	1130
479.733333333	1131
479.957333333	1132
480.202666667	1133
480.437333333	1134
480.693333333	1135
480.941489583	1136
481.205333333	1137
481.429333333	1138
481.664000000	1139
481.898666667	1140
482.144000000	1141
482.378666667	1142
482.677333333	1143
482.997333333	1144
484.202666667	1145
487.029333333	1146
487.785000000	1147
488.522666667	1148
488.757333333	1149
489.045333333	1150
489.216000000	1151
489.386666667	1152
489.578666667	1153
489.760000000	1154
489.920000000	1155
490.090666667	1156
490.261333333	1157
490.453333333	1158
490.613333333	1159
490.869333333	1160
491.029333333	1161
491.184000000	1162
491.370666667	1163
491.541333333	1164
491.712000000	1165
491.914666667	1166
492.117333333	1167
492.256000000	1168
492.394666667	1169
492.586666667	1170
492.768000000	1171
492.949333333	1172
493.162666667	1173
493.333333333	1174
493.515000000	1175
493.664000000	1176
493.802666667	1177
494.026666667	1178
494.240000000	1179
494.410666667	1180
494.592000000	1181
494.784000000	1182
494.933333333	1183
495.146666667	1184
495.402666667	1185
495.562666667	1186
495.733333333	1187
495.925333333	1188
496.074666667	1189
496.320000000	1190
496.469333333	1191
496.613333333	1192
496.874666667	1193
497.077333333	1194
497.376000000	1195
497.557333333	1196
497.738666667	1197
497.973333333	1198
498.154666667	1199
498.389333333	1200
498.581333333	1201
498.752000000	1202
498.944000000	1203
499.146666667	1204
499.285333333	1205
499.488000000	1206
499.680000000	1207
499.872000000	1208
500.042666667	1209
500.245333333	1210
500.416000000	1211
500.597333333	1212
500.757333333	1213
500.946041667	1214
501.141333333	1215
501.280000000	1216
501.461333333	1217
501.621333333	1218
501.792000000	1219
502.011645833	1220
502.186666667	1221
502.410666667	1222
502.560000000	1223
502.730666667	1224
502.908000000	1225
503.104000000	1226
503.290666667	1227
503.440000000	1228
503.626666667	1229
503.822666667	1230
504.009333333	1231
504.277333333	1232
504.541333333	1233
504.728000000	1234
504.906666667	1235
505.082666667	1236
505.316000000	1237
505.525333333	1238
505.698666667	1239
505.885333333	1240
506.101333333	1241
506.304000000	1242
506.566666667	1243
506.794666667	1244
506.977333333	1245
507.154666667	1246
507.338666667	1247
507.500000000	1248
507.677333333	1249
507.872000000	1250
508.032000000	1251
508.200000000	1252
508.384000000	1253
508.554666667	1254
508.750666667	1255
508.970666667	1256
509.152000000	1257
509.329333333	1258
509.525333333	1259
509.693333333	1260
509.824000000	1261
510.011708333	1262
510.188000000	1263
510.365333333	1264
510.538666667	1265
510.729333333	1266
510.878666667	1267
511.029333333	1268
511.186666667	1269
511.364000000	1270
511.552000000	1271
511.728000000	1272
511.905333333	1273
512.064000000	1274
512.204000000	1275
512.372000000	1276
512.544000000	1277
512.717333333	1278
512.880000000	1279
513.141333333	1280
513.305333333	1281
513.482666667	1282
513.621333333	1283
513.790666667	1284
513.949333333	1285
514.119427083	1286
514.285333333	1287
514.444000000	1288
514.624000000	1289
514.798666667	1290
514.957333333	1291
515.178666667	1292
515.386666667	1293
515.601333333	1294
515.797333333	1295
515.937333333	1296
516.058666667	1297
516.234666667	1298
516.394666667	1299
516.534666667	1300
516.693333333	1301
516.870666667	1302
517.038666667	1303
517.237333333	1304
517.412000000	1305
517.570666667	1306
517.749333333	1307
517.888000000	1308
518.037333333	1309
518.197333333	1310
518.354666667	1311
518.504000000	1312
518.666666667	1313
518.812000000	1314
518.998666667	1315
519.168000000	1316
519.316000000	1317
519.493333333	1318
519.690666667	1319
519.848000000	1320
519.969333333	1321
520.149333333	1322
520.296000000	1323
520.445333333	1324
520.605000000	1325
520.753333333	1326
520.902666667	1327
521.088000000	1328
521.229333333	1329
521.378666667	1330
521.568000000	1331
521.705333333	1332
521.864000000	1333
522.080000000	1334
522.228000000	1335
522.368000000	1336
522.538666667	1337
522.713333333	1338
522.890666667	1339
523.104000000	1340
523.264000000	1341
523.450666667	1342
523.624375000	1343
523.768000000	1344
523.936000000	1345
524.092500000	1346
524.234666667	1347
524.384000000	1348
524.558385417	1349
524.701333333	1350
524.869333333	1351
525.052500000	1352
525.205333333	1353
525.345333333	1354
525.568000000	1355
525.728000000	1356
525.886666667	1357
526.012500000	1358
526.154666667	1359
526.293333333	1360
526.432000000	1361
526.568000000	1362
526.708000000	1363
526.890666667	1364
527.053333333	1365
527.184000000	1366
527.365958333	1367
527.492000000	1368
527.669333333	1369
527.797333333	1370
527.930666667	1371
528.070666667	1372
528.224000000	1373
528.369333333	1374
528.509333333	1375
528.693333333	1376
528.845333333	1377
528.985333333	1378
529.152000000	1379
529.293333333	1380
529.414666667	1381
529.568000000	1382
529.704000000	1383
529.844000000	1384
529.984000000	1385
530.152000000	1386
530.320000000	1387
530.517333333	1388
530.898666667	1389
531.194885417	1390
531.449333333	1391
531.680000000	1392
532.746666667	1393
533.101333333	1394
533.386666667	1395
533.586666667	1396
533.802666667	1397
534.025333333	1398
534.270500000	1399
534.473333333	1400
534.720000000	1401
534.958666667	1402
535.232000000	1403
535.453333333	1404
535.686843750	1405
535.929333333	1406
536.192000000	1407
536.452000000	1408
536.722447917	1409
537.290666667	1410
537.930666667	1411
538.581333333	1412
539.774666667	1413
540.064000000	1414
540.969333333	1415
541.169822917	1416
541.398666667	1417
541.639562500	1418
542.388000000	1419
542.608197917	1420
542.826666667	1421
543.069166667	1422
543.274666667	1423
543.517333333	1424
543.760000000	1425
544.042666667	1426
544.814666667	1427
545.141333333	1428
545.860000000	1429
546.165333333	1430
547.204000000	1431
547.594666667	1432
548.250666667	1433
548.622666667	1434
548.842666667	1435
549.089333333	1436
549.456000000	1437
549.984000000	1438
550.302666667	1439
550.602666667	1440
550.806666667	1441
551.125333333	1442
551.432000000	1443
551.776000000	1444
552.188000000	1445
552.458666667	1446
552.757333333	1447
553.077333333	1448
553.326666667	1449
553.589125000	1450
553.872000000	1451
554.156406250	1452
554.428000000	1453
554.693447917	1454
554.922666667	1455
555.210666667	1456
555.492000000	1457
555.776000000	1458
556.052000000	1459
556.394666667	1460
556.808000000	1461
557.141333333	1462
559.244000000	1463
559.594666667	1464
561.036000000	1465
561.301333333	1466
561.577333333	1467
561.867218750	1468
563.266666667	1469
563.541239583	1470
563.817333333	1471
564.096000000	1472
564.872000000	1473
565.194666667	1474
565.432000000	1475
565.685333333	1476
565.964000000	1477
566.218666667	1478
566.486666667	1479
566.762666667	1480
567.065333333	1481
567.456000000	1482
567.756000000	1483
568.128000000	1484
568.778666667	1485
569.093333333	1486
569.450666667	1487
570.101333333	1488
570.388000000	1489
570.752000000	1490
571.402666667	1491
571.769333333	1492
572.129437500	1493
572.918427083	1494
573.234666667	1495
573.578666667	1496
573.878666667	1497
574.346666667	1498
575.061333333	1499
575.390666667	1500
575.754666667	1501
576.044000000	1502
576.384000000	1503
576.753333333	1504
577.162666667	1505
578.048000000	1506
578.302666667	1507
578.688000000	1508
579.002666667	1509
579.413333333	1510
580.117333333	1511
580.458666667	1512
580.853333333	1513
581.482666667	1514
581.793333333	1515
582.208000000	1516
582.954666667	1517
583.370666667	1518
583.882666667	1519
584.864000000	1520
588.842666667	1521
592.480000000	1522
593.525333333	1523
594.415531250	1524
595.178666667	1525
595.946666667	1526
596.725333333	1527
597.472000000	1528
598.197333333	1529
598.890666667	1530
599.594666667	1531
600.320000000	1532
600.693333333	1533
601.077333333	1534
601.813333333	1535
602.613333333	1536
603.349333333	1537
603.736000000	1538
604.160000000	1539
604.917333333	1540
605.738666667	1541
606.613333333	1542
607.390291667	1543
608.181333333	1544
608.981333333	1545
609.728000000	1546
610.474666667	1547
611.242666667	1548
611.925333333	1549
612.725333333	1550
613.514666667	1551
614.410666667	1552
615.360000000	1553
616.245333333	1554
616.672000000	1555
617.130666667	1556
617.930666667	1557
618.730666667	1558
619.509333333	1559
620.306041667	1560
621.098666667	1561
621.824000000	1562
622.549333333	1563
623.338666667	1564
624.096000000	1565
624.832000000	1566
625.621333333	1567
626.378666667	1568
627.168000000	1569
627.872000000	1570
628.597333333	1571
629.418666667	1572
630.255375000	1573
631.008000000	1574
631.803427083	1575
632.682666667	1576
633.502020833	1577
634.389333333	1578
635.146666667	1579
636.021333333	1580
636.960000000	1581
638.122666667	1582
639.786666667	1583
640.957333333	1584
641.450666667	1585
643.360000000	1586
644.438666667	1587
644.981333333	1588
646.720000000	1589
647.530666667	1590
648.704000000	1591
649.514666667	1592
650.197333333	1593
650.933333333	1594
651.690666667	1595
652.490666667	1596
653.226666667	1597
653.935479167	1598
654.720000000	1599
655.413333333	1600
656.085333333	1601
656.853333333	1602
657.578666667	1603
658.292260417	1604
659.061333333	1605
659.782687500	1606
660.608000000	1607
661.301177083	1608
662.112000000	1609
662.869333333	1610
663.573333333	1611
664.288000000	1612
665.173333333	1613
665.889479167	1614
666.709333333	1615
667.445333333	1616
668.138291667	1617
668.800000000	1618
669.162666667	1619
669.589333333	1620
670.389333333	1621
671.168000000	1622
671.904000000	1623
672.326666667	1624
672.812468750	1625
673.642666667	1626
674.453333333	1627
675.221333333	1628
675.696000000	1629
676.256000000	1630
677.044114583	1631
677.781333333	1632
678.432000000	1633
679.221333333	1634
679.989333333	1635
680.725333333	1636
681.418666667	1637
682.165333333	1638
682.890666667	1639
683.733333333	1640
684.488854167	1641
685.312000000	1642
686.080000000	1643
686.933333333	1644
687.808000000	1645
688.917333333	1646
689.760000000	1647
690.528000000	1648
691.253333333	1649
691.949364583	1650
692.665260417	1651
693.397333333	1652
694.098531250	1653
694.848000000	1654
695.637333333	1655
696.394666667	1656
697.126427083	1657
697.935697917	1658
698.656000000	1659
699.359520833	1660
700.064000000	1661
700.736000000	1662
701.481854167	1663
702.144000000	1664
702.879156250	1665
703.516052083	1666
704.213333333	1667
704.960000000	1668
705.653333333	1669
706.346666667	1670
707.114666667	1671
707.925333333	1672
708.864000000	1673
709.824000000	1674
710.869333333	1675
711.765333333	1676
712.629333333	1677
713.440000000	1678
714.250666667	1679
715.157333333	1680
716.000000000	1681
716.906666667	1682
717.828020833	1683
718.837333333	1684
719.914666667	1685
721.301333333	1686
722.287729167	1687
723.207593750	1688
724.234666667	1689
725.269333333	1690
726.272000000	1691
727.264000000	1692
728.512000000	1693
731.006197917	1694