1.523809524	1
1.966439909	2
2.663038549	3
2.884353741	4
3.091156463	5
3.348752834	6
3.827664399	7
4.277551020	8
4.698412698	9
5.384126984	10
5.605442177	11
5.815873016	12
6.031383220	13
6.490975057	14
6.911564626	15
7.412244898	16
8.050793651	17
8.268480726	18
8.460770975	19
8.714739229	20
9.389569161	21
9.625396825	22
9.839455782	23
10.100680272	24
10.767800454	25
10.996825397	26
11.214512472	27
11.461224490	28
11.671655329	29
11.900226757	30
12.339229025	31
12.814512472	32
13.794104308	33
14.004535147	34
14.222222222	35
14.454421769	36
14.707505669	37
15.125623583	38
15.637188209	39
16.642902494	40
16.888888889	41
17.182766440	42
18.213151927	43
18.449274376	44
18.757800454	45
19.914739229	46
20.143310658	47
20.371882086	48
20.589569161	49
20.814512472	50
21.275283447	51
21.786848073	52
21.993650794	53
22.207709751	54
22.429024943	55
22.657596372	56
23.116734694	57
23.354195011	58
23.600907029	59
23.829478458	60
24.058049887	61
24.489795918	62
24.714739229	63
24.914285714	64
25.153741497	65
25.382312925	66
25.839160998	67
26.075283447	68
26.307482993	69
26.509546485	70
26.745034014	71
27.167346939	72
27.417687075	73
27.631746032	74
27.820408163	75
28.056235828	76
28.485079365	77
28.749206349	78
28.972925170	79
29.402267574	80
29.791201814	81
30.091609977	82
30.334693878	83
30.719274376	84
31.140136054	85
31.590022676	86
32.014512472	87
32.449886621	88
32.937505669	89
33.411337868	90
33.854693878	91
34.332879819	92
34.748662132	93
35.247891156	94
35.805895692	95
36.226757370	96
36.693333333	97
37.278911565	98
37.715011338	99
38.277573696	100
38.875714286	101
40.774240363	102
41.280725624	103
41.999092971	104
42.213877551	105
42.440272109	106
42.660861678	107
43.181859410	108
43.572244898	109
44.067120181	110
44.756462585	111
44.988662132	112
45.224489796	113
45.438548753	114
45.950113379	115
46.318004535	116
46.863492063	117
47.490612245	118
47.749659864	119
47.908571429	120
48.152380952	121
48.715464853	122
49.127619048	123
49.631541950	124
49.904761905	125
50.102857143	126
50.282811791	127
50.536054422	128
50.742857143	129
51.058503401	130
51.530158730	131
51.960453515	132
53.492970522	133
53.922539683	134
54.398548753	135
54.868752834	136
55.379591837	137
56.076190476	138
56.290249433	139
56.714739229	140
57.242993197	141
57.701587302	142
58.177596372	143
59.127437642	144
59.535963719	145
60.064217687	146
60.406712018	147
60.900136054	148
61.538684807	149
61.828934240	150
62.275918367	151
62.809977324	152
63.212698413	153
63.634285714	154
64.645804989	155
65.099319728	156
65.358004535	157
65.556462585	158
65.937414966	159
66.282086168	160
67.243537415	161
67.697052154	162
67.911111111	163
68.121541950	164
68.531519274	165
68.922630385	166
69.884807256	167
70.349206349	168
71.205442177	169
71.684353741	170
72.446258503	171
72.921541950	172
73.766893424	173
74.224036281	174
75.076643991	175
75.497505669	176
76.379138322	177
76.839909297	178
77.253514739	179
77.652607710	180
78.073469388	181
78.461678005	182
78.904308390	183
79.372244898	184
81.922902494	185
82.445351474	186
83.156462585	187
83.381405896	188
83.591836735	189
83.853061224	190
84.321088435	191
84.734693878	192
85.195464853	193
85.859410431	194
86.087981859	195
86.276643991	196
86.557278912	197
87.005895692	198
87.405714286	199
87.956757370	200
88.634920635	201
88.859863946	202
89.075487528	203
89.327891156	204
90.024489796	205
90.234920635	206
90.459863946	207
90.717460317	208
91.376326531	209
91.631746032	210
91.849433107	211
92.088888889	212
92.346485261	213
92.567800454	214
92.943673469	215
93.443083900	216
94.423945578	217
94.667755102	218
94.894149660	219
95.120544218	220
95.354195011	221
95.770702948	222
96.243083900	223
96.763356009	224
97.071020408	225
97.320634921	226
97.556462585	227
97.792290249	228
98.017233560	229
98.259523810	230
98.699319728	231
98.927891156	232
99.134693878	233
99.602721088	234
99.824875283	235
100.034467120	236
100.495238095	237
101.471201814	238
102.392743764	239
103.386848073	240
104.257596372	241
104.834467120	242
109.605442177	243
110.190294785	244
110.831746032	245
111.212698413	246
111.438367347	247
111.763446712	248
112.076190476	249
112.341043084	250
112.541315193	251
112.928798186	252
113.186394558	253
113.440362812	254
113.737142857	255
114.100680272	256
114.448979592	257
114.771882086	258
115.020045351	259
115.341496599	260
115.606349206	261
115.867573696	262
116.117188209	263
116.462426304	264
116.712834467	265
116.935691610	266
117.289795918	267
117.684535147	268
117.945759637	269
118.265034014	270
118.590113379	271
118.868752834	272
119.159002268	273
119.460861678	274
119.800453515	275
120.023945578	276
120.362811791	277
120.671201814	278
121.037641723	279
121.393197279	280
121.799546485	281
122.209523810	282
122.539682540	283
122.810340136	284
123.118004535	285
123.414058957	286
123.698503401	287
124.009070295	288
124.277551020	289
124.582312925	290
124.858049887	291
125.144671202	292
125.489342404	293
125.808616780	294
126.044444444	295
126.338321995	296
126.632199546	297
126.962358277	298
127.288888889	299
127.655328798	300
128.533333333	301
128.856235828	302
129.172607710	303
129.567346939	304
130.684807256	305
131.076643991	306
131.591836735	245
132.098321995	246
132.481451247	247
132.926984127	248
133.131609977	249
133.433469388	250
133.723718821	251
134.142403628	252
134.373877551	253
134.733786848	254
134.936961451	255
135.349115646	256
135.761269841	257
136.232199546	258
136.511564626	259
136.830839002	260
137.121088435	261
137.411337868	262
137.676916100	263
138.035374150	264
138.285827664	265
138.648526077	266
138.988843537	267
139.450340136	268
139.882086168	269
140.270294785	270
140.544580499	271
140.974149660	272
141.329705215	273
141.648979592	274
141.908752834	275
142.243990930	276
142.570521542	277
143.013151927	278
143.415873016	279
143.818594104	280
144.348299320	281
144.841723356	282
145.287981859	283
145.606530612	284
145.943219955	285
146.340136054	286
146.599183673	287
146.941678005	288
147.278367347	289
147.591836735	290
147.916916100	291
148.271020408	292
148.671564626	293
149.144671202	294
149.426213152	295
149.794104308	296
150.098866213	297
150.439909297	298
150.802721088	299
151.274376417	300
152.317392290	301
152.696598639	302
153.063038549	303
153.473015873	304
154.626757370	305
155.051247166	306
155.508390023	307
155.892970522	308
156.189024943	309
156.438639456	310
156.774603175	311
157.043083900	312
157.257142857	313
157.609070295	314
157.802811791	315
158.122789116	316
158.396371882	317
158.679365079	318
159.016780045	319
159.354195011	320
159.606984127	321
159.905668934	322
160.165442177	323
160.428117914	324
160.736054422	325
161.026757370	326
161.273469388	327
161.527052154	328
161.785034014	329
162.176870748	330
162.493242630	331
162.858956916	332
163.207256236	333
163.479365079	334
163.723900227	335
164.034467120	336
164.317460317	337
164.589342404	338
164.838458050	339
165.140317460	340
165.547392290	341
165.866666667	342
166.276643991	343
166.696054422	344
167.071201814	345
167.386848073	346
167.658956916	347
167.916553288	348
168.235827664	349
168.522448980	350
168.823582766	351
169.117460317	352
169.443990930	353
169.795918367	354
170.039002268	355
170.311111111	356
171.181859410	357
171.573696145	358
171.943764172	359
172.349251701	360
173.609070295	361
173.836190476	362
174.265759637	363
174.857142857	364
175.251655329	365
175.614421769	366
175.949206349	367
176.297505669	368
176.674829932	369
177.145034014	370
177.481723356	371
177.783582766	372
178.155102041	373
178.456961451	374
178.804535147	375
179.107120181	376
179.432199546	377
179.751473923	378
180.059138322	379
180.413242630	380
180.850793651	381
181.293424036	382
181.609070295	383
182.033560091	384
182.259229025	385
182.537868481	386
182.787482993	387
183.031292517	388
183.495691610	389
183.829478458	390
184.134240363	391
184.418684807	392
184.703129252	393
185.161723356	394
185.614512472	395
185.951201814	396
186.311111111	397
186.641269841	398
186.914829932	399
187.222494331	400
187.609977324	401
187.890068027	402
188.220952381	403
188.604081633	404
189.024943311	405
189.457414966	406
189.979863946	407
190.403628118	408
190.757732426	409
191.106031746	410
191.361451247	411
191.611065760	412
191.878095238	413
192.384852608	414
192.801927438	415
193.679818594	416
194.285714286	417
194.869841270	307
195.370521542	308
195.740589569	309
196.074376417	310
196.390022676	311
196.723809524	312
197.053968254	313
197.312902494	314
197.622448980	315
197.926031746	316
198.356462585	317
198.762811791	318
199.172789116	319
199.597278912	320
199.876643991	321
200.159637188	322
200.446258503	323
200.758276644	324
201.106575964	325
201.418594104	326
201.726984127	327
202.006349206	328
202.390929705	329
202.750702948	330
203.112925170	331
203.508390023	332
203.856689342	333
204.146938776	334
204.480725624	335
204.760090703	336
205.043083900	337
205.358730159	338
205.707029478	339
206.040816327	340
206.360090703	341
206.773696145	342
207.165532880	343
207.626303855	344
207.974603175	345
208.319274376	346
208.620408163	347
208.907029478	348
209.226303855	349
209.483900227	350
209.785034014	351
210.075283447	352
210.390929705	353
210.702947846	354
211.007709751	355
211.265306122	356
211.551927438	357
211.820317460	358
212.139682540	359
212.549659864	360
212.894331066	361
213.355102041	362
215.303401361	363
215.902040816	364
216.272108844	365
216.551473923	366
216.979591837	367
217.338775510	368
217.748752834	369
218.209523810	370
218.550566893	371
218.851700680	372
219.178231293	373
219.577324263	374
219.908548753	375
220.208911565	376
220.469841270	377
220.894331066	378
221.202721088	379
221.569160998	380
221.975510204	381
222.389115646	382
222.719274376	383
223.047641723	384
223.357823129	385
223.542857143	386
223.825850340	387
224.071972789	388
224.468027211	389
224.767346939	390
225.128344671	391
225.498412698	392
225.795918367	393
226.176870748	394
226.634013605	395
226.967800454	396
227.334240363	397
227.689795918	398
228.081632653	399
228.419047619	400
228.760090703	401
229.137414966	402
229.489342404	403
229.775963719	404
230.175056689	405
230.595918367	406
231.038548753	407
231.354195011	408
231.738775510	409
232.027551020	410
232.272108844	411
232.439002268	412
232.725623583	413
233.248072562	414
233.610884354	415
234.292970522	416
234.507029478	417
234.811791383	418
235.084625850	419
235.427120181	420
235.715192744	421
236.425578231	422
236.779682540	423
237.017687075	424
237.235374150	425
237.679387755	426
238.418140590	427
238.824489796	428
239.176417234	429
239.603628118	430
240.439002268	431
242.528798186	432
244.897959184	433
250.869841270	1
251.319727891	2
252.009070295	3
252.237641723	4
252.433560091	5
252.650521542	6
253.149750567	7
253.567709751	8
254.062585034	9
254.672108844	10
254.882539683	11
255.111111111	12
255.310657596	13
255.738775510	14
256.195918367	15
256.663945578	16
257.349659864	17
257.585487528	18
257.821315193	19
258.075283447	20
258.734149660	21
258.989569161	22
259.198548753	23
259.482993197	24
260.143310658	25
260.342131519	26
260.593197279	27
260.839909297	28
261.075736961	29
261.293424036	30
261.694693878	31
262.182312925	32
263.245351474	33
263.489818594	34
263.717006803	35
263.918004535	36
264.188662132	37
264.620408163	38
265.171882086	39
266.199365079	40
266.472199546	41
266.756643991	42
267.772517007	43
268.010521542	44
268.283356009	45
269.520204082	46
269.743310658	47
269.964625850	48
270.204081633	49
270.418140590	50
270.849886621	51
271.296145125	52
271.558752834	53
271.786757370	54
272.003628118	55
272.228571429	56
272.677732426	57
272.933151927	58
273.124716553	59
273.423446712	60
273.625396825	61
274.107936508	62
274.321995465	63
274.539682540	64
274.768253968	65
275.004081633	66
275.446712018	67
275.693197279	68
275.921995465	69
276.110657596	70
276.346485261	71
276.793469388	72
277.046712018	73
277.246258503	74
277.427664399	75
277.663492063	76
278.105396825	77
278.374376417	78
278.595918367	79
279.038548753	80
279.469569161	81
279.720634921	82
279.945578231	83
280.348299320	84
280.783673469	85
281.211065760	86
281.672562358	87
282.122448980	88
282.648526077	89
283.080272109	90
283.475011338	91
283.939410431	92
284.374784580	93
284.856598639	94
285.378979592	95
285.750566893	96
286.209160998	97
286.661950113	98
287.201814059	99
287.666213152	100
288.295532880	101
290.319092971	102
290.891609977	103
291.693424036	104
291.935079365	105
292.128798186	106
292.386394558	107
292.838458050	108
293.273832200	109
293.802086168	110
294.498684807	111
294.777324263	112
294.963083900	113
295.253038549	114
295.709750567	115
296.095056689	116
296.576870748	117
297.269841270	118
297.491156463	119
297.708843537	120
298.013605442	121
298.508684807	122
298.927891156	123
299.406802721	124
299.664399093	125
299.867573696	126
300.088888889	127
300.328344671	128
300.512653061	129
300.800000000	130
301.286167800	131
301.772335601	132
303.223582766	133
303.664761905	134
304.134965986	135
304.640000000	136
305.185668934	137
305.789387755	138
305.980952381	139
306.539229025	140
307.000453515	141
307.408979592	142
307.954648526	143
308.760090703	144
309.173696145	145
309.696145125	146
310.038639456	147
310.590113379	148
311.240272109	149
311.420226757	150
312.000000000	151
312.497052154	152
312.888888889	153
313.447619048	154
314.332879819	155
314.793650794	156
315.037188209	157
315.240634921	158
315.639002268	159
316.088888889	160
316.948752834	161
317.424036281	162
317.642517007	163
317.840136054	164
318.262131519	165
318.686621315	166
319.597278912	167
320.043537415	168
320.925170068	169
321.389569161	170
322.209523810	171
322.670294785	172
323.602721088	173
324.096145125	174
324.974149660	175
325.391383220	176
326.236734694	177
326.686621315	178
327.161904762	179
327.582766440	180
327.974603175	181
328.409977324	182
328.852607710	183
329.338775510	184
331.783696145	185
332.270294785	186
332.970521542	187
333.180952381	188
333.426802721	189
333.667120181	190
334.117006803	191
334.552380952	192
335.031292517	193
335.691609977	194
335.934693878	195
336.174263039	196
336.388208617	197
336.863492063	198
337.264036281	199
337.774149660	200
338.452607710	201
338.692063492	202
338.898866213	203
339.123809524	204
339.806621315	205
339.998185941	206
340.253605442	207
340.513378685	208
341.205623583	209
341.426213152	210
341.658412698	211
341.986780045	212
342.247619048	213
342.497959184	214
342.907936508	215
343.404988662	216
344.506394558	217
344.751020408	218
344.973061224	219
345.255646259	220
345.465759637	221
345.904761905	222
346.337233560	223
346.894512472	224
347.200000000	225
347.468480726	226
347.682539683	227
347.940136054	228
348.165079365	229
348.351564626	230
348.836281179	231
349.090249433	232
349.304308390	233
349.728798186	234
349.987573696	235
350.182312925	236
350.726530612	237
351.775056689	238
352.805442177	239
353.843401361	240
354.895238095	241
355.562811791	242