2.368000000	0	1
5.033979166	22.5058	2
7.573333333	23.6281	3
10.058666666	24.1416	4
12.810666666	21.8023	5
15.426729166	22.9352	6
18.218666666	21.4905	7
21.536000000	18.0868	8
24.448000000	20.6044	9
27.104000000	22.5904	10
29.644104166	23.6211	11
32.032000000	25.1267	12
34.517333333	24.1416	13
36.938666666	24.7797	14
39.424000000	24.1416	15
41.802666666	25.2242	16
44.501333333	22.2332	17
47.456000000	20.3069	18
49.749333333	26.1628	19
52.053333333	26.0417	20
54.336000000	26.285	21
56.597333333	26.533	22
58.773333333	27.5735	23
61.098666666	25.8028	24
63.422395833	25.8206	25
65.802666666	25.2072	26
68.053333333	26.6588	27
70.197333333	27.9851	28
72.277333333	28.8462	29
74.461031250	27.4763	30
76.433979166	30.4113	31
78.474666666	29.4019	32
80.862718750	25.1251	33
83.797333333	20.4456	34
85.962666666	27.7094	35
88.074666666	28.4091	36
90.178520833	28.5191	37
92.533333333	25.4797	38
94.784000000	26.6588	39
96.940802083	27.819	40
99.317333333	25.2469	41
102.016000000	22.2332	42
104.320000000	26.0417	43
106.384770833	29.0589	44
108.384000000	30.0116	45
110.496000000	28.4091	46
112.586666666	28.699	47
114.532072916	30.8419	48
116.490666666	30.6342	49
118.521447916	29.5453	50
120.437333333	31.3171	51
122.240000000	33.284	52
124.021333333	33.6826	53
125.856000000	32.7035	54
128.010666666	27.8465	55
129.952000000	30.9066	56
131.959239583	29.8918	57
134.720000000	21.7331	58
137.050833333	25.7419	59
138.944000000	31.6929	60
140.970666666	29.6053	61
143.370666666	25	62
145.664000000	26.1628	63
147.893333333	26.9139	64
149.958541666	29.0528	65
152.917333333	20.2785	66
155.882666666	20.2338	67
158.112000000	26.9139	68
160.279697916	27.6791	69
162.474666666	27.3352	70
164.970666666	24.0385	71
167.808000000	21.1466	72
170.453333333	22.6815	73
173.194666666	21.8872	74
175.968000000	21.6346	75
179.477333333	17.0973	76
183.552000000	14.7251	77
189.098666666	10.8173	78
192.192000000	19.3966	79
195.072000000	20.8333	80
197.994666666	20.5292	81
201.013333333	19.8763	82
204.142125000	19.1767	83
207.050666666	20.6289	84
210.304000000	18.4426	85
213.557333333	18.4426	86
216.608000000	19.6678	87
219.690666666	19.4637	88
222.912000000	18.6258	89
226.120031250	18.7031	90
229.781333333	16.3876	91
232.586666666	21.3878	92
235.392000000	21.3878	93
238.197333333	21.3878	94
240.842666666	22.6815	95
243.413333333	23.3402	96
245.824000000	24.8894	97
248.480000000	22.5904	98
251.114666666	22.7733	99
253.717333333	23.0533	100
256.330666666	22.9592	101
259.008000000	22.4104	102
261.557333333	23.5356	103
264.085333333	23.7342	104
266.784000000	22.2332	105
269.418666666	22.7733	106
272.245333333	21.2264	107
274.730666666	24.1416	108
277.245427083	23.8591	109
279.818666666	23.3169	110
282.208000000	25.1116	111
284.554666666	25.5682	112
286.954666666	25	113
289.290666666	25.6849	114
291.605333333	25.9217	115
293.892635416	26.2318	116
296.170666666	26.3385	117
298.624000000	24.4565	118
300.938666666	25.9217	119
303.150000000	27.133	120
305.371218750	27.0122	121
307.637333333	26.477	122
309.877333333	26.7857	123
312.192000000	25.9217	124
314.560000000	25.3378	125
317.342635416	21.5623	126
319.719427083	25.2441	127
321.642666666	31.1974	128
323.701333333	29.1451	129
326.272000000	23.3402	130
328.853333333	23.2438	131
331.136000000	26.285	132
333.290666666	27.8465	133
336.967385416	16.3189	134
339.558916666	23.1523	135
341.696000000	28.0756	136
344.149333333	24.4565	137
346.933333333	21.5517	138
349.333333333	25	139
351.439604166	28.4864	140
354.261333333	21.2636	141
356.810666666	23.5356	142
359.221333333	24.8894	143
361.738666666	23.8347	144
364.128000000	25.1116	145
366.624000000	24.0385	146
369.098666666	24.2457	147
371.562666666	24.3506	148
374.101333333	23.6345	149
376.501333333	25	150
378.986666666	24.1416	151
381.397333333	24.8894	152
384.266666666	20.9108	153
386.837333333	23.3402	154
389.536000000	22.2332	155
392.106666666	23.3402	156
394.657916666	23.5179	157
397.312000000	22.6067	158
400.042666666	21.9727	159
402.954666666	20.6044	160
405.834666666	20.8333	161
409.621333333	15.8451	162
412.629333333	19.9468	163
414.986666666	25.4525	164
417.522083333	23.6647	165
419.978666666	24.4242	166
422.442666666	24.3506	167
425.120000000	22.4104	168
428.234666666	19.2637	169
430.880739583	22.6751	170
433.450666666	23.347	171
435.797333333	25.5682	172
438.218666666	24.7797	173
440.608000000	25.1116	174
442.848000000	26.7857	175
445.130666666	26.285	176
447.317333333	27.439	177
449.781333333	24.3506	178
452.298666666	23.8347	179
454.506062500	27.1814	180
456.678958333	27.6129	181
458.997333333	25.8802	182
461.205333333	27.1739	183
463.349333333	27.9851	184
465.685333333	25.6849	185
467.899625000	27.0967	186
470.240000000	25.6369	187
472.416000000	27.5735	188
474.624000000	27.1739	189
476.768000000	27.9851	190
478.901333333	28.125	191
480.941489583	29.4095	192
482.997333333	29.1851	193
485.653333333	22.5904	194
488.522666666	20.9108	195
490.869333333	25.5682	196
492.949333333	28.8462	197
495.146666666	27.3058	198
497.557333333	24.8894	199
499.872000000	25.9217	200
502.011645833	28.042	201
504.277333333	26.482	202
506.794666666	23.8347	203
508.970666666	27.5735	204
511.029333333	29.1451	205
513.141333333	28.4091	206
515.178666666	29.4503	207
517.237333333	29.1451	208
519.168000000	31.0773	209
521.088000000	31.25	210
523.104000000	29.7619	211
525.052500000	30.7929	212
526.890666666	32.6412	213
528.693333333	33.284	214
530.517333333	32.8947	215
532.746666666	26.9139	216
534.720000000	30.4054	217
536.722447916	29.9633	218
539.413333333	22.2975	219
541.639562500	26.9514	220
543.562770833	31.1979	221
545.589333333	29.6068	222
548.405333333	21.3068	223
550.602666666	27.3058	224
553.077333333	24.2457	225
555.210666666	28.125	226
558.272000000	19.5993	227
560.808541666	23.6543	228
562.976000000	27.6822	229
565.194666666	27.0433	230
567.456000000	26.533	231
570.101333333	22.6815	232
572.918427083	21.2985	233
575.754666666	21.1548	234
578.688000000	20.4545	235
581.482666666	21.4695	236
584.864000000	17.7445	237
588.842666666	15.0804	238
593.525333333	12.8132	239
596.725333333	18.75	240
599.594666666	20.9108	241
602.613333333	19.8763	242
605.738666666	19.198	243
608.981333333	18.5033	244
611.925333333	20.3804	245
615.360000000	17.4689	246
618.730666666	17.8006	247
621.824000000	19.3966	248
624.832000000	19.9468	249
627.872000000	19.7368	250
631.008000000	19.1327	251
634.389333333	17.7445	252
638.122666666	16.0714	253
641.450666666	18.0288	254
644.981333333	16.994	255
648.704000000	16.1175	256
651.690666666	20.0893	257
654.720000000	19.8063	258
657.578666666	20.9888	259
660.608000000	19.8063	260
663.573333333	20.2338	261
666.709333333	19.1327	262
669.589333333	20.8333	263
672.812468750	18.6154	264
676.256000000	17.424	265
679.221333333	20.2338	266
682.165333333	20.3804	267
685.312000000	19.0678	268
688.917333333	16.642	269
691.949364583	19.7887	270
694.848000000	20.6994	271
697.935697916	19.432	272
700.736000000	21.4263	273
703.516052083	21.5823	274
706.346666666	21.1968	275
709.824000000	17.2546	276
713.440000000	16.5929	277
716.906666666	17.3077	278
721.301333333	13.6529	279
725.269333333	15.121	280
731.006197916	10.4587	281
