0.522448980	0.137868	1
0.660317460	0.108844	2
0.769160998	0.137868	3
0.907029478	0.1161	4
1.023129252	0.1161	5
1.139229025	0.108844	6
1.248072562	0.123356	7
1.371428571	0.0870748	8
1.458503401	0.108844	9
1.567346939	0.123356	10
1.690702948	0.0870748	11
1.777777778	0.120454	12
1.898231293	0.0972336	13
1.995464853	0.0943311	14
2.089795918	0.101587	15
2.191383220	0.108844	16
2.300226757	0.108844	17
2.409070295	0.1161	18
2.525170068	0.0943311	19
2.619501134	0.1161	20
2.735600907	0.0943311	21
2.829931973	0.123356	22
2.953287982	0.0798186	23
3.033106576	0.124807	24
3.157913832	0.114649	25
3.272562358	0.1161	26
3.388662132	0.0870748	27
3.475736961	0.101587	28
3.577324263	0.0725624	29
3.649886621	0.0769161	30
3.726802721	0.0899773	31
3.816780045	0.101587	32
3.918367347	0.0870748	33
4.005442177	0.0943311	34
4.099773243	0.0870748	35
4.186848073	0.084059	36
4.270907029	0.0755782	37
4.346485261	0.101587	38
4.448072562	0.0943311	39
4.542403628	0.0870748	40
4.629478458	0.101587	41
4.731065760	0.110295	42
4.841360544	0.0928798	43
4.934240363	0.1161	44
5.050340136	0.0798186	45
5.130158730	0.108844	46
5.239002268	0.101587	47
5.340589569	0.121905	48
5.462494331	0.103039	49
5.565532880	0.108844	50
5.674376417	0.101587	51
5.775963719	0.108844	52
5.884807256	0.0798186	53
5.964625850	0.101587	54
6.066213152	0.0943311	55
6.160544218	0.108844	56
6.269387755	0.101587	57
6.370975057	0.137868	58
6.508843537	0.101587	59
6.610430839	0.123356	60
6.733786848	0.108844	61
6.842630385	0.108844	62
6.951473923	0.130612	63
7.082086168	0.101587	64
7.183673469	0.0798186	65
7.263492063	0.0914286	66
7.354920635	0.111746	67
7.466666667	0.108844	68
7.575510204	0.1161	69
7.691609977	0.101587	70
7.793197279	0.108844	71
7.902040816	0.143673	72
8.045714286	0.103039	73
8.148752834	0.130612	74
8.279365079	0.101587	75
8.380952381	0.0943311	76
8.475283447	0.123356	77
8.598639456	0.108844	78
8.707482993	0.0870748	79
8.794557823	0.0870748	80
8.881632653	0.101587	81
8.983219955	0.101587	82
9.084807256	0.101587	83
9.186394558	0.113197	84
9.299591837	0.111746	85
9.411337868	0.101587	86
9.512925170	0.0943311	87
9.607256236	0.0943311	88
9.701587302	0.1161	89
9.817687075	0.108844	90
9.926530612	0.1161	91
10.042630385	0.101587	92
10.144217687	0.0870748	93
10.231292517	0.101587	94
10.332879819	0.1161	95
10.448979592	0.1161	96
10.565079365	0.108844	97
10.673922902	0.101587	98
10.775510204	0.101587	99
10.877097506	0.0943311	100
10.971428571	0.1161	101
11.087528345	0.121905	102
11.209433107	0.117551	103
11.326984127	0.108844	104
11.435827664	0.1161	105
11.551927438	0.1161	106
11.668027211	0.1161	107
11.784126984	0.13932	108
11.923446712	0.100136	109
12.023582766	0.108844	110
12.132426304	0.101587	111
12.234013605	0.0943311	112
12.328344671	0.108844	113
12.437188209	0.119002	114
12.556190476	0.0986848	115
12.654875283	0.0943311	116
12.749206349	0.0943311	117
12.843537415	0.0725624	118
12.916099773	0.0870748	119
13.003174603	0.0928798	120
13.096054422	0.103039	121
13.199092971	0.0943311	122
13.293424036	0.0943311	123
13.387755102	0.101587	124
13.489342404	0.108844	125
13.598185941	0.142222	126
13.740408163	0.111746	127
13.852154195	0.101587	128
13.953741497	0.108844	129
14.062585034	0.108844	130
14.171428571	0.1161	131
14.287528345	0.120454	132
14.407981859	0.10449	133
14.512471655	0.101587	134
14.614058957	0.108844	135
14.722902494	0.101587	136
14.824489796	0.101587	137
14.926077098	0.126259	138
15.052335601	0.113197	139
15.165532880	0.130612	140
15.296145125	0.108844	141
15.404988662	0.145125	142
15.550113379	0.152381	143
15.702494331	0.159637	144
15.862131519	0.0362812	145
15.898412698	0.0725624	146
15.970975057	0.0725624	147
16.043537415	0.0798186	148
16.123356009	0.0435374	149
16.166893424	0.0580499	150
16.224943311	0.0986848	151
16.323628118	0.111746	152
16.435374150	0.0507937	153
16.486167800	0.0290249	154
16.515192744	0.0943311	155
16.609523810	0.0943311	156
16.703854875	0.0580499	157
16.761904762	0.0290249	158
16.790929705	0.0899773	159
16.880907029	0.113197	160
16.994104308	0.0580499	161
17.052154195	0.0435374	162
17.095691610	0.0870748	163
17.182766440	0.0943311	164
17.277097506	0.0580499	165
17.335147392	0.0507937	166
17.385941043	0.10449	167
17.490430839	0.120454	168
17.610884354	0.0435374	169
17.654421769	0.0290249	170
17.683446712	0.101587	171
17.785034014	0.1161	172
17.901133787	0.0290249	173
17.930158730	0.0580499	174
17.988208617	0.0943311	175
18.082539683	0.137868	176
18.220408163	0.0362812	177
18.256689342	0.0362812	178
18.292970522	0.0798186	179
18.372789116	0.0798186	180
18.452607710	0.0580499	181
18.510657596	0.0435374	182
18.554195011	0.0972336	183
18.651428571	0.134966	184
18.786394558	0.0943311	185
18.880725624	0.0580499	186
18.938775510	0.108844	187
19.047619048	0.0870748	188
19.134693878	0.108844	189
19.243537415	0.0696599	190
19.313197279	0.126259	191
19.439455782	0.0870748	192
19.526530612	0.0580499	193
19.584580499	0.0653061	194
19.649886621	0.0870748	195
19.736961451	0.0986848	196
19.835646259	0.111746	197
19.947392290	0.0870748	198
20.034467120	0.0870748	199
20.121541950	0.108844	200
20.230385488	0.123356	201
20.353741497	0.103039	202
20.456780045	0.0711111	203
20.527891156	0.0870748	204
20.614965986	0.108844	205
20.723809524	0.101587	206
20.825396825	0.101587	207
20.926984127	0.12771	208
21.054693878	0.0899773	209
21.144671202	0.0870748	210
21.231746032	0.101587	211
21.333333333	0.0870748	212
21.420408163	0.101587	213
21.521995465	0.101587	214
21.623582766	0.123356	215
21.746938776	0.137868	216
21.884807256	0.101587	217
21.986394558	0.101587	218
22.087981859	0.101587	219
22.189569161	0.130612	220
22.320181406	0.101587	221
22.421768707	0.0870748	222
22.508843537	0.130612	223
22.639455782	0.1161	224
22.755555556	0.0943311	225
22.849886621	0.108844	226
22.958730159	0.145125	227
23.103854875	0.145125	228
23.248979592	0.137868	229
23.386848073	0.169796	230
23.556643991	0.156735	231
23.713378685	0.145125	232
23.858503401	0.152381	233
24.010884354	0.161088	234
24.171972789	0.129161	235
24.301133787	0.152381	236
24.453514739	0.137868	237
24.591383220	0.151088	238
24.742471655	0.139161	239
24.881632653	0.1161	240
24.997732426	0.130612	241
25.128344671	0.152381	242
25.280725624	0.137868	243
25.418594104	0.17415	244
25.592743764	0.166893	245
25.759637188	0.165442	246
25.925079365	0.124807	247
26.049886621	0.17415	248
26.224036281	0.152381	249
26.376417234	0.178685	250
26.555102041	0.227664	251
26.782766440	0.159637	252
26.942403628	0.123356	253
27.065759637	0.15873	254
27.224489796	0.196825	255
27.421315193	0.399093	256
27.820408163	0.17415	257
27.994557823	0.152381	258
28.146938776	0.0943311	259
28.241269841	0.101587	260
28.342857143	0.145125	261
28.487981859	0.475283	262
28.963265306	0.177778	263
29.141043084	0.195918	264
29.336961451	0.108844	265
29.445804989	0.154195	266
29.600000000	0.150567	267
29.750566893	0.166893	268
29.917460317	0.159637	269
30.077097506	0.26576	270
30.342857143	0.213152	271
30.556009070	0.17415	272
30.730158730	0.130612	273
30.860770975	0.151474	274
31.012244898	0.138776	275
31.151020408	0.145125	276
31.296145125	0.130612	277
31.426757370	0.124263	278
31.551020408	0.636735	279
32.187755102	0.160544	280
32.348299320	0.137868	281
32.486167800	0.145125	282
32.631292517	0.160544	283
32.791836735	0.144218	284
32.936054422	0.17415	285
33.110204082	0.137868	286
33.248072562	0.188662	287
33.436734694	0.77551	288
34.212244898	0.1678	289
34.380045351	0.210431	290
34.590476190	0.17415	291
34.764625850	0.190476	292
34.955102041	0.157823	293
35.112925170	0.166893	294
35.279818594	0.152381	295
35.432199546	0.143311	296
35.575510204	0.628571	297
36.204081633	0.178685	298
36.382766440	0.188662	299
36.571428571	0.246712	300
36.818140590	0.185941	301
37.004081633	0.220408	302
37.224489796	0.188662	303
37.413151927	0.130612	304
37.543764172	0.121542	305
37.665306122	2.86077	306
40.526077098	0.371882	307
40.897959184	0.302948	308
41.200907029	0.301134	309
41.502040816	0.373696	310
41.875736961	0.295692	311
42.171428571	0.277551	312
42.448979592	0.277551	313
42.726530612	0.353741	314
43.080272109	0.29932	315
43.379591837	0.288435	316
43.668027211	0.32381	317
43.991836735	1.33061	318
45.322448980	1.23617	319
46.558616780	2.00465	320
48.563265306	1.33061	321
49.893877551	0.341043	322
50.234920635	0.254875	323
50.489795918	0.376417	324
50.866213152	0.31746	325
51.183673469	1.20816	326
52.391836735	1.31882	327
53.710657596	0.399093	328
54.109750567	0.24127	329
54.351020408	0.295692	330
54.646712018	0.30839	331
54.955102041	1.34694	332
56.302040816	1.31429	333
57.616326531	0.339229	334
57.955555556	0.240454	335
58.196009070	0.252971	336
58.448979592	0.294649	337
58.743628118	0.554331	338
59.297959184	0.644898	339
59.942857143	1.17551	340
61.118367347	0.356463	341
61.474829932	0.272109	342
61.746938776	0.286621	343
62.033560091	0.309297	344
62.342857143	0.321995	345
62.664852608	0.429025	346
63.093877551	0.669388	347
63.763265306	0.918821	348
64.682086168	0.305669	349
64.987755102	0.644898	350
65.632653061	1.00136	351
66.634013605	0.394558	352
67.028571429	0.273016	353
67.301587302	0.17415	354
67.475736961	0.130612	355
67.606349206	0.148753	356
67.755102041	0.156009	357
67.911111111	0.130612	358
68.041723356	0.130612	359
68.172335601	0.162358	360
68.334693878	0.222222	361
68.556916100	0.0870748	362
68.643990930	0.0943311	363
68.738321995	0.208617	364
68.946938776	0.24127	365
69.188208617	0.137868	366
69.326077098	0.123356	367
69.449433107	0.150567	368
69.600000000	0.190476	369
69.790476190	0.108844	370
69.899319728	0.0943311	371
69.993650794	0.175125	372
70.168775510	0.194943	373
70.363718821	0.101587	374
70.465306122	0.108844	375
70.574149660	0.233469	376
70.807619048	0.245442	377
71.053061224	0.108844	378
71.161904762	0.108844	379
71.270748299	0.17415	380
71.444897959	0.203175	381
71.648072562	0.101587	382
71.749659864	0.101587	383
71.851247166	0.205057	384
72.056303855	0.201293	385
72.257596372	0.210431	386
72.468027211	0.193197	387
72.661224490	0.213152	388
72.874376417	0.239456	389
73.113832200	0.273923	390
73.387755102	0.212245	391
73.600000000	0.181406	392
73.781405896	0.177778	393
73.959183673	1.12109	394
75.080272109	0.356463	395
75.436734694	0.661224	396
76.097959184	0.977778	397
77.075736961	0.372993	398
77.448730159	0.673719	399
78.122448980	1.27528	400
79.397732426	0.0435374	401
79.441269841	0.0580499	402
79.499319728	0.580499	403
80.079818594	0.0435374	404
80.123356009	0.108844	405
80.232199546	0.464399	406
80.696598639	0.0798186	407
80.776417234	0.0870748	408
80.863492063	0.406349	409
81.269841270	0.0653061	410
81.335147392	0.0798186	411
81.414965986	0.55873	412
81.973696145	0.0798186	413
82.053514739	0.0798186	414
82.133333333	0.522449	415
82.655782313	0.0870748	416
82.742857143	0.0943311	417
82.837188209	0.522449	418
83.359637188	0.0507937	419
83.410430839	0.108844	420
83.519274376	0.428118	421
83.947392290	0.0870748	422
84.034467120	0.0798186	423
84.114285714	0.486168	424
84.600453515	0.0870748	425
84.687528345	0.108844	426
84.796371882	0.449887	427
85.246258503	0.0362812	428
85.282539683	0.0798186	429
85.362358277	0.229478	430
85.591836735	0.234921	431
85.826757370	0.0870748	432
85.913832200	0.0943311	433
86.008163265	0.220408	434
86.228571429	0.367347	435
86.595918367	0.609524	436
87.205442177	0.195918	437
87.401360544	0.148163	438
87.549523810	0.207392	439
87.756916100	0.181406	440
87.938321995	0.19229	441
88.130612245	0.185034	442
88.315646259	0.17415	443
88.489795918	0.220408	444
88.710204082	0.236735	445
88.946938776	0.181406	446
89.128344671	0.17229	447
89.300634921	0.190522	448
89.491156463	0.195918	449
89.687074830	0.194399	450
89.881473923	0.182925	451
90.064399093	0.17415	452
90.238548753	0.218594	453
90.457142857	0.144218	454
90.601360544	0.145125	455
90.746485261	0.123356	456
90.869841270	0.15873	457
91.028571429	0.131519	458
91.160090703	0.108844	459
91.268934240	0.130612	460
91.399546485	0.135147	461
91.534693878	0.555102	462
92.089795918	0.144218	463
92.234013605	0.123356	464
92.357369615	0.123356	465
92.480725624	0.139683	466
92.620408163	0.121542	467
92.741950113	0.1161	468
92.858049887	0.137868	469
92.995918367	0.163265	470
93.159183673	0.552857	471
93.712040816	0.140113	472
93.852154195	0.123356	473
93.975510204	0.108844	474
94.084353741	0.144218	475
94.228571429	0.124263	476
94.352834467	0.137868	477
94.490702948	0.137868	478
94.628571429	0.124082	479
94.752653061	0.144399	480
94.897052154	0.1161	481
95.013151927	0.137868	482
95.151020408	0.138027	483
95.289047619	0.130454	484
95.419501134	0.152381	485
95.571882086	0.130612	486
95.702494331	0.142404	487
95.844897959	0.155102	488
96.000000000	0.123356	489
96.123356009	0.145125	490
96.268480726	0.127937	491
96.396417234	0.140544	492
96.536961451	0.145125	493
96.682086168	0.152381	494
96.834467120	0.145125	495
96.979591837	0.159637	496
97.139229025	0.108844	497
97.248072562	0.137868	498
97.385941043	0.165079	499
97.551020408	0.146939	500
97.697959184	0.101587	501
97.799546485	0.130612	502
97.930158730	0.151474	503
98.081632653	0.138776	504
98.220408163	0.137868	505
98.358276644	0.145125	506
98.503401361	0.117007	507
98.620408163	0.144218	508
98.764625850	0.123356	509
98.887981859	0.137868	510
99.025850340	0.14966	511
99.175510204	0.126077	512
99.301587302	0.137868	513
99.439455782	0.123356	514
99.562811791	0.151474	515
99.714285714	0.138776	516
99.853061224	0.1161	517
99.969160998	0.137868	518
100.107029478	0.154195	519
100.261224490	0.143311	520
100.404535147	0.137868	521
100.542403628	0.130612	522
100.673015873	0.175964	523
100.848979592	0.136054	524
100.985034014	0.123356	525
101.108390023	0.159637	526
101.268027211	0.111565	527
101.379591837	0.142404	528
101.521995465	0.137868	529
101.659863946	0.1161	530
101.775963719	0.18322	531
101.959183673	0.157823	532
102.117006803	0.159637	533
102.276643991	0.1161	534
102.392743764	0.154195	535
102.546938776	0.150567	536
102.697505669	0.130612	537
102.828117914	0.123356	538
102.951473923	0.166893	539
103.118367347	0.145125	540
103.263492063	0.123356	541
103.386848073	0.137868	542
103.524716553	0.197732	543
103.722448980	0.186848	544
103.909297052	0.137868	545
104.047165533	0.130612	546
104.177777778	0.156916	547
104.334693878	0.147846	548
104.482539683	0.1161	549
104.598639456	0.152381	550
104.751020408	0.179592	551
104.930612245	0.161451	552
105.092063492	0.130612	553
105.222675737	0.130612	554
105.353287982	0.181406	555
105.534693878	0.166893	556
105.701587302	0.152381	557
105.853968254	0.137868	558
105.991836735	0.130612	559
106.122448980	0.152381	560
106.274829932	0.152381	561
106.427210884	0.152381	562
106.579591837	0.171429	563
106.751020408	0.924263	564
107.675283447	0.300227	565
107.975510204	0.604082	566
108.579591837	0.587755	567
109.167346939	0.571429	568
109.738775510	0.546939	569
110.285714286	0.571429	570
110.857142857	1.18367	571
112.040816327	0.555102	572
112.595918367	1.14286	573
113.738775510	0.579592	574
114.318367347	1.23265	575
115.551020408	0.620408	576
116.171428571	1.18367	577
117.355102041	0.685714	578
118.040816327	1.82041	579
119.861224490	0.702041	580
120.563265306	1.69469	581
122.257959184	0.169252	1
122.427210884	0.123356	2
122.550566893	0.137868	3
122.688435374	0.123356	4
122.811791383	0.17415	5
122.985941043	0.159637	6
123.145578231	0.0870748	7
123.232653061	0.145125	8
123.377777778	0.0798186	9
123.457596372	0.101587	10
123.559183673	0.0725624	11
123.631746032	0.0743764	12
123.706122449	0.114286	13
123.820408163	0.108844	14
123.929251701	0.0798186	15
124.009070295	0.101587	16
124.110657596	0.0798186	17
124.190476190	0.0870748	18
124.277551020	0.0943311	19
124.371882086	0.101587	20
124.473469388	0.0870748	21
124.560544218	0.108844	22
124.669387755	0.0943311	23
124.763718821	0.109751	24
124.873469388	0.093424	25
124.966893424	0.0870748	26
125.053968254	0.0798186	27
125.133786848	0.0943311	28
125.228117914	0.0870748	29
125.315192744	0.146032	30
125.461224490	0.10068	31
125.561904762	0.0798186	32
125.641723356	0.101587	33
125.743310658	0.1161	34
125.859410431	0.101587	35
125.960997732	0.0961451	36
126.057142857	0.107029	37
126.164172336	0.0943311	38
126.258503401	0.108844	39
126.367346939	0.101587	40
126.468934240	0.0870748	41
126.556009070	0.0725624	42
126.628571429	0.145125	43
126.773696145	0.101587	44
126.875283447	0.108844	45
126.984126984	0.1161	46
127.100226757	0.0653061	47
127.165532880	0.107937	48
127.273469388	0.117007	49
127.390476190	0.108844	50
127.499319728	0.0870748	51
127.586394558	0.108844	52
127.695238095	0.0798186	53
127.775056689	0.102494	54
127.877551020	0.093424	55
127.970975057	0.108844	56
128.079818594	0.108844	57
128.188662132	0.101587	58
128.290249433	0.0943311	59
128.384580499	0.137868	60
128.522448980	0.0943311	61
128.616780045	0.123356	62
128.740136054	0.123356	63
128.863492063	0.123356	64
128.986848073	0.0870748	65
129.073922902	0.117914	66
129.191836735	0.128798	67
129.320634921	0.1161	68
129.436734694	0.108844	69
129.545578231	0.123356	70
129.668934240	0.101587	71
129.770521542	0.147846	72
129.918367347	0.151837	73
130.070204082	0.186485	74
130.256689342	0.0870748	75
130.343764172	0.0856236	76
130.429387755	0.0914286	77
130.520816327	0.115918	78
130.636734694	0.158367	79
130.795102041	0.124082	80
130.919183673	0.10449	81
131.023673469	0.0783673	82
131.102040816	0.0718367	83
131.173877551	0.075102	84
131.248979592	0.107755	85
131.356734694	0.117551	86
131.474285714	0.124082	87
131.598367347	0.10449	88
131.702857143	0.11102	89
131.813877551	0.0963265	90
131.910204082	0.132245	91
132.042448980	0.10449	92
132.146938776	0.0979592	93
132.244897959	0.11102	94
132.355918367	0.11102	95
132.466938776	0.0963265	96
132.563265306	0.112653	97
132.675918367	0.11102	98
132.786938776	0.11102	99
132.897959184	0.10449	100
133.002448980	0.10449	101
133.106938776	0.109388	102
133.216326531	0.112653	103
133.328979592	0.11102	104
133.440000000	0.130612	105
133.570612245	0.10449	106
133.675102041	0.10449	107
133.779591837	0.122449	108
133.902040816	0.112653	109
134.014693878	0.11102	110
134.125714286	0.0979592	111
134.223673469	0.10449	112
134.328163265	0.084898	113
134.413061224	0.101224	114
134.514285714	0.107755	115
134.622040816	0.0979592	116
134.720000000	0.0914286	117
134.811428571	0.10449	118
134.915918367	0.0783673	119
134.994285714	0.0995918	120
135.093877551	0.102857	121
135.196734694	0.117551	122
135.314285714	0.117551	123
135.431836735	0.0653061	124
135.497142857	0.0914286	125
135.588571429	0.0767347	126
135.665306122	0.0995918	127
135.764897959	0.117551	128
135.882448980	0.0979592	129
135.980408163	0.130612	130
136.111020408	0.0914286	131
136.202448980	0.0995918	132
136.302040816	0.0963265	133
136.398367347	0.117551	134
136.515918367	0.117551	135
136.633469388	0.10449	136
136.737959184	0.117551	137
136.855510204	0.124082	138
136.979591837	0.137143	139
137.116734694	0.10449	140
137.221224490	0.124082	141
137.345306122	0.163265	142
137.508571429	0.146576	143
137.655147392	0.173424	144
137.828571429	0.0457143	145
137.874285714	0.0457143	146
137.920000000	0.0979592	147
138.017959184	0.084898	148
138.102857143	0.0261224	149
138.128979592	0.0457143	150
138.174693878	0.0865306	151
138.261224490	0.115918	152
138.377142857	0.0522449	153
138.429387755	0.0457143	154
138.475102041	0.11102	155
138.586122449	0.0718367	156
138.657959184	0.0457143	157
138.703673469	0.0391837	158
138.742857143	0.106122	159
138.848979592	0.122449	160
138.971428571	0.0522449	161
139.023673469	0.0326531	162
139.056326531	0.0914286	163
139.147755102	0.10449	164
139.252244898	0.0391837	165
139.291428571	0.0326531	166
139.324081633	0.10449	167
139.428571429	0.11102	168
139.539591837	0.0522449	169
139.591836735	0.0522449	170
139.644081633	0.0979592	171
139.742040816	0.0783673	172
139.820408163	0.0457143	173
139.866122449	0.0783673	174
139.944489796	0.08	175
140.024489796	0.148571	176
140.173061224	0.0391837	177
140.212244898	0.0457143	178
140.257959184	0.0783673	179
140.336326531	0.0457143	180
140.382040816	0.0457143	181
140.427755102	0.0457143	182
140.473469388	0.106122	183
140.579591837	0.12898	184
140.708571429	0.124082	185
140.832653061	0.0587755	186
140.891428571	0.0914286	187
140.982857143	0.10449	188
141.087346939	0.0979592	189
141.185306122	0.0636735	190
141.248979592	0.112653	191
141.361632653	0.0914286	192
141.453061224	0.0718367	193
141.524897959	0.0718367	194
141.596734694	0.0914286	195
141.688163265	0.0830385	196
141.771201814	0.11288	197
141.884081633	0.0914286	198
141.975510204	0.11102	199
142.086530612	0.084898	200
142.171428571	0.0979592	201
142.269387755	0.122449	202
142.391836735	0.0930612	203
142.484897959	0.11102	204
142.595918367	0.084898	205
142.680816327	0.084898	206
142.765714286	0.0718367	207
142.837551020	0.117551	208
142.955102041	0.0914286	209
143.046530612	0.117551	210
143.164081633	0.0979592	211
143.262040816	0.0783673	212
143.340408163	0.10449	213
143.444897959	0.0979592	214
143.542857143	0.10449	215
143.647346939	0.10449	216
143.751836735	0.10449	217
143.856326531	0.11102	218
143.967346939	0.10449	219
144.071836735	0.148571	220
144.220408163	0.0995918	221
144.320000000	0.0979592	222
144.417959184	0.143673	223
144.561632653	0.11102	224
144.672653061	0.0914286	225
144.764081633	0.117551	226
144.881632653	0.137143	227
145.018775510	0.156735	228
145.175510204	0.150204	229
145.325714286	0.143673	230
145.469387755	0.150204	231
145.619591837	0.143673	232
145.763265306	0.150204	233
145.913469388	0.192154	234
146.105623583	0.147438	235
146.253061224	0.182857	236
146.435918367	0.117551	237
146.553469388	0.151882	238
146.705351474	0.141995	239
146.847346939	0.124082	240
146.971428571	0.137143	241
147.108571429	0.157234	242
147.265804989	0.117052	243
147.382857143	0.143673	244
147.526530612	0.156735	245
147.683265306	0.169796	246
147.853061224	0.117551	247
147.970612245	0.163265	248
148.133877551	0.156735	249
148.290612245	0.182857	250
148.473469388	0.182857	251
148.656326531	0.195918	252
148.852244898	0.130612	253
148.982857143	0.143673	254
149.126530612	0.21551	255
149.342040816	0.364082	256
149.706122449	0.19102	257
149.897142857	0.156735	258
150.053877551	0.10449	259
150.158367347	0.102857	260
150.261224490	0.171429	261
150.432653061	0.156735	262
150.589387755	0.143673	263
150.733061224	0.213878	264
150.946938776	0.164898	265
151.111836735	0.406531	266
151.518367347	0.142041	267
151.660408163	0.202449	268
151.862857143	0.143673	269
152.006530612	0.254694	270
152.261224490	0.163265	271
152.424489796	0.202449	272
152.626938776	0.150204	273
152.777142857	0.145306	274
152.922448980	0.13551	275
153.057959184	0.130612	276
153.188571429	0.11102	277
153.299591837	0.153469	278
153.453061224	0.644898	279
154.097959184	0.148571	280
154.246530612	0.143673	281
154.390204082	0.143673	282
154.533877551	0.13551	283
154.669387755	0.164898	284
154.834285714	0.20898	285
155.043265306	0.124082	286
155.167346939	0.179592	287
155.346938776	0.75102	288
156.097959184	0.166531	289
156.264489796	0.20898	290
156.473469388	0.156735	291
156.630204082	0.202449	292
156.832653061	0.137143	293
156.969795918	0.150204	294
157.120000000	0.130612	295
157.250612245	0.174172	296
157.424784580	0.673175	297
158.097959184	0.217143	298
158.315102041	0.182857	299
158.497959184	0.333061	300
158.831020408	0.189388	301
159.020408163	0.195918	302
159.216326531	0.195918	303
159.412244898	0.143673	304
159.555918367	0.101224	305
159.657142857	2.87673	306
162.533877551	0.364082	307
162.897959184	0.308571	308
163.206530612	0.29551	309
163.502040816	0.370612	310
163.872653061	0.298776	311
164.171428571	0.28898	312
164.460408163	0.257959	313
164.718367347	0.36898	314
165.087346939	0.292245	315
165.379591837	0.269388	316
165.648979592	0.347302	317
165.996281179	1.30168	318
167.297959184	1.25714	319
168.555102041	1.97764	320
170.532743764	1.33664	321
171.869387755	0.323265	322
172.192653061	0.280816	323
172.473469388	0.326531	324
172.800000000	0.310204	325
173.110204082	1.24898	326
174.359183673	1.32245	327
175.681632653	0.318367	328
176.000000000	0.318367	329
176.318367347	0.328163	330
176.646530612	0.341224	331
176.987755102	1.26531	332
178.253061224	1.30612	333
179.559183673	0.352653	334
179.911836735	0.259592	335
180.171428571	0.302041	336
180.473469388	0.236735	337
180.710204082	0.570884	338
181.281088435	0.612789	339
181.893877551	1.17551	340
183.069387755	0.349388	341
183.418775510	0.27102	342
183.689795918	0.284082	343
183.973877551	0.32	344
184.293877551	0.32	345
184.613877551	0.43102	346
185.044897959	0.661224	347
185.706122449	0.912653	348
186.618775510	0.303673	349
186.922448980	0.669388	350
187.591836735	0.973061	351
188.564897959	0.393946	352
188.958843537	0.330952	353
189.289795918	0.117551	354
189.407346939	0.0653061	355
189.472653061	0.217143	356
189.689795918	0.213878	357
189.903673469	0.0783673	358
189.982040816	0.0979592	359
190.080000000	0.173061	360
190.253061224	0.225306	361
190.478367347	0.0783673	362
190.556734694	0.0979592	363
190.654693878	0.210612	364
190.865306122	0.292245	365
191.157551020	0.0979592	366
191.255510204	0.11102	367
191.366530612	0.168163	368
191.534693878	0.197551	369
191.732244898	0.084898	370
191.817142857	0.0914286	371
191.908571429	0.197551	372
192.106122449	0.220408	373
192.326530612	0.0718367	374
192.398367347	0.084898	375
192.483265306	0.251429	376
192.734693878	0.238367	377
192.973061224	0.11102	378
193.084081633	0.10449	379
193.188571429	0.19102	380
193.379591837	0.174694	381
193.554285714	0.11102	382
193.665306122	0.11102	383
193.776326531	0.199184	384
193.975510204	0.212245	385
194.187755102	0.195918	386
194.383673469	0.204082	387
194.587755102	0.200816	388
194.788571429	0.248163	389
195.036734694	0.261224	390
195.297959184	0.21551	391
195.513469388	0.182857	392
195.696326531	0.183923	393
195.880249433	1.06342	394
196.943673469	0.370612	395
197.314285714	0.636735	396
197.951020408	0.997551	397
198.948571429	0.360658	398
199.309229025	0.715261	399
200.024489796	1.28163	400
201.306122449	0.124082	401
201.430204082	0.0914286	402
201.521632653	0.444082	403
201.965714286	0.117551	404
202.083265306	0.0914286	405
202.174693878	0.470204	406
202.644897959	0.0914286	407
202.736326531	0.0914286	408
202.827755102	0.489796	409
203.317551020	0.0914286	410
203.408979592	0.0979592	411
203.506938776	0.483265	412
203.990204082	0.0653061	413
204.055510204	0.084898	414
204.140408163	0.548571	415
204.688979592	0.0718367	416
204.760816327	0.0914286	417
204.852244898	0.679184	418
205.531428571	0.0457143	419
205.577142857	0.10449	420
205.681632653	0.437551	421
206.119183673	0.0718367	422
206.191020408	0.084898	423
206.275918367	0.483265	424
206.759183673	0.0457143	425
206.804897959	0.130612	426
206.935510204	0.581225	427
207.516734694	0.0718367	428
207.588571429	0.084898	429
207.673469388	0.228571	430
207.902040816	0.195918	431
208.097959184	0.163265	432
208.261224490	0.084898	433
208.346122449	0.20898	434
208.555102041	0.42449	435
208.979591837	0.711837	436
209.691428571	0.182857	437
209.874285714	0.174694	438
210.048979592	0.19102	439
210.240000000	0.176327	440
210.416326531	0.212245	441
210.628571429	0.199184	442
210.827755102	0.182857	443
211.010612245	0.230204	444
211.240816327	0.220408	445
211.461224490	0.189388	446
211.650612245	0.194286	447
211.844897959	0.19102	448
212.035918367	0.195918	449
212.231836735	0.217143	450
212.448979592	0.181224	451
212.630204082	0.169796	452
212.800000000	0.236735	453
213.036734694	0.161633	454
213.198367347	0.137143	455
213.335510204	0.143673	456
213.479183673	0.112653	457
213.591836735	0.13551	458
213.727346939	0.143673	459
213.871020408	0.124082	460
213.995102041	0.143673	461
214.138775510	0.595918	462
214.734693878	0.155102	463
214.889795918	0.124082	464
215.013877551	0.11102	465
215.124897959	0.140408	466
215.265306122	0.140408	467
215.405714286	0.11102	468
215.516734694	0.117551	469
215.634285714	0.146803	470
215.781088435	0.537279	471
216.318367347	0.151837	472
216.470204082	0.130612	473
216.600816327	0.10449	474
216.705306122	0.13	475
216.835306122	0.131224	476
216.966530612	0.143673	477
217.110204082	0.130612	478
217.240816327	0.138776	479
217.379591837	0.12898	480
217.508571429	0.117551	481
217.626122449	0.130612	482
217.756734694	0.12898	483
217.885714286	0.145306	484
218.031020408	0.156735	485
218.187755102	0.137143	486
218.324897959	0.132245	487
218.457142857	0.155102	488
218.612244898	0.130612	489
218.742857143	0.137143	490
218.880000000	0.140408	491
219.020408163	0.16	492
219.180408163	0.143673	493
219.324081633	0.143673	494
219.467755102	0.164898	495
219.632653061	0.142041	496
219.774693878	0.156735	497
219.931428571	0.117551	498
220.048979592	0.155102	499
220.204081633	0.145306	500
220.349387755	0.156735	501
220.506122449	0.156735	502
220.662857143	0.169796	503
220.832653061	0.156735	504
220.989387755	0.137143	505
221.126530612	0.117551	506
221.244081633	0.13551	507
221.379591837	0.145306	508
221.524897959	0.150204	509
221.675102041	0.137143	510
221.812244898	0.155102	511
221.967346939	0.138776	512
222.106122449	0.137143	513
222.243265306	0.156735	514
222.400000000	0.137234	515
222.537233560	0.150113	516
222.687346939	0.124082	517
222.811428571	0.130612	518
222.942040816	0.143673	519
223.085714286	0.150204	520
223.235918367	0.150204	521
223.386122449	0.130612	522
223.516734694	0.156735	523
223.673469388	0.143673	524
223.817142857	0.137143	525
223.954285714	0.130612	526
224.084897959	0.127347	527
224.212244898	0.133878	528
224.346122449	0.130612	529
224.476734694	0.137143	530
224.613877551	0.169796	531
224.783673469	0.137143	532
224.920816327	0.143673	533
225.064489796	0.130612	534
225.195102041	0.151837	535
225.346938776	0.148571	536
225.495510204	0.156735	537
225.652244898	0.117551	538
225.769795918	0.164898	539
225.934693878	0.155102	540
226.089795918	0.130612	541
226.220408163	0.137143	542
226.357551020	0.164898	543
226.522448980	0.187755	544
226.710204082	0.137143	545
226.847346939	0.137143	546
226.984489796	0.158367	547
227.142857143	0.168163	548
227.311020408	0.137143	549
227.448163265	0.150204	550
227.598367347	0.132245	551
227.730612245	0.161633	552
227.892244898	0.150204	553
228.042448980	0.137143	554
228.179591837	0.171429	555
228.351020408	0.148571	556
228.499591837	0.150204	557
228.649795918	0.137143	558
228.786938776	0.143673	559
228.930612245	0.163265	560
229.093877551	0.143673	561
229.237551020	0.143673	562
229.381224490	0.169796	563
229.551020408	0.927347	564
230.478367347	0.297143	565
230.775510204	0.595918	566
231.371428571	0.587755	567
231.959183673	0.563265	568
232.522448980	0.555102	569
233.077551020	0.571429	570
233.648979592	1.28163	571
234.930612245	0.546939	572
235.477551020	1.18367	573
236.661224490	0.604082	574
237.265306122	1.18367	575
238.448979592	0.644898	576
239.093877551	1.15102	577
240.244897959	0.669388	578
240.914285714	1.89388	579
242.808163265	0.702041	580
243.510204082	1.61633	581
245.126530612	0.222041	582
245.348571429	0.163265	583
245.511836735	0.0914286	584
245.603265306	0.10449	585
245.707755102	0.10449	586
245.812244898	0.0979592	587
245.910204082	0.117551	588
246.027755102	0.10449	589
246.132244898	0.084898	590
246.217142857	0.117551	591
246.334693878	0.117551	592
246.452244898	0.0865306	593
246.538775510	0.115918	594
246.654693878	0.124082	595
246.778775510	0.0914286	596
246.870204082	0.0979592	597
246.968163265	0.0783673	598
247.046530612	0.0793197	599
247.125850340	0.110068	600
247.235918367	0.117551	601
247.353469388	0.084898	602
247.438367347	0.084898	603
247.523265306	0.11102	604
247.634285714	0.0963265	605
247.730612245	0.119184	606
247.849795918	0.0718367	607
247.921632653	0.084898	608
248.006530612	0.0914286	609
248.097959184	0.084898	610
248.182857143	0.11102	611
248.293877551	0.124082	612
248.417959184	0.130612	613
248.548571429	0.117551	614
248.666122449	0.0914286	615
248.757551020	0.0783673	616
248.835918367	0.0753288	617
248.911247166	0.114059	618
249.025306122	0.10449	619
249.129795918	0.084898	620
249.214693878	0.0979592	621
249.312653061	0.10449	622
249.417142857	0.0930612	623
249.510204082	0.0897959	624
249.600000000	0.10449	625
249.704489796	0.10449	626
249.808979592	0.084898	627
249.893877551	0.117551	628
250.011428571	0.0783673	629
250.089795918	0.10449	630
250.194285714	0.084898	631
250.279183673	0.0783673	632
250.357551020	0.0914286	633
250.448979592	0.084898	634
250.533877551	0.102857	635
250.636734694	0.0995918	636
250.736326531	0.0914286	637
250.827755102	0.0979592	638
250.925714286	0.0783673	639
251.004081633	0.0914286	640
251.095510204	0.10449	641
251.200000000	0.10449	642
251.304489796	0.0979592	643
251.402448980	0.0783673	644
251.480816327	0.0979592	645
251.578775510	0.0914286	646
251.670204082	0.0930612	647
251.763265306	0.0832653	648
251.846530612	0.0783673	649
251.924897959	0.182857	650
252.107755102	0.156735	651
252.264489796	0.137143	652
252.401632653	0.137143	653
252.538775510	0.189388	654
252.728163265	0.124082	655
252.852244898	0.117551	656
252.969795918	0.0914286	657
253.061224490	0.0783673	658
253.139591837	0.0930612	659
253.232653061	0.0767347	660
253.309387755	0.10449	661
253.413877551	0.10449	662
253.518367347	0.117551	663
253.635918367	0.0718367	664
253.707755102	0.084898	665
253.792653061	0.124082	666
253.916734694	0.0979592	667
254.014693878	0.084898	668
254.099591837	0.084898	669
254.184489796	0.0914286	670
254.275918367	0.124082	671
254.400000000	0.0979592	672
254.497959184	0.0979592	673
254.595918367	0.0914286	674
254.687346939	0.0979592	675
254.785306122	0.084898	676
254.870204082	0.0875964	677
254.957800454	0.114853	678
255.072653061	0.0979592	679
255.170612245	0.124082	680
255.294693878	0.0718367	681
255.366530612	0.0783673	682
255.444897959	0.0979592	683
255.542857143	0.0914286	684
255.634285714	0.084898	685
255.719183673	0.0914286	686
255.810612245	0.084898	687
255.895510204	0.0979592	688
255.993469388	0.0914286	689
256.084897959	0.0914286	690
256.176326531	0.0783673	691
256.254693878	0.11102	692
256.365714286	0.0914286	693
256.457142857	0.0783673	694
256.535510204	0.0767347	695
256.612244898	0.106122	696
256.718367347	0.0783673	697
256.796734694	0.0979592	698
256.894693878	0.0783673	699
256.973061224	0.10449	700
257.077551020	0.0979592	701
257.175510204	0.0979592	702
257.273469388	0.10449	703
257.377959184	0.0783673	704
257.456326531	0.0914286	705
257.547755102	0.0914286	706
257.639183673	0.0832653	707
257.722448980	0.0995918	708
257.822040816	0.0914286	709
257.913469388	0.084898	710
257.998367347	0.0718367	711
258.070204082	0.10449	712
258.174693878	0.100952	713
258.275646259	0.094966	714
258.370612245	0.0979592	715
258.468571429	0.0979592	716
258.566530612	0.084898	717
258.651428571	0.084898	718
258.736326531	0.0881633	719
258.824489796	0.0881633	720
258.912653061	0.084898	721
258.997551020	0.0979592	722
259.095510204	0.10449	723
259.200000000	0.084898	724
259.284897959	0.123333	725
259.408231293	0.0921769	726
259.500408163	0.0783673	727
259.578775510	0.0718367	728
259.650612245	0.0914286	729
259.742040816	0.10449	730
259.846530612	0.137551	731
259.984081633	0.241224	732
260.225306122	0.11102	733
260.336326531	0.084898	734
260.421224490	0.142041	735
260.563265306	0.0865306	736
260.649795918	0.084898	737
260.734693878	0.130612	738
260.865306122	0.117551	739
260.982857143	0.10449	740
261.087346939	0.0963265	741
261.183673469	0.119184	742
261.302857143	0.0587755	743
261.361632653	0.163265	744
261.524897959	0.117551	745
261.642448980	0.0783673	746
261.720816327	0.0832653	747
261.804081633	0.138776	748
261.942857143	0.0914286	749
262.034285714	0.130612	750
262.164897959	0.0914286	751
262.256326531	0.0979592	752
262.354285714	0.151837	753
262.506122449	0.148571	754
262.654693878	0.084898	755
262.739591837	0.0979592	756
262.837551020	0.137143	757
262.974693878	0.0914286	758
263.066122449	0.0685714	759
263.134693878	0.0685714	760
263.203265306	0.084898	761
263.288163265	0.195918	762
263.484081633	0.084898	763
263.568979592	0.0914286	764
263.660408163	0.119184	765
263.779591837	0.142041	766
263.921632653	0.0914286	767
264.013061224	0.137143	768
264.150204082	0.143673	769
264.293877551	0.117551	770
264.411428571	0.515918	771
264.927346939	0.124082	772
265.051428571	0.124082	773
265.175510204	0.42449	774
265.600000000	0.137143	775
265.737142857	0.117551	776
265.854693878	0.122993	777
265.977687075	0.314558	778
266.292244898	0.124082	779
266.416326531	0.117551	780
266.533877551	0.16	781
266.693877551	0.277551	782
266.971428571	0.117551	783
267.088979592	0.11102	784
267.200000000	0.146939	785
267.346938776	0.101224	786
267.448163265	0.0979592	787
267.546122449	0.189388	788
267.735510204	0.130612	789
267.866122449	0.11102	790
267.977142857	0.0881633	791
268.065306122	0.107755	792
268.173061224	0.10449	793
268.277551020	0.137143	794
268.414693878	0.11102	795
268.525714286	0.11102	796
268.636734694	0.114286	797
268.751020408	0.114286	798
268.865306122	0.0653061	799
268.930612245	0.143673	800
269.074285714	0.124082	801
269.198367347	0.11102	802
269.309387755	0.127347	803
269.436734694	0.127347	804
269.564081633	0.084898	805
269.648979592	0.124082	806
269.773061224	0.0718367	807
269.844897959	0.10449	808
269.949387755	0.115918	809
270.065306122	0.112653	810
270.177959184	0.0914286	811
270.269387755	0.169796	812
270.439183673	0.0979592	813
270.537142857	0.11102	814
270.648163265	0.127347	815
270.775510204	0.120816	816
270.896326531	0.0653061	817
270.961632653	0.150204	818
271.111836735	0.124082	819
271.235918367	0.10449	820
271.340408163	0.120816	821
271.461224490	0.133878	822
271.595102041	0.0718367	823
271.666938776	0.0783673	824
271.745306122	0.137143	825
271.882448980	0.0718367	826
271.954285714	0.102857	827
272.057142857	0.158367	828
272.215510204	0.0522449	829
272.267755102	0.0979592	830
272.365714286	0.130612	831
272.496326531	0.0979592	832
272.594285714	0.0914286	833
272.685714286	0.11102	834
272.796734694	0.0914286	835
272.888163265	0.156735	836
273.044897959	0.10449	837
273.149387755	0.0653061	838
273.214693878	0.156735	839
273.371428571	0.137143	840
273.508571429	0.084898	841
273.593469388	0.130612	842
273.724081633	0.0979592	843
273.822040816	0.0522449	844
273.874285714	0.182857	845
274.057142857	0.10449	846
274.161632653	0.0587755	847
274.220408163	0.254694	848
274.475102041	0.0914286	849
274.566530612	0.0979592	850
274.664489796	0.16	851
274.824489796	0.0881633	852
274.912653061	0.0914286	853
275.004081633	0.163265	854
275.167346939	0.11102	855
275.278367347	0.084898	856
275.363265306	0.124036	857
275.487301587	0.124127	858
275.611428571	0.124082	859
275.735510204	0.10449	860
275.840000000	0.10449	861
275.944489796	0.0783673	862
276.022857143	0.140408	863
276.163265306	0.120816	864
276.284081633	0.0979592	865
276.382040816	0.20898	866
276.591020408	0.130612	867
276.721632653	0.0914286	868
276.813061224	0.117551	869
276.930612245	0.137143	870
277.067755102	0.0783673	871
277.146122449	0.21551	872
277.361632653	0.10449	873
277.466122449	0.0718367	874
277.537959184	0.119184	875
277.657142857	0.115918	876
277.773061224	0.084898	877
277.857959184	0.156735	878
278.014693878	0.11102	879
278.125714286	0.0914286	880
278.217142857	0.109637	881
278.326780045	0.105873	882
278.432653061	0.0979592	883
278.530612245	0.248163	884
278.778775510	0.10449	885
278.883265306	0.11102	886
278.994285714	0.522449	887
279.516734694	0.156735	888
279.673469388	0.11102	889
279.784489796	0.515918	890
280.300408163	0.117551	891
280.417959184	0.11102	892
280.528979592	0.124059	893
280.653038549	0.404921	894
281.057959184	0.143673	895
281.201632653	0.124082	896
281.325714286	0.11102	897
281.436734694	0.378776	898
281.815510204	0.10449	899
281.920000000	0.130612	900
282.050612245	0.137143	901
282.187755102	0.156735	902
282.344489796	0.124082	903
282.468571429	0.124082	904
282.592653061	0.0914286	905
282.684081633	0.084898	906
282.768979592	0.10449	907
282.873469388	0.0914286	908
282.964897959	0.084898	909
283.049795918	0.20898	910
283.258775510	0.0979592	911
283.356734694	0.10449	912
283.461224490	0.155102	913
283.616326531	0.0669388	914
283.683265306	0.10449	915
283.787755102	0.182857	916
283.970612245	0.10449	917
284.075102041	0.124082	918
284.199183673	0.127347	919
284.326530612	0.120816	920
284.447346939	0.0783673	921
284.525714286	0.143673	922
284.669387755	0.117551	923
284.786938776	0.10449	924
284.891428571	0.12898	925
285.020408163	0.0995918	926
285.120000000	0.117551	927
285.237551020	0.176327	928
285.413877551	0.11102	929
285.524897959	0.084898	930
285.609795918	0.153469	931
285.763265306	0.0555102	932
285.818775510	0.0914286	933
285.910204082	0.254694	934
286.164897959	0.117551	935
286.282448980	0.0914286	936
286.373877551	0.181224	937
286.555102041	0.112653	938
286.667755102	0.0914286	939
286.759183673	0.150204	940
286.909387755	0.11102	941
287.020408163	0.0783673	942
287.098775510	0.113968	943
287.212743764	0.0884807	944
287.301224490	0.0914286	945
287.392653061	0.143673	946
287.536326531	0.084898	947
287.621224490	0.0783673	948
287.699591837	0.120816	949
287.820408163	0.107755	950
287.928163265	0.0783673	951
288.006530612	0.137143	952
288.143673469	0.0979592	953
288.241632653	0.11102	954
288.352653061	0.161633	955
288.514285714	0.138776	956
288.653061224	0.11102	957
288.764081633	0.0914286	958
288.855510204	0.0914286	959
288.946938776	0.124082	960
289.071020408	0.120816	961
289.191836735	0.101224	962
289.293061224	0.0979592	963
289.391020408	0.11102	964
289.502040816	0.10449	965
289.606530612	0.10449	966
289.711020408	0.101224	967
289.812244898	0.075102	968
289.887346939	0.117551	969
290.004897959	0.235102	970
290.240000000	0.0914286	971
290.331428571	0.10449	972
290.435918367	0.143673	973
290.579591837	0.11102	974
290.690612245	0.0914286	975
290.782040816	0.130612	976
290.912653061	0.0979592	977
291.010612245	0.0979592	978
291.108571429	0.0914286	979
291.200000000	0.0914286	980
291.291428571	0.0718367	981
291.363265306	0.130612	982
291.493877551	0.084898	983
291.578775510	0.084898	984
291.663673469	0.10585	985
291.769523810	0.122721	986
291.892244898	0.0979592	987
291.990204082	0.0979592	988
292.088163265	0.11102	989
292.199183673	0.11102	990
292.310204082	0.163265	991
292.473469388	0.10449	992
292.577959184	0.0979592	993
292.675918367	0.10449	994
292.780408163	0.0914286	995
292.871836735	0.0914286	996
292.963265306	0.0927438	997
293.056009070	0.103175	998
293.159183673	0.0914286	999
293.250612245	0.130612	1000
293.381224490	0.0979592	1001
293.479183673	0.084898	1002
293.564081633	0.120726	1003
293.684807256	0.107846	1004
293.792653061	0.117551	1005
293.910204082	0.182857	1006
294.093061224	0.084898	1007
294.177959184	0.137143	1008
294.315102041	0.150204	1009
294.465306122	0.137143	1010
294.602448980	0.084898	1011
294.687346939	0.10449	1012
294.791836735	0.0914286	1013
294.883265306	0.0914286	1014
294.974693878	0.0888889	1015
295.063582766	0.107029	1016
295.170612245	0.0979592	1017
295.268571429	0.084898	1018
295.353469388	0.0914286	1019
295.444897959	0.0783673	1020
295.523265306	0.084898	1021
295.608163265	0.0914286	1022
295.699591837	0.11102	1023
295.810612245	0.0979592	1024
295.908571429	0.377143	1025
296.285714286	3.96837	1026
300.254081633	0.633719	1027
300.887800454	1.23465	1028
302.122448980	0.669388	1029
302.791836735	1.31429	1030
304.106122449	0.710204	1031
304.816326531	3.15918	1032
307.975510204	0.767347	1033
308.742857143	1.30612	1034
310.048979592	0.767347	1035
310.816326531	1.33061	1036
312.146938776	0.726531	1037
312.873469388	3.11109	1038
315.984557823	0.832857	1039
316.817414966	3.18259	1040
320.000000000	0.669388	1041
320.669387755	1.15048	1042
321.819863946	0.669932	1043
322.489795918	1.15918	1044
323.648979592	0.661224	1045
324.310204082	1.17551	1046
325.485714286	0.791837	1047
326.277551020	3.20816	1048
329.485714286	3.89388	1049
333.379591837	2.31837	1050
335.697959184	1.89429	1051
337.592244898	1.81184	1052
339.404081633	1.78776	1053
341.191836735	1.86939	1054
343.061224490	1.83673	1055
344.897959184	1.77959	1056
346.677551020	1.97551	1057
348.653061224	0.349388	1058
349.002448980	0.29551	1059
349.297959184	0.292245	1060
349.590204082	0.27102	1061
349.861224490	0.303673	1062
350.164897959	0.414694	1063
350.579591837	1.14286	1064
351.722448980	0.685714	1065
352.408163265	1.48571	1066
353.893877551	0.644898	1067
354.538775510	0.51102	1068
355.049795918	0.305306	1069
355.355102041	0.334694	1070
355.689795918	0.293878	1071
355.983673469	0.359184	1072
356.342857143	0.359184	1073
356.702040816	0.378776	1074
357.080816327	0.323265	1075
357.404081633	0.323265	1076
357.727346939	0.337959	1077
358.065306122	0.367347	1078
358.432653061	0.391837	1079
358.824489796	0.150204	1080
358.974693878	0.0914286	1081
359.066122449	0.10449	1082
359.170612245	0.0718367	1083
359.242448980	0.0979592	1084
359.340408163	0.0881633	1085
359.428571429	0.107755	1086
359.536326531	0.084898	1087
359.621224490	0.11102	1088
359.732244898	0.0914286	1089
359.823673469	0.0783673	1090
359.902040816	0.101338	1091
360.003378685	0.0945805	1092
360.097959184	0.084898	1093
360.182857143	0.084898	1094
360.267755102	0.0783673	1095
360.346122449	0.084898	1096
360.431020408	0.109819	1097
360.540839002	0.105692	1098
360.646530612	0.0783673	1099
360.724897959	0.084898	1100
360.809795918	0.0914286	1101
360.901224490	0.084898	1102
360.986122449	0.0832653	1103
361.069387755	0.0995918	1104
361.168979592	0.0783673	1105
361.247346939	0.084898	1106
361.332244898	0.0783673	1107
361.410612245	0.0979592	1108
361.508571429	0.0952834	1109
361.603854875	0.120227	1110
361.724081633	0.0653061	1111
361.789387755	0.0587755	1112
361.848163265	0.0718367	1113
361.920000000	0.0783673	1114
361.998367347	0.124082	1115
362.122448980	0.084898	1116
362.207346939	0.0914286	1117
362.298775510	0.0979592	1118
362.396734694	0.10449	1119
362.501224490	0.124082	1120
362.625306122	0.101224	1121
362.726530612	0.075102	1122
362.801632653	0.10449	1123
362.906122449	0.084898	1124
362.991020408	0.084898	1125
363.075918367	0.0783673	1126
363.154285714	0.102857	1127
363.257142857	0.125714	1128
363.382857143	0.0718367	1129
363.454693878	0.11102	1130
363.565714286	0.0914286	1131
363.657142857	0.0979592	1132
363.755102041	0.106122	1133
363.861224490	0.13551	1134
363.996734694	0.117551	1135
364.114285714	0.0914286	1136
364.205714286	0.084898	1137
364.290612245	0.084898	1138
364.375510204	0.114286	1139
364.489795918	0.0881633	1140
364.577959184	0.084898	1141
364.662857143	0.11102	1142
364.773877551	0.0718367	1143
364.845714286	0.0914286	1144
364.937142857	0.075102	1145
365.012244898	0.120816	1146
365.133061224	0.11102	1147
365.244081633	0.117551	1148
365.361632653	0.10449	1149
365.466122449	0.10449	1150
365.570612245	0.179592	1151
365.750204082	0.114286	1152
365.864489796	0.117551	1153
365.982040816	0.10449	1154
366.086530612	0.0718367	1155
366.158367347	0.0979592	1156
366.256326531	0.0850794	1157
366.341405896	0.0781859	1158
366.419591837	0.0979592	1159
366.517551020	0.10449	1160
366.622040816	0.0783673	1161
366.700408163	0.0914286	1162
366.791836735	0.130612	1163
366.922448980	0.10449	1164
367.026938776	0.0979592	1165
367.124897959	0.10449	1166
367.229387755	0.0979592	1167
367.327346939	0.084898	1168
367.412244898	0.0740816	1169
367.486326531	0.0826531	1170
367.568979592	0.084898	1171
367.653877551	0.0914286	1172
367.745306122	0.084898	1173
367.830204082	0.0718367	1174
367.902040816	0.109138	1175
368.011179138	0.0802494	1176
368.091428571	0.10449	1177
368.195918367	0.0914286	1178
368.287346939	0.10449	1179
368.391836735	0.0718367	1180
368.463673469	0.115918	1181
368.579591837	0.0865306	1182
368.666122449	0.084898	1183
368.751020408	0.0783673	1184
368.829387755	0.10449	1185
368.933877551	0.0914286	1186
369.025306122	0.0604082	1187
369.085714286	0.0767347	1188
369.162448980	0.117551	1189
369.280000000	0.0783673	1190
369.358367347	0.084898	1191
369.443265306	0.11102	1192
369.554285714	0.11102	1193
369.665306122	0.0914286	1194
369.756734694	0.0783673	1195
369.835102041	0.0914286	1196
369.926530612	0.0718367	1197
369.998367347	0.0914286	1198
370.089795918	0.0653061	1199
370.155102041	0.10449	1200
370.259591837	0.117551	1201
370.377142857	0.117551	1202
370.494693878	0.084898	1203
370.579591837	0.0783673	1204
370.657959184	0.0882993	1205
370.746258503	0.11415	1206
370.860408163	0.0718367	1207
370.932244898	0.0653061	1208
370.997551020	0.084898	1209
371.082448980	0.084898	1210
371.167346939	0.130635	1211
371.297981859	0.0979365	1212
371.395918367	0.0914286	1213
371.487346939	0.0914286	1214
371.578775510	0.0783673	1215
371.657142857	0.0783673	1216
371.735510204	0.0966893	1217
371.832199546	0.0926984	1218
371.924897959	0.084898	1219
372.009795918	0.11102	1220
372.120816327	0.0979592	1221
372.218775510	0.10449	1222
372.323265306	0.158367	1223
372.481632653	0.0897959	1224
372.571428571	0.0914286	1225
372.662857143	0.0914286	1226
372.754285714	0.10449	1227
372.858775510	0.10449	1228
372.963265306	0.0897959	1229
373.053061224	0.0865306	1230
373.139591837	0.10449	1231
373.244081633	0.0979592	1232
373.342040816	0.11102	1233
373.453061224	0.124082	1234
373.577142857	0.153469	1235
373.730612245	0.114286	1236
373.844897959	0.10449	1237
373.949387755	0.0914286	1238
374.040816327	0.130612	1239
374.171428571	0.117551	1240
374.288979592	0.0865306	1241
374.375510204	0.0897959	1242
374.465306122	0.0718367	1243
374.537142857	0.11102	1244
374.648163265	0.10449	1245
374.752653061	0.0979592	1246
374.850612245	0.124286	1247
374.974897959	0.0977551	1248
375.072653061	0.0979592	1249
375.170612245	0.10449	1250
375.275102041	0.0783673	1251
375.353469388	0.117551	1252
375.471020408	0.12898	1253
375.600000000	0.0995918	1254
375.699591837	0.0979592	1255
375.797551020	0.0914286	1256
375.888979592	0.117551	1257
376.006530612	0.0979592	1258
376.104489796	0.084898	1259
376.189387755	0.117551	1260
376.306938776	0.11102	1261
376.417959184	0.0914286	1262
376.509387755	0.117551	1263
376.626938776	0.0783673	1264
376.705306122	0.102857	1265
376.808163265	0.0930612	1266
376.901224490	0.0914286	1267
376.992653061	0.084898	1268
377.077551020	0.084898	1269
377.162448980	0.124082	1270
377.286530612	0.0604082	1271
377.346938776	0.102857	1272
377.449795918	0.117551	1273
377.567346939	0.0979592	1274
377.665306122	0.0979592	1275
377.763265306	0.0783673	1276
377.841632653	0.0988889	1277
377.940521542	0.116621	1278
378.057142857	0.11102	1279
378.168163265	0.11102	1280
378.279183673	0.0979592	1281
378.377142857	0.10449	1282
378.481632653	0.114286	1283
378.595918367	0.114286	1284
378.710204082	0.0914286	1285
378.801632653	0.084898	1286
378.886530612	0.0979592	1287
378.984489796	0.0914286	1288
379.075918367	0.101769	1289
379.177687075	0.0941497	1290
379.271836735	0.10449	1291
379.376326531	0.10449	1292
379.480816327	0.117551	1293
379.598367347	0.0914286	1294
379.689795918	0.0565986	1295
379.746394558	0.0903401	1296
379.836734694	0.604082	1297
380.440816327	0.470204	1298
380.911020408	0.101224	1299
381.012244898	0.604082	1300
381.616326531	0.571429	1301
382.187755102	0.48	1302
382.667755102	0.115918	1303
382.783673469	0.612245	1304
383.395918367	0.628571	1305
384.024489796	0.393469	1306
384.417959184	0.112653	1307
384.530612245	0.555102	1308
385.085714286	0.292245	1309
385.377959184	0.311837	1310
385.689795918	0.28898	1311
385.978775510	0.298776	1312
386.277551020	0.321633	1313
386.599183673	0.331429	1314
386.930612245	0.197551	1315
387.128163265	0.150204	1316
387.278367347	0.150204	1317
387.428571429	0.117483	1318
387.546054422	0.150272	1319
387.696326531	0.163265	1320
387.859591837	0.137143	1321
387.996734694	0.158367	1322
388.155102041	0.604082	1323
388.759183673	0.138776	1324
388.897959184	0.143673	1325
389.041632653	0.169796	1326
389.211428571	0.151837	1327
389.363265306	0.13551	1328
389.498775510	0.169796	1329
389.668571429	0.124082	1330
389.792653061	0.231837	1331
390.024489796	0.555102	1332
390.579591837	0.186122	1333
390.765714286	0.130612	1334
390.896326531	0.156735	1335
391.053061224	0.138776	1336
391.191836735	0.155102	1337
391.346938776	0.150204	1338
391.497142857	0.124082	1339
391.621224490	0.158367	1340
391.779591837	0.612245	1341
392.391836735	0.143673	1342
392.535510204	0.137143	1343
392.672653061	0.143673	1344
392.816326531	0.212245	1345
393.028571429	0.140408	1346
393.168979592	0.163265	1347
393.332244898	0.124082	1348
393.456326531	0.20898	1349
393.665306122	1.21633	1350
394.881632653	0.899592	1351
395.781224490	0.324898	1352
396.106122449	0.677551	1353
396.783673469	0.845714	1354
397.629387755	0.329796	1355
397.959183673	0.661224	1356
398.620408163	0.82449	1357
399.444897959	0.228571	1358
399.673469388	0.114286	1359
399.787755102	0.120816	1360
399.908571429	0.222041	1361
400.130612245	0.244898	1362
400.375510204	0.186122	1363
400.561632653	0.10449	1364
400.666122449	0.084898	1365
400.751020408	0.171429	1366
400.922448980	0.187755	1367
401.110204082	0.0914286	1368
401.201632653	0.0718367	1369
401.273469388	0.187755	1370
401.461224490	0.217143	1371
401.678367347	0.084898	1372
401.763265306	0.0914286	1373
401.854693878	0.169796	1374
402.024489796	0.169796	1375
402.194285714	0.10449	1376
402.298775510	0.0783673	1377
402.377142857	0.177959	1378
402.555102041	0.194286	1379
402.749387755	0.10449	1380
402.853877551	0.0979592	1381
402.951836735	0.21551	1382
403.167346939	0.261224	1383
403.428571429	0.0914286	1384
403.520000000	0.11102	1385
403.631020408	0.173061	1386
403.804081633	0.173061	1387
403.977142857	0.0979592	1388
404.075102041	0.084898	1389
404.160000000	0.174694	1390
404.334693878	0.151837	1391
404.486530612	0.137143	1392
404.623673469	0.290612	1393
404.914285714	0.205714	1394
405.120000000	0.202449	1395
405.322448980	0.187755	1396
405.510204082	0.197551	1397
405.707755102	0.182857	1398
405.890612245	0.19102	1399
406.081632653	0.98449	1400
407.066122449	0.354286	1401
407.420408163	0.604082	1402
408.024489796	0.968163	1403
408.992653061	0.329796	1404
409.322448980	0.628571	1405
409.951020408	1.34041	1406
411.291428571	0.084898	1407
411.376326531	0.0783673	1408
411.454693878	0.450612	1409
411.905306122	0.0653061	1410
411.970612245	0.117551	1411
412.088163265	0.411429	1412
412.499591837	0.0391837	1413
412.538775510	0.0979592	1414
412.636734694	0.496327	1415
413.133061224	0.0391837	1416
413.172244898	0.0914286	1417
413.263673469	0.450612	1418
413.714285714	0.0326531	1419
413.746938776	0.0914286	1420
413.838367347	0.581225	1421
414.419591837	0.0326531	1422
414.452244898	0.084898	1423
414.537142857	0.561633	1424
415.098775510	0.0522449	1425
415.151020408	0.0718367	1426
415.222857143	0.607347	1427
415.830204082	0.0522449	1428
415.882448980	0.0522449	1429
415.934693878	0.574694	1430
416.509387755	0.0391837	1431
416.548571429	0.11102	1432
416.659591837	0.53551	1433
417.195102041	0.0718367	1434
417.266938776	0.0522449	1435
417.319183673	0.231837	1436
417.551020408	0.251429	1437
417.802448980	0.10449	1438
417.906938776	0.084898	1439
417.991836735	0.204082	1440
418.195918367	0.364082	1441
418.560000000	0.724898	1442
419.284897959	0.156735	1443
419.441632653	0.142041	1444
419.583673469	0.249796	1445
419.833469388	0.169796	1446
420.003265306	0.192653	1447
420.195918367	0.192653	1448
420.388571429	0.189388	1449
420.577959184	0.205714	1450
420.783673469	0.218776	1451
421.002448980	0.182857	1452
421.185306122	0.194286	1453
421.379591837	0.19102	1454
421.570612245	0.222041	1455
421.792653061	0.174694	1456
421.967346939	0.217143	1457
422.184489796	0.189388	1458
422.373877551	0.205714	1459
422.579591837	0.140408	1460
422.720000000	0.130612	1461
422.850612245	0.130612	1462
422.981224490	0.138073	1463
423.119297052	0.116621	1464
423.235918367	0.137143	1465
423.373061224	0.124082	1466
423.497142857	0.143673	1467
423.640816327	0.563265	1468
424.204081633	0.148571	1469
424.352653061	0.124082	1470
424.476734694	0.117551	1471
424.594285714	0.148571	1472
424.742857143	0.145306	1473
424.888163265	0.11102	1474
424.999183673	0.117551	1475
425.116734694	0.140408	1476
425.257142857	0.579592	1477
425.836734694	0.161633	1478
425.998367347	0.124082	1479
426.122448980	0.117551	1480
426.240000000	0.168163	1481
426.408163265	0.138776	1482
426.546938776	0.130612	1483
426.677551020	0.117551	1484
426.795102041	0.11102	1485
426.906122449	0.117551	1486
427.023673469	0.137143	1487
427.160816327	0.11102	1488
427.271836735	0.132245	1489
427.404081633	0.142041	1490
427.546122449	0.137143	1491
427.683265306	0.117551	1492
427.800816327	0.158367	1493
427.959183673	0.148571	1494
428.107755102	0.124082	1495
428.231836735	0.130612	1496
428.362448980	0.13551	1497
428.497959184	0.164898	1498
428.662857143	0.117551	1499
428.780408163	0.124082	1500
428.904489796	0.174218	1501
429.078707483	0.171905	1502
429.250612245	0.143673	1503
429.394285714	0.137143	1504
429.531428571	0.142041	1505
429.673469388	0.158367	1506
429.831836735	0.130612	1507
429.962448980	0.124082	1508
430.086530612	0.166531	1509
430.253061224	0.192653	1510
430.445714286	0.11102	1511
430.556734694	0.130612	1512
430.687346939	0.145306	1513
430.832653061	0.142041	1514
430.974693878	0.124082	1515
431.098775510	0.117551	1516
431.216326531	0.146939	1517
431.363265306	0.153469	1518
431.516734694	0.150204	1519
431.666938776	0.137143	1520
431.804081633	0.163265	1521
431.967346939	0.163265	1522
432.130612245	0.156735	1523
432.287346939	0.117551	1524
432.404897959	0.166531	1525
432.571428571	0.173061	1526
432.744489796	0.137143	1527
432.881632653	0.130612	1528
433.012244898	0.146939	1529
433.159183673	0.186122	1530
433.345306122	0.11102	1531
433.456326531	0.117551	1532
433.573877551	0.0995918	1533
433.673469388	0.148571	1534
433.822040816	0.130612	1535
433.952653061	0.117551	1536
434.070204082	0.174762	1537
434.244965986	0.151769	1538
434.396734694	0.130612	1539
434.527346939	0.137143	1540
434.664489796	0.151837	1541
434.816326531	0.13551	1542
434.951836735	0.124082	1543
435.075918367	0.150204	1544
435.226122449	0.112653	1545
435.338775510	0.181224	1546
435.520000000	0.137143	1547
435.657142857	0.143673	1548
435.800816327	0.158367	1549
435.959183673	0.168163	1550
436.127346939	0.163265	1551
436.290612245	0.11102	1552
436.401632653	0.145306	1553
436.546938776	0.148571	1554
436.695510204	0.143673	1555
436.839183673	0.143673	1556
436.982857143	0.168163	1557
437.151020408	0.18449	1558
437.335510204	0.117551	1559
437.453061224	0.117551	1560
437.570612245	0.16	1561
437.730612245	0.212245	1562
437.942857143	0.11102	1563
438.053877551	0.117551	1564
438.171428571	0.163265	1565
438.334693878	0.137143	1566
438.471836735	0.0979592	1567
438.569795918	0.156735	1568
438.726530612	0.163265	1569
438.889795918	0.946939	1570
439.836734694	0.318367	1571
440.155102041	0.620408	1572
440.775510204	0.587755	1573
441.363265306	0.595918	1574
441.959183673	0.587755	1575
442.546938776	0.587755	1576
443.134693878	1.23265	1577
444.367346939	0.604082	1578
444.971428571	1.24898	1579
446.220408163	0.587755	1580
446.808163265	1.2422	1581
448.050362812	0.619025	1582
448.669387755	1.2898	1583
449.959183673	0.636735	1584
450.595918367	1.28637	1585
451.882290249	0.680975	1586
452.563265306	1.93145	1587
454.494716553	1.93794	1588
456.432653061	0.207347	1589
456.640000000	0.130612	1590
456.770612245	0.0979592	1591
456.868571429	0.11102	1592
456.979591837	0.10449	1593
457.084081633	0.124082	1594
457.208163265	0.11102	1595
457.319183673	0.0914286	1596
457.410612245	0.084898	1597
457.495510204	0.084898	1598
457.580408163	0.0914286	1599
457.671836735	0.0832653	1600
457.755102041	0.125714	1601
457.880816327	0.0979592	1602
457.978775510	0.10449	1603
458.083265306	0.084898	1604
458.168163265	0.0914286	1605
458.259591837	0.0967574	1606
458.356349206	0.0860998	1607
458.442448980	0.0914286	1608
458.533877551	0.0914286	1609
458.625306122	0.10449	1610
458.729795918	0.084898	1611
458.814693878	0.075102	1612
458.889795918	0.101224	1613
458.991020408	0.117551	1614
459.108571429	0.0979592	1615
459.206530612	0.117551	1616
459.324081633	0.0979592	1617
459.422040816	0.120816	1618
459.542857143	0.107755	1619
459.650612245	0.0979592	1620
459.748571429	0.0979592	1621
459.846530612	0.0979592	1622
459.944489796	0.084898	1623
460.029387755	0.101224	1624
460.130612245	0.0946939	1625
460.225306122	0.143673	1626
460.368979592	0.10449	1627
460.473469388	0.0914286	1628
460.564897959	0.0914286	1629
460.656326531	0.102857	1630
460.759183673	0.0930612	1631
460.852244898	0.0783673	1632
460.930612245	0.0914286	1633
461.022040816	0.10449	1634
461.126530612	0.0979592	1635
461.224489796	0.0897959	1636
461.314285714	0.106122	1637
461.420408163	0.0783673	1638
461.498775510	0.084898	1639
461.583673469	0.0783673	1640
461.662040816	0.11102	1641
461.773061224	0.0963265	1642
461.869387755	0.106122	1643
461.975510204	0.0979592	1644
462.073469388	0.0914286	1645
462.164897959	0.0783673	1646
462.243265306	0.10449	1647
462.347755102	0.084898	1648
462.432653061	0.10449	1649
462.537142857	0.0979592	1650
462.635102041	0.0914286	1651
462.726530612	0.0914286	1652
462.817959184	0.0783673	1653
462.896326531	0.0914286	1654
462.987755102	0.084898	1655
463.072653061	0.0783673	1656
463.151020408	0.169796	1657
463.320816327	0.143673	1658
463.464489796	0.117551	1659
463.582040816	0.164898	1660
463.746938776	0.168163	1661
463.915102041	0.150204	1662
464.065306122	0.0979592	1663
464.163265306	0.0783673	1664
464.241632653	0.084898	1665
464.326530612	0.0816327	1666
464.408163265	0.107755	1667
464.515918367	0.0979592	1668
464.613877551	0.0914286	1669
464.705306122	0.0914286	1670
464.796734694	0.10449	1671
464.901224490	0.114512	1672
465.015736961	0.100998	1673
465.116734694	0.10449	1674
465.221224490	0.0718367	1675
465.293061224	0.084898	1676
465.377959184	0.10449	1677
465.482448980	0.117551	1678
465.600000000	0.084898	1679
465.684897959	0.10449	1680
465.789387755	0.0914286	1681
465.880816327	0.137143	1682
466.017959184	0.084898	1683
466.102857143	0.101224	1684
466.204081633	0.0816327	1685
466.285714286	0.084898	1686
466.370612245	0.0914286	1687
466.462040816	0.10449	1688
466.566530612	0.11102	1689
466.677551020	0.0914286	1690
466.768979592	0.10449	1691
466.873469388	0.117551	1692
466.991020408	0.10449	1693
467.095510204	0.11102	1694
467.206530612	0.0979592	1695
467.304489796	0.115918	1696
467.420408163	0.119184	1697
467.539591837	0.0914286	1698
467.631020408	0.10449	1699
467.735510204	0.0914286	1700
467.826938776	0.117551	1701
467.944489796	0.10449	1702
468.048979592	0.0979592	1703
468.146938776	0.0979592	1704
468.244897959	0.11102	1705
468.355918367	0.0914286	1706
468.447346939	0.117551	1707
468.564897959	0.112653	1708
468.677551020	0.0963265	1709
468.773877551	0.0914286	1710
468.865306122	0.084898	1711
468.950204082	0.130612	1712
469.080816327	0.0979592	1713
469.178775510	0.11102	1714
469.289795918	0.10449	1715
469.394285714	0.0979592	1716
469.492244898	0.0979592	1717
469.590204082	0.11102	1718
469.701224490	0.0979592	1719
469.799183673	0.102857	1720
469.902040816	0.119184	1721
470.021224490	0.0979592	1722
470.119183673	0.0979592	1723
470.217142857	0.0979592	1724
470.315102041	0.117551	1725
470.432653061	0.106122	1726
470.538775510	0.0963265	1727
470.635102041	0.0979592	1728
470.733061224	0.0914286	1729
470.824489796	0.0914286	1730
470.915918367	0.0979592	1731
471.013877551	0.0881633	1732
471.102040816	0.107755	1733
471.209795918	0.0914286	1734
471.301224490	0.0979592	1735
471.399183673	0.124082	1736
471.523265306	0.0979592	1737
471.621224490	0.142041	1738
471.763265306	0.112653	1739
471.875918367	0.11102	1740
471.986938776	0.10449	1741
472.091428571	0.0979592	1742
472.189387755	0.11102	1743
472.300408163	0.144308	1744
472.444716553	0.110385	1745
472.555102041	0.124082	1746
472.679183673	0.117551	1747
472.796734694	0.117551	1748
472.914285714	0.11102	1749
473.025306122	0.133878	1750
473.159183673	0.107755	1751
473.266938776	0.10449	1752
473.371428571	0.124082	1753
473.495510204	0.124082	1754
473.619591837	0.117551	1755
473.737142857	0.0995918	1756
473.836734694	0.12898	1757
473.965714286	0.11102	1758
474.076734694	0.11102	1759
474.187755102	0.137143	1760
474.324897959	0.0979592	1761
474.422857143	0.132245	1762
474.555102041	0.148571	1763
474.703673469	0.163265	1764
474.866938776	0.150204	1765
475.017142857	0.11102	1766
475.128163265	0.117551	1767
475.245714286	0.125714	1768
475.371428571	0.161633	1769
475.533061224	0.169796	1770
475.702857143	0.0979592	1771
475.800816327	0.10449	1772
475.905306122	0.10449	1773
476.009795918	0.0963265	1774
476.106122449	0.177959	1775
476.284081633	0.156735	1776
476.440816327	0.124082	1777
476.564897959	0.130612	1778
476.695510204	0.137143	1779
476.832653061	0.171429	1780
477.004081633	0.115918	1781
477.120000000	0.137143	1782
477.257142857	0.130612	1783
477.387755102	0.10449	1784
477.492244898	0.0979592	1785
477.590204082	0.140408	1786
477.730612245	0.693878	1787
478.424489796	0.693878	1788
479.118367347	0.644898	1789
479.763265306	0.726531	1790
480.489795918	0.595918	1791
481.085714286	0.710204	1792
481.795918367	0.696485	1793
482.492403628	0.715873	1794
483.208276644	0.636621	1795
483.844897959	0.685714	1796
484.530612245	0.636735	1797
485.167346939	0.702041	1798
485.869387755	0.685714	1799
486.555102041	0.8	1800
487.355102041	0.416327	1801
487.771428571	0.489796	1802
488.261224490	0.378776	1803
488.640000000	0.189388	1804
488.829387755	0.256327	1805
489.085714286	0.246531	1806
489.332244898	0.20898	1807
489.541224490	0.279184	1808
489.820408163	0.275918	1809
490.096326531	0.156735	1810
490.253061224	0.10449	1811
490.357551020	0.262857	1812
490.620408163	0.285714	1813
490.906122449	0.267755	1814
491.173877551	0.230204	1815
491.404081633	0.285714	1816
491.689795918	0.222041	1817
491.911836735	0.251429	1818
492.163265306	0.290612	1819
492.453877551	0.365714	1820
492.819591837	0.331429	1821
493.151020408	0.367347	1822
493.518367347	0.248163	1823
493.766530612	0.225306	1824
493.991836735	0.284082	1825
494.275918367	0.261224	1826
494.537142857	0.260295	1827
494.797437642	0.366644	1828
495.164081633	0.280816	1829
495.444897959	0.220408	1830
495.665306122	0.321633	1831
495.986938776	0.274286	1832
496.261224490	0.228571	1833
496.489795918	0.365714	1834
496.855510204	0.254694	1835
497.110204082	0.232653	1836
497.342857143	0.289796	1837
497.632653061	0.254694	1838
497.887346939	0.316735	1839
498.204081633	0.349388	1840
498.553469388	0.280816	1841
498.834285714	0.284082	1842
499.118367347	0.310204	1843
499.428571429	0.241633	1844
499.670204082	0.256327	1845
499.926530612	0.272653	1846
500.199183673	0.222041	1847
500.421224490	0.256327	1848
500.677551020	0.331429	1849
501.008979592	0.261224	1850
501.270204082	0.207347	1851
501.477551020	0.419592	1852
501.897142857	0.235102	1853
502.132244898	0.218776	1854
502.351020408	0.336327	1855
502.687346939	0.10449	1856
502.791836735	0.150204	1857
502.942040816	0.306939	1858
503.248979592	0.306939	1859
503.555918367	0.176327	1860
503.732244898	0.0783673	1861
503.810612245	0.303673	1862
504.114285714	0.297143	1863
504.411428571	0.124082	1864
504.535510204	0.10449	1865
504.640000000	0.331429	1866
504.971428571	0.230204	1867
505.201632653	0.195918	1868
505.397551020	0.0979592	1869
505.495510204	0.300408	1870
505.795918367	0.32	1871
506.115918367	0.143673	1872
506.259591837	0.117551	1873
506.377142857	0.259592	1874
506.636734694	0.29551	1875
506.932244898	0.163265	1876
507.095510204	0.130612	1877
507.226122449	0.333061	1878
507.559183673	0.287347	1879
507.846530612	0.156735	1880
508.003265306	0.137143	1881
508.140408163	0.300408	1882
508.440816327	0.372245	1883
508.813061224	0.156735	1884
508.969795918	0.169796	1885
509.139591837	0.395102	1886
509.534693878	1.06122	1887
510.595918367	1.08571	1888
511.681632653	0.914286	1889
512.595918367	1.70091	1890
514.296825397	0.943107	1891
515.239931973	1.87844	1892
517.118367347	0.857143	1893
517.975510204	0.75102	1894
518.726530612	0.832653	1895
519.559183673	0.987755	1896
520.546938776	1.03673	1897
521.583673469	1.03673	1898
522.620408163	0.403265	1899
523.023673469	0.0783673	1900
523.102040816	1.06122	1901
524.163265306	0.989388	1902
525.152653061	0.137143	1903
525.289795918	1.24082	1904
526.530612245	0.304853	1905
526.835464853	1.05841	1906
527.893877551	1.14286	1907
529.036734694	0	1908