2.873469388	0.666122	1
3.539591837	0.757551	2
4.297142857	0.117551	3
4.414693878	0.153832	4
4.568526077	0.1161	5
4.684625850	0.148027	6
4.832653061	0.136417	7
4.969070295	0.133515	8
5.102585034	0.130612	9
5.233197279	0.159637	10
5.392834467	0.602268	11
5.995102041	0.126259	12
6.121360544	0.156735	13
6.278095238	0.121905	14
6.400000000	0.13932	15
6.539319728	0.153832	16
6.693151927	0.133515	17
6.826666667	0.121905	18
6.948571429	0.168345	19
7.116916100	0.62839	20
7.745306122	0.117551	21
7.862857143	0.177052	22
8.039909297	0.658866	23
8.698775510	0.130612	24
8.829387755	0.159637	25
8.989024943	0.119002	26
9.108027211	0.130612	27
9.238639456	0.153832	28
9.392471655	0.142222	29
9.534693878	0.13932	30
9.674013605	0.159637	31
9.833650794	0.110295	32
9.943945578	0.130612	33
10.074557823	0.168345	34
10.242902494	0.507937	35
10.750839002	0.238005	36
10.988843537	0.255419	37
11.244263039	0.188662	38
11.432925170	0.238005	39
11.670929705	0.188662	40
11.859591837	0.22059	41
12.080181406	0.240907	42
12.321088435	0.478912	43
12.800000000	0.24381	44
13.043809524	0.17415	45
13.217959184	0.261224	46
13.479183673	0.200272	47
13.679455782	0.249615	48
13.929070295	0.159637	49
14.088707483	0.496327	50
14.585034014	0.24381	51
14.828843537	0.200272	52
15.029115646	0.461497	53
15.490612245	0.240907	54
15.731519274	0.194467	55
15.925986395	0.238005	56
16.163990930	0.223492	57
16.387482993	0.20898	58
16.596462585	0.200272	59
16.796734694	0.229297	60
17.026031746	0.206077	61
17.232108844	0.2322	62
17.464308390	0.22059	63
17.684897959	0.252517	64
17.937414966	0.217687	65
18.155102041	0.246712	66
18.401814059	0.16254	67
18.564353741	0.13932	68
18.703673469	0.140408	69
18.844081633	0.138231	70
18.982312925	0.121905	71
19.104217687	0.161088	72
19.265306122	0.134966	73
19.400272109	0.0696599	74
19.469931973	0.0696599	75
19.539591837	0.169796	76
19.709387755	0.239456	77
19.948843537	0.25034	78
20.199183673	0.132789	79
20.331972789	0.113197	80
20.445170068	0.165442	81
20.610612245	0.113197	82
20.723809524	0.165442	83
20.889251701	0.168707	84
21.057959184	0.109932	85
21.167891156	0.0696599	86
21.237551020	0.0783673	87
21.315918367	0.156735	88
21.472653061	0.226395	89
21.699047619	0.256871	90
21.955918367	0.117551	91
22.073469388	0.0696599	92
22.143129252	0.0696599	93
22.212789116	0.17415	94
22.386938776	0.226395	95
22.613333333	0.260136	96
22.873469388	0.140408	97
23.013877551	0.0783673	98
23.092244898	0.0522449	99
23.144489796	0.176327	100
23.320816327	0.163265	101
23.484081633	0.130612	102
23.614693878	0.146939	103
23.761632653	0.140408	104
23.902040816	0.0870748	105
23.989115646	0.0783673	106
24.067482993	0.141497	107
24.208979592	0.128435	108
24.337414966	0.13932	109
24.476734694	0.179592	110
24.656326531	0.168707	111
24.825034014	0.0696599	112
24.894693878	0.10449	113
24.999183673	0.127347	114
25.126530612	0.151293	115
25.277823129	0.121905	116
25.399727891	0.18068	117
25.580408163	0.115374	118
25.695782313	0.0696599	119
25.765442177	0.0783673	120
25.843809524	0.170884	121
26.014693878	0.12517	122
26.139863946	0.148027	123
26.287891156	0.216599	124
26.504489796	0.122993	125
26.627482993	0.0696599	126
26.697142857	0.0609524	127
26.758095238	0.154558	128
26.912653061	0.132789	129
27.045442177	0.156735	130
27.202176871	0.161088	131
27.363265306	0.117551	132
27.480816327	0.0696599	133
27.550476190	0.0609524	134
27.611428571	0.169796	135
27.781224490	0.126259	136
27.907482993	0.13932	137
28.046802721	0.168707	138
28.215510204	0.127347	139
28.342857143	0.10449	140
28.447346939	0.0348299	141
28.482176871	0.148027	142
28.630204082	0.130612	143
28.760816327	0.0609524	144
28.821768707	0.0783673	145
28.900136054	0.151293	146
29.051428571	0.136054	147
29.187482993	0.0783673	148
29.265850340	0.0522449	149
29.318095238	0.170884	150
29.488979592	0.133878	151
29.622857143	0.0783673	152
29.701224490	0.0696599	153
29.770884354	0.185034	154
29.955918367	0.14585	155
30.101768707	0.17415	156
30.275918367	0.179592	157
30.455510204	0.22966	158
30.685170068	0.24381	159
30.928979592	0.182857	160
31.111836735	0.0522449	161
31.164081633	0.0870748	162
31.251156463	0.108844	163
31.360000000	0.169796	164
31.529795918	0.0522449	165
31.582040816	0.0783673	166
31.660408163	0.140408	167
31.800816327	0.138231	168
31.939047619	0.113197	169
32.052244898	0.0435374	170
32.095782313	0.14585	171
32.241632653	0.228571	172
32.470204082	0.27102	173
32.741224490	0.146939	174
32.888163265	0.0522449	175
32.940408163	0.0783673	176
33.018775510	0.169796	177
33.188571429	0.143673	178
33.332244898	0.0696599	179
33.401904762	0.0783673	180
33.480272109	0.149116	181
33.629387755	0.181769	182
33.811156463	0.0609524	183
33.872108844	0.0783673	184
33.950476190	0.122993	185
34.073469388	0.216599	186
34.290068027	0.240544	187
34.530612245	0.133878	188
34.664489796	0.0783673	189
34.742857143	0.0522449	190
34.795102041	0.176327	191
34.971428571	0.241633	192
35.213061224	0.261224	193
35.474285714	0.130612	194
35.604897959	0.0783673	195
35.683265306	0.0609524	196
35.744217687	0.170884	197
35.915102041	0.16	198
36.075102041	0.0522449	199
36.127346939	0.0783673	200
36.205714286	0.156735	201
36.362448980	0.156735	202
36.519183673	0.0696599	203
36.588843537	0.0783673	204
36.667210884	0.136054	205
36.803265306	0.16	206
36.963265306	0.0609524	207
37.024217687	0.0696599	208
37.093877551	0.16	209
37.253877551	0.266667	210
37.520544218	0.321088	211
37.841632653	0.218776	212
38.060408163	0.274286	213
38.334693878	0.473469	214
38.808163265	0.437551	215
39.245714286	0.234014	216
39.479727891	0.23619	217
39.715918367	0.216599	218
39.932517007	0.279728	219
40.212244898	0.427755	220
40.640000000	0.476735	221
41.116734694	0.226395	222
41.343129252	0.240544	223
41.583673469	0.220952	224
41.804625850	0.272109	225
42.076734694	0.43102	226
42.507755102	0.437551	227
42.945306122	0.24381	228
43.189115646	0.232925	229
43.422040816	0.211156	230
43.633197279	0.249252	231
43.882448980	0.473469	232
44.355918367	0.894694	233
45.250612245	0.920816	234
46.171428571	0.965079	235
47.136507937	0.61678	236
47.753287982	1.38304	237
49.136326531	0.148027	238
49.284353741	0.152381	239
49.436734694	0.134966	240
49.571700680	0.148027	241
49.719727891	0.159637	242
49.879365079	0.12771	243
50.007074830	0.13932	244
50.146394558	0.171973	245
50.318367347	0.690068	246
51.008435374	0.148027	247
51.156462585	0.159637	248
51.316099773	0.110295	249
51.426394558	0.156735	250
51.583129252	0.15746	251
51.740589569	0.138594	252
51.879183673	0.130612	253
52.009795918	0.18068	254
52.190476190	0.611701	255
52.802176871	0.148027	256
52.950204082	0.183583	257
53.133786848	0.626213	258
53.760000000	0.148027	259
53.908027211	0.158186	260
54.066213152	0.61678	261
54.682993197	0.165442	262
54.848435374	0.21551	263
55.063945578	0.629116	264
55.693061224	0.121905	265
55.814965986	0.166893	266
55.981859410	0.61678	267
56.598639456	0.156735	268
56.755374150	0.169796	269
56.925170068	0.143673	270
57.068843537	0.13932	271
57.208163265	0.170522	272
57.378684807	0.13424	273
57.512925170	0.130612	274
57.643537415	0.166893	275
57.810430839	0.129161	276
57.939591837	0.148027	277
58.087619048	0.248889	278
58.336507937	0.54059	279
58.877097506	0.15093	280
59.028027211	0.13932	281
59.167346939	0.17415	282
59.341496599	0.13932	283
59.480816327	0.130612	284
59.611428571	0.16907	285
59.780498866	0.109569	286
59.890068027	0.156735	287
60.046802721	0.161814	288
60.208616780	0.630567	289
60.839183673	0.156735	290
60.995918367	0.156009	291
61.151927438	0.113923	292
61.265850340	0.156735	293
61.422585034	0.150204	294
61.572789116	0.128435	295
61.701224490	0.148027	296
61.849251701	0.166168	297
62.015419501	0.44263	298
62.458049887	0.148753	299
62.606802721	0.148027	300
62.754829932	0.171247	301
62.926077098	0.449887	302
63.375963719	0.12771	303
63.503673469	0.156735	304
63.660408163	0.143673	305
63.804081633	0.453356	306
64.257437642	0.125692	307
64.383129252	0.121905	308
64.505034014	0.16254	309
64.667573696	0.246712	310
64.914285714	0.253968	311
65.168253968	0.251066	312
65.419319728	0.336689	313
65.756009070	0.673379	314
66.429387755	0.148027	315
66.577414966	0.16907	316
66.746485261	0.135692	317
66.882176871	0.156735	318
67.038911565	0.150204	319
67.189115646	0.119728	320
67.308843537	0.148027	321
67.456870748	0.138594	322
67.595464853	0.42449	323
68.019954649	0.142222	324
68.162176871	0.130612	325
68.292789116	0.190159	326
68.482947846	0.132018	327
68.614965986	0.121905	328
68.736870748	0.179229	329
68.916099773	0.0994104	330
69.015510204	0.148027	331
69.163537415	0.140771	332
69.304308390	0.44263	333
69.746938776	0.121905	334
69.868843537	0.165442	335
70.034285714	0.155283	336
70.189569161	0.50068	337
70.690249433	0.153832	338
70.844081633	0.182857	339
71.026938776	0.178503	340
71.205442177	0.134966	341
71.340408163	0.121905	342
71.462312925	0.193016	343
71.655328798	0.129161	344
71.784489796	0.121905	345
71.906394558	0.16254	346
72.068934240	0.159637	347
72.228571429	0.13932	348
72.367891156	0.16907	349
72.536961451	0.126984	350
72.663945578	0.156735	351
72.820680272	0.148027	352
72.968707483	0.148027	353
73.116734694	0.148027	354
73.264761905	0.193742	355
73.458503401	0.128435	356
73.586938776	0.13932	357
73.726258503	0.214785	358
73.941043084	0.142222	359
74.083265306	0.13932	360
74.222585034	0.179229	361
74.401814059	0.13424	362
74.536054422	0.130612	363
74.666666667	0.217687	364
74.884353741	0.13932	365
75.023673469	0.148027	366
75.171700680	0.191565	367
75.363265306	0.0957823	368
75.459047619	0.165442	369
75.624489796	0.199546	370
75.824036281	0.140045	371
75.964081633	0.156735	372
76.120816327	0.130612	373
76.251428571	0.156735	374
76.408163265	0.13932	375
76.547482993	0.219864	376
76.767346939	0.137143	377
76.904489796	0.13932	378
77.043809524	0.209705	379
77.253514739	0.138594	380
77.392108844	0.165442	381
77.557551020	0.167619	382
77.725170068	0.14585	383
77.871020408	0.13932	384
78.010340136	0.153832	385
78.164172336	0.124807	386
78.288979592	0.121905	387
78.410884354	0.25034	388
78.661224490	0.141497	389
78.802721088	0.17415	390
78.976870748	0.152381	391
79.129251701	0.169796	392
79.299047619	0.156735	393
79.455782313	0.246712	394
79.702494331	0.179955	395
79.882448980	0.0696599	396
79.952108844	0.113197	397
80.065306122	0.163265	398
80.228571429	0.141497	399
80.370068027	0.0870748	400
80.457142857	0.0435374	401
80.500680272	0.163265	402
80.663945578	0.124082	403
80.788027211	0.0696599	404
80.857687075	0.0783673	405
80.936054422	0.19229	406
81.128344671	0.129887	407
81.258231293	0.0696599	408
81.327891156	0.0957823	409
81.423673469	0.154558	410
81.578231293	0.132789	411
81.711020408	0.113197	412
81.824217687	0.0609524	413
81.885170068	0.190113	414
82.075283447	0.123356	415
82.198639456	0.0783673	416
82.277006803	0.0609524	417
82.337959184	0.140045	418
82.478004535	0.234376	419
82.712380952	0.226395	420
82.938775510	0.200272	421
83.139047619	0.253243	422
83.392290249	0.225669	423
83.617959184	0.256871	424
83.874829932	0.178503	425
84.053333333	0.253243	426
84.306575964	0.121179	427
84.427755102	0.0609524	428
84.488707483	0.0870748	429
84.575782313	0.180839	430
84.756621315	0.115215	431
84.871836735	0.0957823	432
84.967619048	0.0696599	433
85.037278912	0.15093	434
85.188208617	0.214785	435
85.402993197	0.235102	436
85.638095238	0.200272	437
85.838367347	0.245986	438
86.084353741	0.14585	439
86.230204082	0.0696599	440
86.299863946	0.0696599	441
86.369523810	0.14517	442
86.514693878	0.124762	443
86.639455782	0.0435374	444
86.682993197	0.0957823	445
86.778775510	0.194467	446
86.973242630	0.214785	447
87.188027211	0.245986	448
87.434013605	0.14585	449
87.579863946	0.0783673	450
87.658231293	0.0696599	451
87.727891156	0.156009	452
87.883900227	0.131338	453
88.015238095	0.0783673	454
88.093605442	0.0696599	455
88.163265306	0.141497	456
88.304761905	0.189388	457
88.494149660	0.23873	458
88.732879819	0.214059	459
88.946938776	0.2322	460
89.179138322	0.133515	461
89.312653061	0.0783673	462
89.391020408	0.0696599	463
89.460680272	0.146576	464
89.607256236	0.132063	465
89.739319728	0.0957823	466
89.835102041	0.0609524	467
89.896054422	0.135692	468
90.031746032	0.195193	469
90.226938776	0.236553	470
90.463492063	0.216236	471
90.679727891	0.262676	472
90.942403628	0.129161	473
91.071564626	0.0609524	474
91.132517007	0.0696599	475
91.202176871	0.173039	476
91.375215420	0.131723	477
91.506938776	0.0696599	478
91.576598639	0.0609524	479
91.637551020	0.146576	480
91.784126984	0.201723	481
91.985850340	0.244535	482
92.230385488	0.243084	483
92.473469388	0.226395	484
92.699863946	0.130612	485
92.830476190	0.0870748	486
92.917551020	0.0870748	487
93.004625850	0.252517	488
93.257142857	0.252517	489
93.509659864	0.265578	490
93.775238095	0.152381	491
93.927619048	0.0609524	492
93.988571429	0.0783673	493
94.066938776	0.148027	494
94.214965986	0.261224	495
94.476190476	0.291701	496
94.767891156	0.248163	497
95.016054422	0.304762	498
95.320816327	0.252517	499
95.573333333	0.291701	500
95.865034014	0.300408	501
96.165442177	0.265578	502
96.431020408	0.187211	503
96.618231293	0.239456	504
96.857687075	0.256871	505
97.114557823	0.261224	506
97.375782313	0.24381	507
97.619591837	0.287347	508
97.906938776	0.217687	509
98.124625850	0.291701	510
98.416326531	0.291701	511
98.708027211	0.330884	512
99.038911565	0.226395	513
99.265306122	0.330884	514
99.596190476	1.10585	515
100.702040816	0.335238	516
101.037278912	0.326531	517
101.363809524	0.248163	518
101.611972789	0.152381	519
101.764353741	0.0783673	520
101.842721088	0.0957823	521
101.938503401	0.178503	522
102.117006803	0.178503	523
102.295510204	0.0870748	524
102.382585034	0.0870748	525
102.469659864	0.17415	526
102.643809524	0.148027	527
102.791836735	0.0870748	528
102.878911565	0.0957823	529
102.974693878	0.17415	530
103.148843537	0.17415	531
103.322993197	0.0957823	532
103.418775510	0.0609524	533
103.479727891	0.17415	534
103.653877551	0.13932	535
103.793197279	0.0870748	536
103.880272109	0.0870748	537
103.967346939	0.17415	538
104.141496599	0.200272	539
104.341768707	0.121905	540
104.463673469	0.0609524	541
104.524625850	0.339592	542
104.864217687	0.191565	543
105.055782313	0.0870748	544
105.142857143	0.0609524	545
105.203809524	0.178503	546
105.382312925	0.187211	547
105.569523810	0.113197	548
105.682721088	0.0870748	549
105.769795918	0.226395	550
105.996190476	0.165442	551
106.161632653	0.10449	552
106.266122449	0.121905	553
106.388027211	0.235102	554
106.623129252	0.130612	555
106.753741497	0.113197	556
106.866938776	0.0609524	557
106.927891156	0.143673	558
107.071564626	0.152381	559
107.223945578	0.10449	560
107.328435374	0.0609524	561
107.389387755	0.165442	562
107.554829932	0.191565	563
107.746394558	0.0696599	564
107.816054422	0.0783673	565
107.894421769	0.169796	566
108.064217687	0.178503	567
108.242721088	0.0783673	568
108.321088435	0.0870748	569
108.408163265	0.195918	570
108.604081633	0.195918	571
108.800000000	0.0696599	572
108.869659864	0.0783673	573
108.948027211	0.182857	574
109.130884354	0.191565	575
109.322448980	0.17415	576
109.496598639	0.178503	577
109.675102041	0.169796	578
109.844897959	0.13932	579
109.984217687	0.178503	580
110.162721088	0.161088	581
110.323809524	0.156735	582
110.480544218	0.169796	583
110.650340136	0.187211	584
110.837551020	0.10449	585
110.942040816	0.0696599	586
111.011700680	0.230748	587
111.242448980	0.178503	588
111.420952381	0.200272	589
111.621224490	0.227438	590
111.848662132	0.181814	591
112.030476190	0.200272	592
112.230748299	0.235102	593
112.465850340	0.165442	594
112.631292517	0.217687	595
112.848979592	0.230748	596
113.079727891	0.84898	597
113.928707483	0.287347	598
114.216054422	0.24381	599
114.459863946	0.282993	600
114.742857143	0.248163	601
114.991020408	0.276712	602
115.267732426	0.271859	603
115.539591837	0.248163	604
115.787755102	0.222041	605
116.009795918	0.322177	606
116.331972789	0.287347	607
116.619319728	0.239456	608
116.858775510	0.239456	609
117.098231293	0.261224	610
117.359455782	0.304762	611
117.664217687	0.204626	612
117.868843537	0.352653	613
118.221496599	0.309116	614
118.530612245	0.300408	615
118.831020408	0.24381	616
119.074829932	0.252517	617
119.327346939	0.269932	618
119.597278912	0.261224	619
119.858503401	0.269932	620
120.128435374	0.20898	621
120.337414966	0.256871	622
120.594285714	0.239456	623
120.833741497	0.24381	624
121.077551020	0.226395	625
121.303945578	0.256871	626
121.560816327	0.256871	627
121.817687075	0.291701	628
122.109387755	0.352653	629
122.462040816	0.13932	630
122.601360544	0.348299	631
122.949659864	0.126259	632
123.075918367	0.343946	633
123.419863946	0.17415	634
123.594013605	0.409252	635
124.003265306	0.126259	636
124.129523810	0.352653	637
124.482176871	0.187211	638
124.669387755	0.248163	639
124.917551020	0.24381	640
125.161360544	0.278639	641
125.440000000	0.261224	642
125.701224490	0.24381	643
125.945034014	0.339592	644
126.284625850	0.579048	645
126.863673469	0.539864	646
127.403537415	0.222041	647
127.625578231	0.265578	648
127.891156463	0.265578	649
128.156734694	0.409252	650
128.565986395	0.853333	651
129.419319728	0.239456	652
129.658775510	0.265578	653
129.924353741	0.287347	654
130.211700680	0.235102	655
130.446802721	0.352653	656
130.799455782	0.831565	657
131.631020408	0.313469	658
131.944489796	0.261224	659
132.205714286	0.274286	660
132.480000000	0.248163	661
132.728163265	0.309116	662
133.037278912	0.77932	663
133.816598639	0.317823	664
134.134421769	0.822857	665
134.957278912	0.426667	666
135.383945578	0.966531	667
136.350476190	0.348299	668
136.698775510	0.217687	669
136.916462585	0.317823	670
137.234285714	0.239456	671
137.473741497	0.280113	672
137.753854875	0.224921	673
137.978775510	0.261224	674
138.240000000	0.252517	675
138.492517007	0.300408	676
138.792925170	0.213333	677
139.006258503	0.296054	678
139.302312925	0.252517	679
139.554829932	0.291701	680
139.846530612	0.282993	681
140.129523810	0.357007	682
140.486530612	0.622585	683
141.109115646	0.60517	684
141.714285714	0.531156	685
142.245442177	0.513741	686
142.759183673	0.731429	687
143.490612245	0.256871	688
143.747482993	0.248163	689
143.995646259	0.322177	690
144.317823129	0.24381	691
144.561632653	0.261224	692
144.822857143	0.269932	693
145.092789116	0.300408	694
145.393197279	0.222041	695
145.615238095	0.265578	696
145.880816327	0.274286	697
146.155102041	0.330884	698
146.485986395	0.252517	699
146.738503401	0.274286	700
147.012789116	0.291701	701
147.304489796	0.269932	702
147.574421769	0.365714	703
147.940136054	0.364308	704
148.304444444	1.43814	705
149.742585034	1.72844	706
151.471020408	0.444082	707
151.915102041	0.439728	708
152.354829932	0.121905	709
152.476734694	0.121905	710
152.598639456	0.17415	711
152.772789116	0.130612	712
152.903401361	0.121905	713
153.025306122	0.169796	714
153.195102041	0.152381	715
153.347482993	0.10449	716
153.451972789	0.169796	717
153.621768707	0.420612	718
154.042380952	0.14102	719
154.183401361	0.121905	720
154.305306122	0.17415	721
154.479455782	0.113197	722
154.592653061	0.121905	723
154.714557823	0.165442	724
154.880000000	0.13932	725
155.019319728	0.130612	726
155.149931973	0.163923	727
155.313854875	0.43254	728
155.746394558	0.100136	729
155.846530612	0.148027	730
155.994557823	0.126259	731
156.120816327	0.143673	732
156.264489796	0.130612	733
156.395102041	0.165442	734
156.560544218	0.165442	735
156.725986395	0.121905	736
156.847891156	0.152381	737
157.000272109	0.134966	738
157.135238095	0.130612	739
157.265850340	0.161088	740
157.426938776	0.134966	741
157.561904762	0.13932	742
157.701224490	0.121905	743
157.823129252	0.130612	744
157.953741497	0.13932	745
158.093061224	0.178503	746
158.271564626	0.126259	747
158.397823129	0.156735	748
158.554557823	0.169796	749
158.724353741	0.117551	750
158.841904762	0.148027	751
158.989931973	0.171043	752
159.160975057	0.133719	753
159.294693878	0.113197	754
159.407891156	0.148027	755
159.555918367	0.121905	756
159.677823129	0.121905	757
159.799727891	0.148027	758
159.947755102	0.13932	759
160.087074830	0.130612	760
160.217687075	0.182857	761
160.400544218	0.130612	762
160.531156463	0.0870748	763
160.618231293	0.148027	764
160.766258503	0.130612	765
160.896870748	0.121905	766
161.018775510	0.143673	767
161.162448980	0.134966	768
161.297414966	0.121905	769
161.419319728	0.134966	770
161.554285714	0.134966	771
161.689251701	0.13932	772
161.828571429	0.156735	773
161.985306122	0.13932	774
162.124625850	0.130612	775
162.255238095	0.143673	776
162.398911565	0.126259	777
162.525170068	0.113197	778
162.638367347	0.156735	779
162.795102041	0.130612	780
162.925714286	0.10449	781
163.030204082	0.17415	782
163.204353741	0.113197	783
163.317551020	0.13932	784
163.456870748	0.13932	785
163.596190476	0.130612	786
163.726802721	0.113197	787
163.840000000	0.161088	788
164.001088435	0.143673	789
164.144761905	0.13932	790
164.284081633	0.130612	791
164.414693878	0.13932	792
164.554013605	0.130612	793
164.684625850	0.13932	794
164.823945578	0.148027	795
164.971972789	0.130612	796
165.102585034	0.130612	797
165.233197279	0.121905	798
165.355102041	0.130612	799
165.485714286	0.152381	800
165.638095238	0.134966	801
165.773061224	0.113197	802
165.886258503	0.169796	803
166.056054422	0.126259	804
166.182312925	0.121905	805
166.304217687	0.148027	806
166.452244898	0.13932	807
166.591564626	0.13932	808
166.730884354	0.126259	809
166.857142857	0.117551	810
166.974693878	0.121905	811
167.096598639	0.161088	812
167.257687075	0.117551	813
167.375238095	0.13932	814
167.514557823	0.156735	815
167.671292517	0.113197	816
167.784489796	0.113197	817
167.897687075	0.179683	818
168.077369615	0.125079	819
168.202448980	0.130612	820
168.333061224	0.145669	821
168.478730159	0.124263	822
168.602993197	0.121905	823
168.724897959	0.152381	824
168.877278912	0.126259	825
169.003537415	0.13932	826
169.142857143	0.143673	827
169.286530612	0.117551	828
169.404081633	0.148027	829
169.552108844	0.165442	830
169.717551020	0.10449	831
169.822040816	0.130612	832
169.952653061	0.13932	833
170.091972789	0.13932	834
170.231292517	0.113197	835
170.344489796	0.130612	836
170.475102041	0.182857	837
170.657959184	0.0870748	838
170.745034014	0.165442	839
170.910476190	0.121905	840
171.032380952	0.130612	841
171.162993197	0.161088	842
171.324081633	0.0914286	843
171.415510204	0.148027	844
171.563537415	0.156735	845
171.720272109	0.130612	846
171.850884354	0.113197	847
171.964081633	0.156735	848
172.120816327	0.113197	849
172.234013605	0.121905	850
172.355918367	0.13932	851
172.495238095	0.13932	852
172.634557823	0.130612	853
172.765170068	0.161088	854
172.926258503	0.0827211	855
173.008979592	0.182857	856
173.191836735	0.134966	857
173.326802721	0.108844	858
173.435646259	0.113197	859
173.548843537	0.161088	860
173.709931973	0.117551	861
173.827482993	0.13932	862
173.966802721	0.161088	863
174.127891156	0.108844	864
174.236734694	0.121905	865
174.358639456	0.156735	866
174.515374150	0.0957823	867
174.611156463	0.121905	868
174.733061224	0.195918	869
174.928979592	0.108844	870
175.037823129	0.0957823	871
175.133605442	0.178503	872
175.312108844	0.117551	873
175.429659864	0.113197	874
175.542857143	0.156735	875
175.699591837	0.113197	876
175.812789116	0.13932	877
175.952108844	0.182857	878
176.134965986	0.53551	879
176.670476190	0.422313	880
177.092789116	0.121905	881
177.214693878	0.121905	882
177.336598639	0.148027	883
177.484625850	0.130612	884
177.615238095	0.130612	885
177.745850340	0.165442	886
177.911292517	0.10449	887
178.015782313	0.130612	888
178.146394558	0.161088	889
178.307482993	0.117551	890
178.425034014	0.130612	891
178.555646259	0.130612	892
178.686258503	0.130612	893
178.816870748	0.121905	894
178.938775510	0.143673	895
179.082448980	0.126259	896
179.208707483	0.113197	897
179.321904762	0.152381	898
179.474285714	0.126259	899
179.600544218	0.130612	900
179.731156463	0.152381	901
179.883537415	0.126259	902
180.009795918	0.130612	903
180.140408163	0.148027	904
180.288435374	0.113197	905
180.401632653	0.121905	906
180.523537415	0.152381	907
180.675918367	0.117551	908
180.793469388	0.130612	909
180.924081633	0.161088	910
181.085170068	0.126259	911
181.211428571	0.121905	912
181.333333333	0.13932	913
181.472653061	0.130612	914
181.603265306	0.121905	915
181.725170068	0.155669	916
181.880839002	0.131678	917
182.012517007	0.10449	918
182.117006803	0.165351	919
182.282358277	0.2439	920
182.526258503	0.378776	921
182.905034014	1.65007	922
184.555102041	0.287347	923
184.842448980	0.226395	924
185.068843537	0.330884	925
185.399727891	0.518095	926
185.917823129	0.753197	927
186.671020408	0.287347	928
186.958367347	0.261224	929
187.219591837	0.383129	930
187.602721088	0.548571	931
188.151292517	0.522449	932
188.673741497	0.165442	933
188.839183673	0.130612	934
188.969795918	0.148027	935
189.117823129	0.148027	936
189.265850340	0.13932	937
189.405170068	0.195918	938
189.601088435	0.143673	939
189.744761905	0.130612	940
189.875374150	0.169796	941
190.045170068	0.143673	942
190.188843537	0.121905	943
190.310748299	0.156735	944
190.467482993	0.148027	945
190.615510204	0.121905	946
190.737414966	0.17415	947
190.911564626	0.121905	948
191.033469388	0.13932	949
191.172789116	0.239456	950
191.412244898	0.518095	951
191.930340136	0.426667	952
192.357006803	0.13932	953
192.496326531	0.121905	954
192.618231293	0.152381	955
192.770612245	0.134966	956
192.905578231	0.148027	957
193.053605442	0.130612	958
193.184217687	0.130612	959
193.314829932	0.130612	960
193.445442177	0.148027	961
193.593469388	0.148027	962
193.741496599	0.121905	963
193.863401361	0.135034	964
193.998435374	0.143605	965
194.142040816	0.130612	966
194.272653061	0.143673	967
194.416326531	0.230748	968
194.647074830	0.317823	969
194.964897959	0.949116	970
195.914013605	0.491973	971
196.405986395	0.565986	972
196.971972789	0.130612	973
197.102585034	0.130612	974
197.233197279	0.148027	975
197.381224490	0.130612	976
197.511836735	0.143673	977
197.655510204	0.444082	978
198.099591837	0.596463	979
198.696054422	0.130612	980
198.826666667	0.134966	981
198.961632653	0.143673	982
199.105306122	0.121905	983
199.227210884	0.161088	984
199.388299320	0.596463	985
199.984761905	0.130612	986
200.115374150	0.156735	987
200.272108844	0.574694	988
200.846802721	0.130612	989
200.977414966	0.143673	990
201.121088435	0.657415	991
201.778503401	0.365714	992
202.144217687	1.54122	993
203.685442177	0.274286	994
203.959727891	0.248163	995
204.207891156	0.304762	996
204.512653061	0.509388	997
205.022040816	0.692245	998
205.714285714	0.260499	999
205.974784580	0.235828	1000
206.210612245	0.274286	1001
206.484897959	0.517664	1002
207.002562358	0.740567	1003
207.743129252	0.252517	1004
207.995646259	0.261224	1005
208.256870748	0.287347	1006
208.544217687	1.21905	1007
209.763265306	0.274286	1008
210.037551020	0.213333	1009
210.250884354	0.309116	1010
210.560000000	1.28435	1011
211.844353741	0.256871	1012
212.101224490	0.230748	1013
212.331972789	0.282993	1014
212.614965986	1.59782	1015
214.212789116	0.291701	1016
214.504489796	0.300408	1017
214.804897959	0.400544	1018
215.205442177	0.304762	1019
215.510204082	0.273243	1020
215.783446712	0.214376	1021
215.997823129	0.282993	1022
216.280816327	0.213333	1023
216.494149660	0.24381	1024
216.737959184	0.226395	1025
216.964353741	0.254127	1026
217.218480726	0.233492	1027
217.451972789	0.256871	1028
217.708843537	0.230748	1029
217.939591837	0.248163	1030
218.187755102	0.239456	1031
218.427210884	0.217687	1032
218.644897959	0.20898	1033
218.853877551	0.256871	1034
219.110748299	0.222041	1035
219.332789116	0.248163	1036
219.580952381	0.213333	1037
219.794285714	0.261224	1038
220.055510204	0.217687	1039
220.273197279	0.252517	1040
220.525714286	0.217687	1041
220.743401361	0.256871	1042
221.000272109	0.222041	1043
221.222312925	0.239456	1044
221.461768707	0.204626	1045
221.666394558	0.256871	1046
221.923265306	0.213333	1047
222.136598639	0.252517	1048
222.389115646	0.226395	1049
222.615510204	0.422313	1050
223.037823129	0.230748	1051
223.268571429	0.278639	1052
223.547210884	0.182857	1053
223.730068027	0.0696599	1054
223.799727891	0.0609524	1055
223.860680272	0.143673	1056
224.004353741	0.152381	1057
224.156734694	0.0696599	1058
224.226394558	0.0696599	1059
224.296054422	0.130612	1060
224.426666667	0.165442	1061
224.592108844	0.0435374	1062
224.635646259	0.0522449	1063
224.687891156	0.148027	1064
224.835918367	0.191565	1065
225.027482993	0.265578	1066
225.293061224	0.143673	1067
225.436734694	0.0783673	1068
225.515102041	0.0522449	1069
225.567346939	0.143673	1070
225.711020408	0.161088	1071
225.872108844	0.0609524	1072
225.933061224	0.0696599	1073
226.002721088	0.13932	1074
226.142040816	0.130612	1075
226.272653061	0.0783673	1076
226.351020408	0.0522449	1077
226.403265306	0.152381	1078
226.555646259	0.195918	1079
226.751564626	0.213333	1080
226.964897959	0.161088	1081
227.125986395	0.0609524	1082
227.186938776	0.0957823	1083
227.282721088	0.148027	1084
227.430748299	0.13932	1085
227.570068027	0.0696599	1086
227.639727891	0.0522449	1087
227.691972789	0.143673	1088
227.835646259	0.126259	1089
227.961904762	0.0696599	1090
228.031564626	0.0609524	1091
228.092517007	0.161088	1092
228.253605442	0.134966	1093
228.388571429	0.0696599	1094
228.458231293	0.0696599	1095
228.527891156	0.134966	1096
228.662857143	0.134966	1097
228.797823129	0.0783673	1098
228.876190476	0.0609524	1099
228.937142857	0.143129	1100
229.080272109	0.13551	1101
229.215782313	0.0957823	1102
229.311564626	0.0609524	1103
229.372517007	0.143673	1104
229.516190476	0.117551	1105
229.633741497	0.0696599	1106
229.703401361	0.0783673	1107
229.781768707	0.191565	1108
229.973333333	0.235102	1109
230.208435374	0.24381	1110
230.452244898	0.156735	1111
230.608979592	0.0696599	1112
230.678639456	0.0783673	1113
230.757006803	0.161088	1114
230.918095238	0.152381	1115
231.070476190	0.0870748	1116
231.157551020	0.0696599	1117
231.227210884	0.148027	1118
231.375238095	0.113197	1119
231.488435374	0.113197	1120
231.601632653	0.0435374	1121
231.645170068	0.152381	1122
231.797551020	0.222041	1123
232.019591837	0.213333	1124
232.232925170	0.143673	1125
232.376598639	0.0609524	1126
232.437551020	0.0783673	1127
232.515918367	0.169796	1128
232.685714286	0.126259	1129
232.811972789	0.0783673	1130
232.890340136	0.10449	1131
232.994829932	0.130612	1132
233.125442177	0.130612	1133
233.256054422	0.0783673	1134
233.334421769	0.0696599	1135
233.404081633	0.13932	1136
233.543401361	0.226395	1137
233.769795918	0.213333	1138
233.983129252	0.169796	1139
234.152925170	0.0783673	1140
234.231292517	0.0696599	1141
234.300952381	0.143673	1142
234.444625850	0.161088	1143
234.605714286	0.0783673	1144
234.684081633	0.0609524	1145
234.745034014	0.121905	1146
234.866938776	0.13932	1147
235.006258503	0.0783673	1148
235.084625850	0.0696599	1149
235.154285714	0.148027	1150
235.302312925	0.121905	1151
235.424217687	0.0696599	1152
235.493877551	0.0870748	1153
235.580952381	0.13932	1154
235.720272109	0.113197	1155
235.833469388	0.121905	1156
235.955374150	0.0522449	1157
236.007619048	0.119841	1158
236.127460317	0.115261	1159
236.242721088	0.0957823	1160
236.338503401	0.0435374	1161
236.382040816	0.169796	1162
236.551836735	0.108844	1163
236.660680272	0.0783673	1164
236.739047619	0.0957823	1165
236.834829932	0.161088	1166
236.995918367	0.805442	1167
237.801360544	0.313469	1168
238.114829932	0.335238	1169
238.450068027	0.230748	1170
238.680816327	0.235102	1171
238.915918367	0.24381	1172
239.159727891	0.222041	1173
239.381768707	0.256871	1174
239.638639456	0.230748	1175
239.869387755	0.256871	1176
240.126258503	0.274286	1177
240.400544218	0.274286	1178
240.674829932	0.217687	1179
240.892517007	0.252517	1180
241.145034014	0.195918	1181
241.340952381	0.222041	1182
241.562993197	0.309116	1183
241.872108844	0.361361	1184
242.233469388	0.126259	1185
242.359727891	0.352653	1186
242.712380952	0.134966	1187
242.847346939	0.326531	1188
243.173877551	0.148027	1189
243.321904762	0.365714	1190
243.687619048	0.134966	1191
243.822585034	0.370068	1192
244.192653061	0.13932	1193
244.331972789	0.235102	1194
244.567074830	0.230748	1195
244.797823129	0.230748	1196
245.028571429	0.261587	1197
245.290158730	0.199909	1198
245.490068027	0.322177	1199
245.812244898	0.809796	1200
246.622040816	0.288435	1201
246.910476190	0.234014	1202
247.144489796	0.25805	1203
247.402539683	0.220862	1204
247.623401361	0.383129	1205
248.006530612	0.774966	1206
248.781496599	0.300408	1207
249.081904762	0.274286	1208
249.356190476	0.265578	1209
249.621768707	0.248163	1210
249.869931973	0.287347	1211
250.157278912	0.801088	1212
250.958367347	0.269932	1213
251.228299320	0.252517	1214
251.480816327	0.256871	1215
251.737687075	0.239456	1216
251.977142857	0.343946	1217
252.321088435	0.727075	1218
253.048163265	0.339592	1219
253.387755102	0.774966	1220
254.162721088	0.400544	1221
254.563265306	0.949116	1222
255.512380952	0.330884	1223
255.843265306	0.24381	1224
256.087074830	0.339592	1225
256.426666667	0.50093	1226
256.927596372	0.665873	1227
257.593469388	0.113197	1228
257.706666667	0.165442	1229
257.872108844	0.130612	1230
258.002721088	0.113197	1231
258.115918367	0.178503	1232
258.294421769	0.134966	1233
258.429387755	0.156735	1234
258.586122449	0.152381	1235
258.738503401	0.631293	1236
259.369795918	0.17415	1237
259.543945578	0.148027	1238
259.691972789	0.113197	1239
259.805170068	0.17415	1240
259.979319728	0.130612	1241
260.109931973	0.121905	1242
260.231836735	0.148027	1243
260.379863946	0.178503	1244
260.558367347	0.648708	1245
261.207074830	0.156735	1246
261.363809524	0.148027	1247
261.511836735	0.618231	1248
262.130068027	0.148027	1249
262.278095238	0.13932	1250
262.417414966	0.148027	1251
262.565442177	0.0957823	1252
262.661224490	0.169796	1253
262.831020408	0.126259	1254
262.957278912	0.130612	1255
263.087891156	0.187211	1256
263.275102041	0.143673	1257
263.418775510	0.113197	1258
263.531972789	0.156735	1259
263.688707483	0.200272	1260
263.888979592	0.257166	1261
264.146145125	0.230454	1262
264.376598639	0.246689	1263
264.623287982	0.13644	1264
264.759727891	0.13932	1265
264.899047619	0.173379	1266
265.072426304	0.148798	1267
265.221224490	0.113197	1268
265.334421769	0.152472	1269
265.486893424	0.126168	1270
265.613061224	0.0870748	1271
265.700136054	0.0522449	1272
265.752380952	0.165442	1273
265.917823129	0.235102	1274
266.152925170	0.226395	1275
266.379319728	0.165442	1276
266.544761905	0.130612	1277
266.675374150	0.156735	1278
266.832108844	0.121905	1279
266.954013605	0.13932	1280
267.093333333	0.168912	1281
267.262244898	0.118435	1282
267.380680272	0.0870748	1283
267.467755102	0.0435374	1284
267.511292517	0.17415	1285
267.685442177	0.235102	1286
267.920544218	0.252517	1287
268.173061224	0.13932	1288
268.312380952	0.10449	1289
268.416870748	0.0522449	1290
268.469115646	0.13932	1291
268.608435374	0.217687	1292
268.826122449	0.217687	1293
269.043809524	0.165442	1294
269.209251701	0.0696599	1295
269.278911565	0.113197	1296
269.392108844	0.113197	1297
269.505306122	0.121905	1298
269.627210884	0.165442	1299
269.792653061	0.130612	1300
269.923265306	0.13932	1301
270.062585034	0.0870748	1302
270.149659864	0.0696599	1303
270.219319728	0.148027	1304
270.367346939	0.13932	1305
270.506666667	0.13932	1306
270.645986395	0.143673	1307
270.789659864	0.152381	1308
270.942040816	0.0783673	1309
271.020408163	0.0609524	1310
271.081360544	0.169796	1311
271.251156463	0.143673	1312
271.394829932	0.148027	1313
271.542857143	0.161088	1314
271.703945578	0.152381	1315
271.856326531	0.0609524	1316
271.917278912	0.0783673	1317
271.995646259	0.148027	1318
272.143673469	0.156735	1319
272.300408163	0.148027	1320
272.448435374	0.195918	1321
272.644353741	0.134966	1322
272.779319728	0.0783673	1323
272.857687075	0.0609524	1324
272.918639456	0.144036	1325
273.062675737	0.125896	1326
273.188571429	0.17415	1327
273.362721088	0.148027	1328
273.510748299	0.113197	1329
273.623945578	0.0783673	1330
273.702312925	0.0609524	1331
273.763265306	0.147075	1332
273.910340136	0.122857	1333
274.033197279	0.156735	1334
274.189931973	0.152381	1335
274.342312925	0.126259	1336
274.468571429	0.0609524	1337
274.529523810	0.0783673	1338
274.607891156	0.156735	1339
274.764625850	0.13932	1340
274.903945578	0.0957823	1341
274.999727891	0.0609524	1342
275.060680272	0.134966	1343
275.195646259	0.126259	1344
275.321904762	0.0870748	1345
275.408979592	0.0696599	1346
275.478639456	0.143673	1347
275.622312925	0.126259	1348
275.748571429	0.0783673	1349
275.826938776	0.0522449	1350
275.879183673	0.195918	1351
276.075102041	0.152381	1352
276.227482993	0.13932	1353
276.366802721	0.204626	1354
276.571428571	0.265578	1355
276.837006803	0.230748	1356
277.067755102	0.134966	1357
277.202721088	0.0783673	1358
277.281088435	0.0783673	1359
277.359455782	0.134966	1360
277.494421769	0.134966	1361
277.629387755	0.0783673	1362
277.707755102	0.0957823	1363
277.803537415	0.130612	1364
277.934149660	0.17415	1365
278.108299320	0.0783673	1366
278.186666667	0.0870748	1367
278.273741497	0.116485	1368
278.390226757	0.223107	1369
278.613333333	0.252517	1370
278.865850340	0.148027	1371
279.013877551	0.0783673	1372
279.092244898	0.0696599	1373
279.161904762	0.161088	1374
279.322993197	0.143673	1375
279.466666667	0.0870748	1376
279.553741497	0.0783673	1377
279.632108844	0.13932	1378
279.771428571	0.17415	1379
279.945578231	0.0783673	1380
280.023945578	0.0696599	1381
280.093605442	0.165442	1382
280.259047619	0.226395	1383
280.485442177	0.24381	1384
280.729251701	0.130612	1385
280.859863946	0.0783673	1386
280.938231293	0.0696599	1387
281.007891156	0.151519	1388
281.159410431	0.23161	1389
281.391020408	0.187211	1390
281.578231293	0.195918	1391
281.774149660	0.0870748	1392
281.861224490	0.0696599	1393
281.930884354	0.148027	1394
282.078911565	0.13932	1395
282.218231293	0.0696599	1396
282.287891156	0.0783673	1397
282.366258503	0.156735	1398
282.522993197	0.113197	1399
282.636190476	0.0870748	1400
282.723265306	0.0870748	1401
282.810340136	0.148027	1402
282.958367347	0.148027	1403
283.106394558	0.0522449	1404
283.158639456	0.10449	1405
283.263129252	0.147914	1406
283.411043084	0.270045	1407
283.681088435	0.322177	1408
284.003265306	0.217687	1409
284.220952381	0.261678	1410
284.482630385	0.456689	1411
284.939319728	0.452789	1412
285.392108844	0.222041	1413
285.614149660	0.217755	1414
285.831904762	0.226327	1415
286.058231293	0.261066	1416
286.319297052	0.461655	1417
286.780952381	0.426667	1418
287.207619048	0.235102	1419
287.442721088	0.239456	1420
287.682176871	0.204626	1421
287.886802721	0.291701	1422
288.178503401	0.414989	1423
288.593492063	0.434263	1424
289.027755102	0.243537	1425
289.271292517	0.254875	1426
289.526167800	0.189206	1427
289.715374150	0.304966	1428
290.020340136	0.431859	1429
290.452199546	0.909592	1430
291.361791383	0.885737	1431
292.247528345	0.980771	1432
293.228299320	0.675374	1433
293.903673469	1.37578	1434
295.279455782	0.148027	1435
295.427482993	0.13932	1436
295.566802721	0.13932	1437
295.706122449	0.121905	1438
295.828027211	0.165442	1439
295.993469388	0.130612	1440
296.124081633	0.165442	1441
296.289523810	0.156735	1442
296.446258503	0.731429	1443
297.177687075	0.13932	1444
297.317006803	0.15898	1445
297.475986395	0.137075	1446
297.613061224	0.130612	1447
297.743673469	0.156735	1448
297.900408163	0.148027	1449
298.048435374	0.13932	1450
298.187755102	0.165442	1451
298.353197279	0.635646	1452
298.988843537	0.13932	1453
299.128163265	0.152381	1454
299.280544218	0.67483	1455
299.955374150	0.130612	1456
300.085986395	0.165442	1457
300.251428571	0.592109	1458
300.843537415	0.17415	1459
301.017687075	0.213333	1460
301.231020408	0.613878	1461
301.844897959	0.148027	1462
301.992925170	0.165442	1463
302.158367347	0.644354	1464
302.802721088	0.148027	1465
302.950748299	0.161088	1466
303.111836735	0.152381	1467
303.264217687	0.130612	1468
303.394829932	0.148027	1469
303.542857143	0.148027	1470
303.690884354	0.148027	1471
303.838911565	0.134966	1472
303.973877551	0.143673	1473
304.117551020	0.17415	1474
304.291700680	0.219501	1475
304.511201814	0.577234	1476
305.088435374	0.134966	1477
305.223401361	0.13932	1478
305.362721088	0.173719	1479
305.536439909	0.131043	1480
305.667482993	0.148027	1481
305.815510204	0.152381	1482
305.967891156	0.134966	1483
306.102857143	0.130612	1484
306.233469388	0.161088	1485
306.394557823	0.596463	1486
306.991020408	0.13932	1487
307.130340136	0.158231	1488
307.288571429	0.146531	1489
307.435102041	0.10449	1490
307.539591837	0.165442	1491
307.705034014	0.121905	1492
307.826938776	0.148027	1493
307.974965986	0.161088	1494
308.136054422	0.417959	1495
308.554013605	0.161088	1496
308.715102041	0.156735	1497
308.871836735	0.148027	1498
309.019863946	0.461497	1499
309.481360544	0.121905	1500
309.603265306	0.17415	1501
309.777414966	0.132336	1502
309.909750567	0.564263	1503
310.474013605	0.148027	1504
310.622040816	0.156735	1505
310.778775510	0.226395	1506
311.005170068	0.287347	1507
311.292517007	0.269932	1508
311.562448980	0.330884	1509
311.893333333	0.50678	1510
312.400113379	0.163696	1511
312.563809524	0.121905	1512
312.685714286	0.191565	1513
312.877278912	0.148027	1514
313.025306122	0.13932	1515
313.164625850	0.143673	1516
313.308299320	0.117551	1517
313.425850340	0.148027	1518
313.573877551	0.161088	1519
313.734965986	0.439728	1520
314.174693878	0.113197	1521
314.287891156	0.148027	1522
314.435918367	0.191565	1523
314.627482993	0.13932	1524
314.766802721	0.148027	1525
314.914829932	0.148027	1526
315.062857143	0.113197	1527
315.176054422	0.113197	1528
315.289251701	0.17415	1529
315.463401361	0.422313	1530
315.885714286	0.126259	1531
316.011972789	0.156735	1532
316.168707483	0.169796	1533
316.338503401	0.461497	1534
316.800000000	0.161088	1535
316.961088435	0.17415	1536
317.135238095	0.191565	1537
317.326802721	0.13932	1538
317.466122449	0.121905	1539
317.588027211	0.169796	1540
317.757823129	0.143673	1541
317.901496599	0.130612	1542
318.032108844	0.159637	1543
318.191746032	0.12771	1544
318.319455782	0.148027	1545
318.467482993	0.175079	1546
318.642562358	0.120975	1547
318.763537415	0.148027	1548
318.911564626	0.178503	1549
319.090068027	0.143673	1550
319.233741497	0.165442	1551
319.399183673	0.182857	1552
319.582040816	0.13932	1553
319.721360544	0.130612	1554
319.851972789	0.148027	1555
320.000000000	0.13932	1556
320.139319728	0.156735	1557
320.296054422	0.14034	1558
320.436394558	0.120884	1559
320.557278912	0.13932	1560
320.696598639	0.169796	1561
320.866394558	0.134966	1562
321.001360544	0.13932	1563
321.140680272	0.17415	1564
321.314829932	0.13932	1565
321.454149660	0.148027	1566
321.602176871	0.169796	1567
321.771972789	0.143673	1568
321.915646259	0.13932	1569
322.054965986	0.121905	1570
322.176870748	0.148027	1571
322.324897959	0.121905	1572
322.446802721	0.248163	1573
322.694965986	0.161088	1574
322.856054422	0.10449	1575
322.960544218	0.191565	1576
323.152108844	0.17415	1577
323.326258503	0.148027	1578
323.474285714	0.161088	1579
323.635374150	0.152381	1580
323.787755102	0.10449	1581
323.892244898	0.0522449	1582
323.944489796	0.156735	1583
324.101224490	0.10449	1584
324.205714286	0.0783673	1585
324.284081633	0.0609524	1586
324.345034014	0.200272	1587
324.545306122	0.17415	1588
324.719455782	0.148027	1589
324.867482993	0.178503	1590
325.045986395	0.169796	1591
325.215782313	0.17415	1592
325.389931973	0.191565	1593
325.581496599	0.217687	1594
325.799183673	0.10449	1595
325.903673469	0.113197	1596
326.016870748	0.148027	1597
326.164897959	0.121905	1598
326.286802721	0.17415	1599
326.460952381	0.0783673	1600
326.539319728	0.200272	1601
326.739591837	0.130612	1602
326.870204082	0.0696599	1603
326.939863946	0.0957823	1604
327.035646259	0.121905	1605
327.157551020	0.13932	1606
327.296870748	0.0783673	1607
327.375238095	0.0696599	1608
327.444897959	0.13932	1609
327.584217687	0.121905	1610
327.706122449	0.0696599	1611
327.775782313	0.0783673	1612
327.854149660	0.200272	1613
328.054421769	0.17415	1614
328.228571429	0.0870748	1615
328.315646259	0.0783673	1616
328.394013605	0.235102	1617
328.629115646	0.13932	1618
328.768435374	0.0696599	1619
328.838095238	0.0522449	1620
328.890340136	0.152381	1621
329.042721088	0.152381	1622
329.195102041	0.0696599	1623
329.264761905	0.0870748	1624
329.351836735	0.222041	1625
329.573877551	0.169796	1626
329.743673469	0.0870748	1627
329.830748299	0.0609524	1628
329.891700680	0.170023	1629
330.061723356	0.134739	1630
330.196462585	0.0783673	1631
330.274829932	0.0522449	1632
330.327074830	0.187211	1633
330.514285714	0.195918	1634
330.710204082	0.0609524	1635
330.771156463	0.0696599	1636
330.840816327	0.168209	1637
331.009024943	0.136553	1638
331.145578231	0.0870748	1639
331.232653061	0.0696599	1640
331.302312925	0.143673	1641
331.445986395	0.187211	1642
331.633197279	0.0783673	1643
331.711564626	0.0522449	1644
331.763809524	0.156735	1645
331.920544218	0.13932	1646
332.059863946	0.0783673	1647
332.138231293	0.0783673	1648
332.216598639	0.161088	1649
332.377687075	0.143673	1650
332.521360544	0.0957823	1651
332.617142857	0.0696599	1652
332.686802721	0.166599	1653
332.853401361	0.138163	1654
332.991564626	0.0870748	1655
333.078639456	0.0870748	1656
333.165714286	0.161088	1657
333.326802721	0.117551	1658
333.444353741	0.0783673	1659
333.522721088	0.0783673	1660
333.601088435	0.195918	1661
333.797006803	0.161088	1662
333.958095238	0.10449	1663
334.062585034	0.0696599	1664
334.132244898	0.178503	1665
334.310748299	0.152381	1666
334.463129252	0.10449	1667
334.567619048	0.0783673	1668
334.645986395	0.156735	1669
334.802721088	0.148027	1670
334.950748299	0.113197	1671
335.063945578	0.0870748	1672
335.151020408	0.204626	1673
335.355646259	0.178503	1674
335.534149660	0.0957823	1675
335.629931973	0.0783673	1676
335.708299320	0.339592	1677
336.047891156	0.156735	1678
336.204625850	0.0696599	1679
336.274285714	0.0609524	1680
336.335238095	0.352653	1681
336.687891156	0.579048	1682
337.266938776	0.213333	1683
337.480272109	0.552925	1684
338.033197279	0.217687	1685
338.250884354	0.548571	1686
338.799455782	0.222041	1687
339.021496599	0.552925	1688
339.574421769	0.187211	1689
339.761632653	0.404898	1690
340.166530612	0.13932	1691
340.305850340	0.0783673	1692
340.384217687	0.0609524	1693
340.445170068	0.126463	1694
340.571632653	0.082517	1695
340.654149660	0.0870748	1696
340.741224490	0.0696599	1697
340.810884354	0.156735	1698
340.967619048	0.148027	1699
341.115646259	0.0609524	1700
341.176598639	0.0696599	1701
341.246258503	0.130612	1702
341.376870748	0.113197	1703
341.490068027	0.0783673	1704
341.568435374	0.0522449	1705
341.620680272	0.143673	1706
341.764353741	0.169796	1707
341.934149660	0.10449	1708
342.038639456	0.0870748	1709
342.125714286	0.126259	1710
342.251972789	0.0827211	1711
342.334693878	0.0957823	1712
342.430476190	0.0783673	1713
342.508843537	0.113197	1714
342.622040816	0.130612	1715
342.752653061	0.0783673	1716
342.831020408	0.0957823	1717
342.926802721	0.130612	1718
343.057414966	0.130612	1719
343.188027211	0.121905	1720
343.309931973	0.148027	1721
343.457959184	0.130612	1722
343.588571429	0.0609524	1723
343.649523810	0.0609524	1724
343.710476190	0.134966	1725
343.845442177	0.143673	1726
343.989115646	0.130612	1727
344.119727891	0.134966	1728
344.254693878	0.117551	1729
344.372244898	0.0696599	1730
344.441904762	0.0522449	1731
344.494149660	0.152381	1732
344.646530612	0.117551	1733
344.764081633	0.13932	1734
344.903401361	0.13932	1735
345.042721088	0.121905	1736
345.164625850	0.0696599	1737
345.234285714	0.0609524	1738
345.295238095	0.143107	1739
345.438344671	0.118118	1740
345.556462585	0.13932	1741
345.695782313	0.127188	1742
345.822970522	0.107914	1743
345.930884354	0.0696599	1744
346.000544218	0.0609524	1745
346.061496599	0.148027	1746
346.209523810	0.121905	1747
346.331428571	0.121905	1748
346.453333333	0.169796	1749
346.623129252	0.126259	1750
346.749387755	0.121905	1751
346.871292517	0.155125	1752
347.026417234	0.0973923	1753
347.123809524	0.0870748	1754
347.210884354	0.0696599	1755
347.280544218	0.152381	1756
347.432925170	0.143673	1757
347.576598639	0.148027	1758
347.724625850	0.133923	1759
347.858548753	0.127302	1760
347.985850340	0.0522449	1761
348.038095238	0.0783673	1762
348.116462585	0.117551	1763
348.234013605	0.134966	1764
348.368979592	0.0783673	1765
348.447346939	0.0870748	1766
348.534421769	0.143673	1767
348.678095238	0.143673	1768
348.821768707	0.0696599	1769
348.891428571	0.0435374	1770
348.934965986	0.156735	1771
349.091700680	0.165442	1772
349.257142857	0.0870748	1773
349.344217687	0.0870748	1774
349.431292517	0.13932	1775
349.570612245	0.165442	1776
349.736054422	0.0783673	1777
349.814421769	0.0696599	1778
349.884081633	0.108844	1779
349.992925170	0.134966	1780
350.127891156	0.0870748	1781
350.214965986	0.0783673	1782
350.293333333	0.130612	1783
350.423945578	0.13932	1784
350.563265306	0.0870748	1785
350.650340136	0.0783673	1786
350.728707483	0.134966	1787
350.863673469	0.134966	1788
350.998639456	0.10449	1789
351.103129252	0.0522449	1790
351.155374150	0.156735	1791
351.312108844	0.156735	1792
351.468843537	0.0870748	1793
351.555918367	0.0522449	1794
351.608163265	0.126259	1795
351.734421769	0.126259	1796
351.860680272	0.0696599	1797
351.930340136	0.0696599	1798
352.000000000	0.161088	1799
352.161088435	0.134966	1800
352.296054422	0.0696599	1801
352.365714286	0.0696599	1802
352.435374150	0.156735	1803
352.592108844	0.148027	1804
352.740136054	0.10449	1805
352.844625850	0.0609524	1806
352.905578231	0.17415	1807
353.079727891	0.121905	1808
353.201632653	0.0696599	1809
353.271292517	0.0435374	1810
353.314829932	0.182857	1811
353.497687075	0.13932	1812
353.637006803	0.0696599	1813
353.706666667	0.0696599	1814
353.776326531	0.143673	1815
353.920000000	0.152381	1816
354.072380952	0.0609524	1817
354.133333333	0.0783673	1818
354.211700680	0.130612	1819
354.342312925	0.13932	1820
354.481632653	0.0783673	1821
354.560000000	0.0957823	1822
354.655782313	0.10449	1823
354.760272109	0.13932	1824
354.899591837	0.0696599	1825
354.969251701	0.0783673	1826
355.047619048	0.146349	1827
355.193968254	0.13229	1828
355.326258503	0.0783673	1829
355.404625850	0.0522449	1830
355.456870748	0.148027	1831
355.604897959	0.148027	1832
355.752925170	0.0696599	1833
355.822585034	0.0783673	1834
355.900952381	0.169796	1835
356.070748299	0.152381	1836
356.223129252	0.121905	1837
356.345034014	0.183061	1838
356.528095238	0.121701	1839
356.649795918	0.0435374	1840
356.693333333	0.0783673	1841
356.771700680	0.156735	1842
356.928435374	0.156735	1843
357.085170068	0.130612	1844
357.215782313	0.200272	1845
357.416054422	0.130612	1846
357.546666667	0.0783673	1847
357.625034014	0.0696599	1848
357.694693878	0.152676	1849
357.847369615	0.178209	1850
358.025578231	0.121905	1851
358.147482993	0.16229	1852
358.309773243	0.116349	1853
358.426122449	0.13932	1854
358.565442177	0.165442	1855
358.730884354	0.13932	1856
358.870204082	0.130612	1857
359.000816327	0.165442	1858
359.166258503	0.0957823	1859
359.262040816	0.148027	1860
359.410068027	0.156735	1861
359.566802721	0.148027	1862
359.714829932	0.165442	1863
359.880272109	0.226395	1864
360.106666667	0.156735	1865
360.263401361	0.0435374	1866
360.306938776	0.0783673	1867
360.385306122	0.143673	1868
360.528979592	0.117551	1869
360.646530612	0.0696599	1870
360.716190476	0.0522449	1871
360.768435374	0.152381	1872
360.920816327	0.117551	1873
361.038367347	0.0870748	1874
361.125442177	0.0609524	1875
361.186394558	0.13932	1876
361.325714286	0.0957823	1877
361.421496599	0.10449	1878
361.525986395	0.0522449	1879
361.578231293	0.126259	1880
361.704489796	0.117551	1881
361.822040816	0.0783673	1882
361.900408163	0.0696599	1883
361.970068027	0.125238	1884
362.095306122	0.109864	1885
362.205170068	0.0696599	1886
362.274829932	0.0783673	1887
362.353197279	0.117551	1888
362.470748299	0.134966	1889
362.605714286	0.0522449	1890
362.657959184	0.0609524	1891
362.718911565	0.136531	1892
362.855442177	0.124694	1893
362.980136054	0.0696599	1894
363.049795918	0.0435374	1895
363.093333333	0.169796	1896
363.263129252	0.143673	1897
363.406802721	0.0522449	1898
363.459047619	0.0870748	1899
363.546122449	0.126259	1900
363.672380952	0.108844	1901
363.781224490	0.0696599	1902
363.850884354	0.0609524	1903
363.911836735	0.117551	1904
364.029387755	0.143673	1905
364.173061224	0.0609524	1906
364.234013605	0.0435374	1907
364.277551020	0.126259	1908
364.403809524	0.117551	1909
364.521360544	0.0783673	1910
364.599727891	0.0522449	1911
364.651972789	0.134966	1912
364.786938776	0.134966	1913
364.921904762	0.0783673	1914
365.000272109	0.0609524	1915
365.061224490	0.134966	1916
365.196190476	0.134966	1917
365.331156463	0.0870748	1918
365.418231293	0.0348299	1919
365.453061224	0.121905	1920
365.574965986	0.113197	1921
365.688163265	0.0696599	1922
365.757823129	0.0522449	1923
365.810068027	0.143673	1924
365.953741497	0.143673	1925
366.097414966	0.0696599	1926
366.167074830	0.0348299	1927
366.201904762	0.151451	1928
366.353356009	0.579977	1929
366.933333333	0.204626	1930
367.137959184	0.561633	1931
367.699591837	0.230748	1932
367.930340136	0.544218	1933
368.474557823	0.191565	1934
368.666122449	0.557279	1935
369.223401361	0.217687	1936
369.441088435	0.448435	1937
369.889523810	0.117551	1938
370.007074830	0.121905	1939
370.128979592	0.182857	1940
370.311836735	0.121905	1941
370.433741497	0.10449	1942
370.538231293	0.148027	1943
370.686258503	0.121905	1944
370.808163265	0.113197	1945
370.921360544	0.134966	1946
371.056326531	0.108844	1947
371.165170068	0.148027	1948
371.313197279	0.129841	1949
371.443038549	0.0965533	1950
371.539591837	0.121905	1951
371.661496599	0.13932	1952
371.800816327	0.121905	1953
371.922721088	0.0957823	1954
372.018503401	0.16551	1955
372.184013605	0.104422	1956
372.288435374	0.13932	1957
372.427755102	0.113197	1958
372.540952381	0.909932	1959
373.450884354	1.12762	1960
374.578503401	0	1961