1.864852608	0	0.3
2.394557823	113.271	1.1
2.930975057	111.853	1.2
3.482993197	108.692	1.3
4.040272109	107.666	2.1
4.545306122	118.804	2.2
5.056145125	117.454	2.3
5.572789116	116.134	3.1
6.066213152	121.599	3.2
6.640907029	104.403	3.3
7.186575964	109.957	4.1
7.691609977	118.804	4.2
8.190839002	120.185	4.3
8.701678005	117.454	5.1
9.218321995	116.134	5.2
9.763990930	109.957	5.3
10.330544218	105.904	6.1
10.878548753	109.488	6.2
11.313922902	137.813	6.3
11.813151927	120.185	7.1
12.340158730	113.851	7.2
12.823219955	124.208	7.3
13.328253968	118.804	8.1
13.856893424	113.499	8.2
14.332517007	126.15	8.3
14.837551020	118.804	9.1
15.325170068	123.047	9.2
15.836009070	117.454	9.3
16.370068027	112.347	10.1
16.956371882	102.336	10.2
17.380136054	141.588	10.3
17.896780045	116.134	11.1
18.396009070	120.185	11.2
18.906848073	117.454	11.3
19.446712018	111.139	12.1
19.974965986	113.582	12.2
20.462585034	123.047	12.3
20.990839002	113.582	13.1
21.501678005	117.454	13.2
22.029931973	113.582	13.3
22.581405896	108.799	14.1
23.167709751	102.336	14.2
23.713378685	109.957	14.3
24.235827664	114.844	15.1
24.755374150	115.485	15.2
25.257505669	119.491	15.3
25.782653061	114.254	16.1
26.290589569	118.125	16.2
26.824852608	112.304	16.3
27.335691610	117.454	17.1
27.898775510	106.556	17.2
28.392199546	121.599	17.3
28.920453515	113.582	18.1
29.448548753	113.616	18.2
29.947936508	120.147	18.3
30.435555556	123.047	19.1
30.969614512	112.347	19.2
31.503673469	112.347	19.3
32.027460317	114.55	20.1
32.510634921	124.179	20.2
33.036190476	114.165	20.3
33.547029478	117.454	21.1
34.063673469	116.134	21.2
34.551292517	123.047	21.3
35.056326531	118.804	22.1
35.596848073	111.004	22.2
36.089614512	121.762	22.3
36.565623583	126.048	23.1
37.059047619	121.599	23.2
37.564081633	118.804	23.3
38.086530612	114.844	24.1
38.626394558	111.139	24.2
39.114013605	123.047	24.3
39.616530612	119.399	25.1
40.100362812	124.01	25.2
40.602630385	119.458	25.3
41.110929705	118.041	26.1
41.656598639	109.957	26.2
42.138412698	124.529	26.3
42.655056689	116.134	27.1
43.206530612	108.799	27.2
43.694149660	123.047	27.3
44.257233560	106.556	28.1
44.850544218	101.127	28.2
45.432335601	103.13	28.3
45.946031746	116.801	29.1
46.473401361	113.772	29.2
46.962358277	122.71	29.3
47.496417234	112.347	30.1
48.006462585	117.637	30.2
48.492925170	123.339	30.3
49.014716553	114.988	31.1
49.522358277	118.194	31.2
50.079637188	107.666	31.3
50.596281179	116.134	32.1
51.118730159	114.844	32.2
51.588934240	127.604	32.3
52.103968254	116.497	33.1
52.616417234	117.085	33.2
53.133061224	116.134	33.3
53.661315193	113.582	34.1
54.172154195	117.454	34.2
54.665578231	121.599	34.3
55.159002268	121.599	35.1
55.687256236	113.582	35.2
56.192290249	118.804	35.3
56.732154195	111.139	36.1
57.237551020	118.719	36.2
57.684172336	134.342	36.3
58.177596372	121.599	37.1
58.734875283	107.666	37.2
59.297619048	106.62	37.3
60.035192744	81.3478	38.1
60.354467120	187.926	38.2
60.847891156	121.599	38.3
61.335510204	123.047	39.1
61.823129252	123.047	39.2
62.304943311	124.529	39.3
62.804172336	120.185	40.1
63.320816327	116.134	40.2
63.783242630	129.75	40.3
64.249614512	128.653	41.1
64.743038549	121.599	41.2
65.213242630	127.604	41.3
65.811156463	100.349	42.1
66.240725624	139.675	42.2
66.674535147	138.31	42.3
67.158752834	123.911	43.1
67.639727891	124.747	43.2
68.144761905	118.804	43.3
68.667210884	114.844	44.1
69.131609977	129.199	44.2
69.572789116	135.999	44.3
70.054603175	124.529	45.1
70.548027211	121.599	45.2
71.018231293	127.604	45.3
71.569705215	108.799	46.1
72.063197279	121.583	46.2
72.504308390	136.02	46.3
73.015079365	117.469	47.1
73.514376417	120.169	47.2
73.972970522	130.835	47.3
74.472199546	120.185	48.1
74.959818594	123.047	48.2
75.431519274	127.199	48.3
75.929251701	120.547	49.1
76.426349206	120.701	49.2
76.889705215	129.49	49.3
77.490793651	99.8189	50.1
78.106122449	97.5088	50.2
78.367346939	229.688	50.3
78.860770975	121.599	51.1
79.359705215	120.256	51.2
79.824399093	129.117	51.3
80.317823129	121.599	52.1
80.839659864	114.978	52.2
81.269841270	139.476	52.3
81.757460317	123.047	53.1
82.245079365	123.047	53.2
82.711836735	128.546	53.3
83.208707483	120.756	54.1
83.684716553	126.048	54.2
84.125895692	135.999	54.3
84.636734694	117.454	55.1
85.054693878	143.555	55.2
85.513287982	130.835	55.3
85.989297052	126.048	56.1
86.430476190	135.999	56.2
86.929705215	120.185	56.3
87.423129252	121.599	57.1
87.893333333	127.604	57.2
88.380952381	123.047	57.3
88.891791383	117.454	58.1
89.379410431	123.047	58.2
89.890249433	117.454	58.3
90.418684807	113.543	59.1
90.951791383	112.548	59.2
91.451791383	120	59.3
92.032290249	103.359	60.1
92.543129252	117.454	60.2
93.049909297	118.395	60.3
93.559002268	117.857	61.1
94.074467120	116.4	61.2
94.579342404	118.841	61.3
95.123378685	110.287	62.1
95.609070295	123.535	62.2
96.101587302	121.823	62.3
96.629841270	113.582	63.1
97.123265306	121.599	63.2
97.622494331	120.185	63.3
98.156553288	112.347	64.1
98.665351474	117.925	64.2
99.131791383	128.634	64.3
99.636825397	118.804	65.1
100.133378685	120.833	65.2
100.583038549	133.434	65.3
101.070657596	123.047	66.1
101.564081633	121.599	66.2
102.011065760	134.233	66.3
102.498684807	123.047	67.1
102.992108844	121.599	67.2
103.485532880	121.599	67.3
103.996371882	117.454	68.1
104.510907029	116.61	68.2
105.035464853	114.382	68.3
105.523083900	123.047	69.1
106.001587302	125.391	69.2
106.495873016	121.387	69.3
107.003356009	118.231	70.1
107.554829932	108.799	70.2
108.047936508	121.678	70.3
108.495238095	134.138	71.1
109.013310658	115.814	71.2
109.470476190	131.243	71.3
109.975510204	118.804	72.1
110.463129252	123.047	72.2
110.927528345	129.199	72.3
111.490612245	106.556	73.1
111.987346939	120.789	73.2
112.628390023	93.5975	73.3
113.110430839	124.471	74.1
113.611473923	119.75	74.2
114.114467120	119.286	74.3
114.660136054	109.957	75.1
115.132630385	126.986	75.2
115.623764172	122.166	75.3
116.239092971	97.5088	76.1
116.837006803	100.349	76.2
117.551020408	84.032	76.3
118.143129252	101.333	77.1
118.856621315	84.0934	77.2
119.536326531	88.2736	77.3
120.128435374	101.333	78.1
120.906303855	77.1339	78.2
121.864126984	62.642	78.3
122.705850340	71.2823	79.1
123.280544218	104.403	79.2
123.797188209	116.134	79.3
124.290612245	121.599	80.1
124.784036281	121.599	80.2
125.225215420	135.999	80.3
125.741224490	116.277	81.1
126.177233560	137.612	81.2
126.664852608	123.047	81.3
127.158276644	121.599	82.1
127.634285714	126.048	82.2
128.098684807	129.199	82.3
128.640952381	110.646	83.1
129.097142857	131.524	83.2
129.567346939	127.604	83.3
130.037551020	127.604	84.1
130.501950113	129.199	84.2
131.008095238	118.543	84.3
131.564263039	107.881	85.1
132.071111111	118.379	85.2
132.547664399	125.904	85.3
133.032925170	123.645	86.1
133.514739229	124.529	86.2
133.990748299	126.048	86.3
134.507392290	116.134	87.1
134.948571429	135.999	87.2
135.424580499	126.048	87.3
135.947029478	114.844	88.1
136.527165533	103.424	88.2
137.039024943	117.22	88.3
137.688526077	92.3786	89.1
138.443174603	79.5072	89.2
139.122358277	88.3413	89.3
139.923446712	74.8981	79.1
140.457505669	112.347	79.2
140.962539683	118.804	79.3
141.450158730	123.047	80.1
141.954512472	118.964	80.2
142.402176871	134.029	80.3
142.930430839	113.582	81.1
143.383219955	132.512	81.2
143.870839002	123.047	81.3
144.375873016	118.804	82.1
144.826462585	133.159	82.2
145.298866213	127.01	82.3
145.803900227	118.804	83.1
146.268299320	129.199	83.2
146.734376417	128.734	83.3
147.220317460	123.472	84.1
147.690521542	127.604	84.2
148.158684807	128.16	84.3
148.684897959	114.022	85.1
149.182403628	120.602	85.2
149.699047619	116.134	85.3
150.192471655	121.599	86.1
150.639455782	134.233	86.2
151.169841270	113.125	86.3
151.668367347	120.355	87.1
152.129070295	130.236	87.2
152.604920635	126.09	87.3
153.147210884	110.642	88.1
153.782721088	94.4123	88.2
154.430113379	92.6795	88.3
155.039637188	98.4375	89.1
155.838934240	75.066	89.2
156.659229025	73.1444	89.3
157.483537415	72.7883	90.1
158.057755102	104.49	90.2
158.563265306	118.692	90.3
159.067052154	119.098	91.1
159.550113379	124.208	91.2
160.037732426	123.047	91.3
160.560181406	114.844	92.1
161.059410431	120.185	92.2
161.500589569	135.999	92.3
161.993922902	121.622	93.1
162.464217687	127.58	93.2
162.940226757	126.048	93.3
163.474285714	112.347	94.1
163.941020408	128.553	94.2
164.437913832	120.75	94.3
164.884897959	134.233	95.1
165.355102041	127.604	95.2
165.860136054	118.804	95.3
166.370975057	117.454	96.1
166.852789116	124.529	96.2
167.335056689	124.412	96.3
167.834716553	120.082	97.1
168.315646259	124.758	97.2
168.803265306	123.047	97.3
169.296689342	121.599	98.1
169.737868481	135.999	98.2
170.202267574	129.199	98.3
170.718911565	116.134	99.1
171.252970522	112.347	99.2
171.728979592	126.048	99.3
172.263038549	112.347	100.1
172.744852608	124.529	100.2
173.226666667	124.529	100.3
173.766530612	111.139	101.1
174.236734694	127.604	101.2
174.712743764	126.048	101.3
175.193628118	124.77	102.1
175.674421769	124.794	102.2
176.117551020	135.401	102.3
176.610975057	121.599	103.1
177.081179138	127.604	103.2
177.545578231	129.199	103.3
178.050612245	118.804	104.1
178.578866213	113.582	104.2
179.083900227	118.804	104.3
179.646984127	106.556	105.1
180.105578231	130.835	105.2
180.540952381	137.813	105.3
181.016961451	126.048	106.1
181.510385488	121.599	106.2
181.945759637	137.813	106.3
182.503038549	107.666	107.1
183.042902494	111.139	107.2
183.553741497	117.454	107.3
184.026462585	126.925	108.1
184.528979592	119.399	108.2
185.109478458	103.359	108.3
185.771247166	90.6661	90.1
186.308548753	111.669	90.2
186.776326531	128.266	90.3
187.246326531	127.66	91.1
187.700748299	132.036	91.2
188.157097506	131.478	91.3
188.685351474	113.582	92.1
189.170544218	123.662	92.2
189.585124717	144.725	92.3
190.087346939	119.469	93.1
190.537142857	133.394	93.2
190.989931973	132.512	93.3
191.523990930	112.347	94.1
192.011609977	123.047	94.2
192.470204082	130.835	94.3
192.917188209	134.233	95.1
193.388684807	127.254	95.2
193.857596372	127.956	95.3
194.327800454	127.604	96.1
194.823560091	121.026	96.2
195.308843537	123.639	96.3
195.796462585	123.047	97.1
196.287619048	122.161	97.2
196.731065760	135.304	97.3
197.265124717	112.347	98.1
197.694693878	139.675	98.2
198.147482993	132.512	98.3
198.646712018	120.185	99.1
199.180770975	112.347	99.2
199.639365079	130.835	99.3
200.173424036	112.347	100.1
200.672653061	120.185	100.2
201.177687075	118.804	100.3
201.769795918	101.333	101.1
202.285759637	116.287	101.2
202.771156463	123.61	101.3
203.238458050	128.397	102.1
203.795736961	107.666	102.2
204.173061224	159.014	102.3
204.768911565	100.696	103.1
205.235374150	128.628	103.2
205.722993197	123.047	103.3
206.247823129	114.323	104.1
206.767891156	115.37	104.2
207.256712018	122.744	104.3
207.766349206	117.731	105.1
208.249002268	124.313	105.2
208.695147392	134.485	105.3
209.171156463	126.048	106.1
209.615532880	135.021	106.2
210.070929705	131.753	106.3
210.529523810	130.835	107.1
211.051972789	114.844	107.2
211.545396825	121.599	107.3
212.056235828	117.454	108.1
212.567074830	117.454	108.2
212.990839002	141.588	108.3
213.472653061	124.529	109.1
213.956916100	123.9	109.2
214.448480726	122.059	109.3
214.941315193	121.745	110.1
215.475736961	112.271	110.2
215.957188209	124.623	110.3
216.508662132	108.799	111.1
217.024761905	116.257	111.2
217.524535147	120.054	111.3
218.022857143	120.404	112.1
218.540408163	115.931	112.2
219.130317460	101.711	112.3
219.654965986	114.362	113.1
220.310929705	91.4685	113.2
220.839183673	113.582	113.3
221.320997732	124.529	114.1
221.976961451	91.4685	114.2
222.598095238	96.5975	114.3
223.346938776	80.1235	115.1
224.473106576	53.278	115.2
225.901133787	42.016	0.3
226.429387755	113.582	1.1
226.963446712	112.347	1.2
227.485895692	114.844	1.3
228.037369615	108.799	2.1
228.577233560	111.139	2.2
229.053242630	126.048	2.3
229.587301587	112.347	3.1
230.103945578	116.134	3.2
230.632199546	113.582	3.3
231.218503401	102.336	4.1
231.729342404	117.454	4.2
232.211156463	124.529	4.3
232.716825397	118.655	5.1
233.227029478	117.6	5.2
233.790113379	106.556	5.3
234.300952381	117.454	6.1
234.835011338	112.347	6.2
235.305215420	127.604	6.3
235.816054422	117.454	7.1
236.346689342	113.072	7.2
236.837732426	122.189	7.3
237.319546485	124.529	8.1
237.836575964	116.048	8.2
238.335419501	120.278	8.3
238.828843537	121.599	9.1
239.316462585	123.047	9.2
239.838911565	114.844	9.3
240.361360544	114.844	10.1
240.936054422	104.403	10.2
241.388843537	132.512	10.3
241.893877551	118.804	11.1
242.393106576	120.185	11.2
242.892335601	120.185	11.3
243.438004535	109.957	12.1
243.960453515	114.844	12.2
244.430657596	127.604	12.3
244.964716553	112.347	13.1
245.539410431	104.403	13.2
245.957369615	143.555	13.3
246.503038549	109.957	14.1
247.095147392	101.333	14.2
247.617596372	114.844	14.3
248.129773243	117.147	15.1
248.644036281	116.672	15.2
249.138503401	121.343	15.3
249.689977324	108.799	16.1
250.199546485	117.747	16.2
250.711655329	117.163	16.3
251.222494331	117.454	17.1
251.727528345	118.804	17.2
252.261587302	112.347	17.3
252.795646259	112.347	18.1
253.300680272	118.804	18.2
253.789523810	122.739	18.3
254.310748299	115.114	19.1
254.833197279	114.844	19.2
255.367256236	112.347	19.3
255.930340136	106.556	20.1
256.423764172	121.599	20.2
256.911383220	123.047	20.3
257.443673469	112.72	21.1
257.944671202	119.761	21.2
258.422607710	125.54	21.3
258.937324263	116.569	22.1
259.453968254	116.134	22.2
259.929977324	126.048	22.3
260.423401361	121.599	23.1
260.911972789	122.807	23.2
261.416054422	119.028	23.3
261.966530612	108.997	24.1
262.507392290	110.934	24.2
262.995011338	123.047	24.3
263.476825397	124.529	25.1
263.977437642	119.853	25.2
264.497528345	115.364	25.3
265.015147392	115.915	26.1
265.537596372	114.844	26.2
266.031020408	121.599	26.3
266.582494331	108.799	27.1
267.139773243	107.666	27.2
267.650612245	117.454	27.3
268.231111111	103.359	28.1
268.759365079	113.582	28.2
269.392108844	94.8251	28.3
269.912244898	115.354	29.1
270.471836735	107.221	29.2
270.971065760	120.185	29.3
271.522539683	108.799	30.1
272.033378685	117.454	30.2
272.538412698	118.804	30.3
273.026031746	123.047	31.1
273.589115646	106.556	31.2
274.134784580	109.957	31.3
274.628208617	121.599	32.1
275.139047619	117.454	32.2
275.661496599	114.844	32.3
276.143310658	124.529	33.1
276.665759637	114.844	33.2
277.205623583	111.139	33.3
277.726235828	115.249	34.1
278.228752834	119.399	34.2
278.717052154	122.875	34.3
279.196734694	125.083	35.1
279.724988662	113.582	35.2
280.218412698	121.599	35.3
280.754172336	111.991	36.1
281.234285714	124.97	36.2
281.709931973	126.144	36.3
282.203718821	121.51	37.1
282.691337868	123.047	37.2
283.254421769	106.556	37.3
283.894693878	93.7102	38.1
284.380589569	123.483	38.2
284.865510204	123.732	38.3
285.371315193	118.623	39.1
285.863537415	121.896	39.2
286.348480726	123.726	39.3
286.857505669	117.872	40.1
287.349569161	121.935	40.2
287.788117914	136.815	40.3
288.287346939	120.185	41.1
288.784625850	120.657	41.2
289.256780045	127.077	41.3
289.790839002	112.347	42.1
290.278458050	123.047	42.2
290.720861678	135.623	42.3
291.216145125	121.143	43.1
291.677460317	130.063	43.2
292.156712018	125.195	43.3
292.641088435	123.871	44.1
293.128707483	123.047	44.2
293.540861678	145.577	44.3
294.040090703	120.185	45.1
294.523537415	124.109	45.2
295.061768707	111.476	45.3
295.590022676	113.582	46.1
296.054421769	129.199	46.2
296.495600907	135.999	46.3
296.997732426	119.491	47.1
297.499863946	119.491	47.2
297.935238095	137.813	47.3
298.440272109	118.804	48.1
298.945306122	118.804	48.2
299.392290249	134.233	48.3
299.889909297	120.574	49.1
300.390748299	119.799	49.2
300.884172336	121.599	49.3
301.458866213	104.403	50.1
301.876825397	143.555	50.2
302.323809524	134.233	50.3
302.828344671	118.921	51.1
303.293242630	129.061	51.2
303.786666667	121.599	51.3
304.262675737	126.048	52.1
304.767709751	118.804	52.2
305.231655329	129.326	52.3
305.731337868	120.076	53.1
306.213151927	124.529	53.2
306.694965986	124.529	53.3
307.316099773	96.5975	54.1
307.676009070	166.709	54.2
308.111383220	137.813	54.3
308.587392290	126.048	55.1
309.074625850	123.144	55.2
309.516190476	135.88	55.3
310.003809524	123.047	56.1
310.485623583	124.529	56.2
310.950022676	129.199	56.3
311.431836735	124.529	57.1
311.902040816	127.604	57.2
312.404376417	119.442	57.3
312.929523810	114.254	58.1
313.423469388	121.471	58.2
313.927981859	118.927	58.3
314.456235828	113.582	59.1
315.011972789	107.965	59.2
315.512743764	119.815	59.3
316.103741497	101.523	60.1
316.585759637	124.477	60.2
317.074285714	122.818	60.3
317.585124717	117.454	61.1
318.095034014	117.668	61.2
318.608798186	116.785	61.3
319.151247166	110.609	62.1
319.622675737	127.273	62.2
320.110294785	123.047	62.3
320.609523810	120.185	63.1
321.091337868	124.529	63.2
321.596371882	118.804	63.3
322.124625850	113.582	64.1
322.629659864	118.804	64.2
323.099863946	127.604	64.3
323.575873016	126.048	65.1
324.061791383	123.478	65.2
324.539501134	125.599	65.3
325.041360544	119.555	66.1
325.514739229	126.748	66.2
325.984943311	127.604	66.3
326.443537415	130.835	67.1
326.933990930	122.336	67.2
327.420362812	123.362	67.3
327.888979592	128.036	68.1
328.452789116	106.419	68.2
328.933877551	124.717	68.3
329.404081633	127.604	69.1
329.891700680	123.047	69.2
330.379319728	123.047	69.3
330.884353741	118.804	70.1
331.406802721	114.844	70.2
331.946666667	111.139	70.3
332.382040816	137.813	71.1
332.881269841	120.185	71.2
333.345668934	129.199	71.3
333.821678005	126.048	72.1
334.315102041	121.599	72.2
334.837551020	114.844	72.3
335.319365079	124.529	73.1
335.824739229	118.724	73.2
336.410702948	102.395	73.3
336.886712018	126.048	74.1
337.397551020	117.454	74.2
337.902585034	118.804	74.3
338.430839002	113.582	75.1
338.912857143	124.477	75.2
339.446712018	112.39	75.3
340.108480726	90.6661	76.1
340.649410431	110.92	76.2