0.557278911	2.67029	1
3.227573696	2.24073	2
5.468299319	2.34522	3
7.813514739	2.34522	4
10.158730158	2.3524	5
12.511133786	2.44252	6
14.953650793	2.60063	7
17.554285714	2.46132	8
20.015600907	2.19429	9
22.209886621	2.10485	10
24.314739229	2.20245	11
26.517188208	2.14785	12
28.665034013	2.0966	13
30.761632653	1.89723	14
32.658866213	2.05497	15
34.713832199	2.02594	16
36.739773242	2.322	17
39.061768707	2.00272	18
41.064489795	2.01939	19
43.083877551	2.09054	20
45.174421768	2.05497	21
47.229387755	2.03175	22
49.261133786	1.89243	23
51.153560090	1.98531	24
53.138866213	1.83438	25
54.973242630	1.9737	26
56.946938775	1.8576	27
58.804535147	1.88082	28
60.685351473	1.80535	29
62.490702947	1.82277	30
64.313469387	1.88082	31
66.194285714	2.02014	32
68.214421768	2.34522	33
70.559637188	2.00853	34
72.568163265	1.9795	35
74.547664399	1.98531	36
76.532970521	1.88522	37
78.418185941	1.74871	38
80.166893424	1.78794	39
81.954829931	1.99111	40
83.945941043	2.05274	41
85.998684807	1.98172	42
87.980408163	1.87501	43
89.855419501	1.8022	44
91.657619047	1.75626	45
93.413877551	1.83438	46
95.248253968	1.80535	47
97.053605442	1.77052	48
98.824126984	1.80617	49
100.630294784	1.79873	50
102.429024943	1.7473	51
104.176326530	1.77052	52
105.946848072	1.7473	53
107.694149659	1.77766	54
109.471814058	1.80982	55
111.281632653	1.71429	56
112.995918367	2.12281	57
115.118730158	2.05497	58
117.173696145	1.87501	59
119.048707482	1.95628	60
121.004988662	2.17107	61
123.176054421	2.06077	62
125.236825396	2.11882	63
127.355646258	1.88662	64
129.242267573	2.13624	65
131.378503401	2.20925	66
133.587755102	1.9181	67
135.505850340	1.9737	68
137.479546485	2.06077	69
139.540317460	2.26395	70
141.804263038	2.38585	71
144.190113378	2.28136	72
146.471473922	2.36844	73
148.839909297	2.2117	74
151.051609977	2.26975	75
153.321360544	2.74576	76
156.067120181	2.81542	77
158.882539682	2.54839	78
161.430929705	2.29297	79
163.723900226	2.28136	80
166.005260770	2.22912	81
168.234376417	2.31039	82
170.544761904	2.2059	83
172.750657596	2.45551	84
175.206167800	2.34923	85
177.555396825	2.2193	86
179.774693877	2.17107	87
181.945759637	2.1461	88
184.091859410	2.34696	89
186.438820861	2.4229	90
188.861723356	2.10499	91
190.966712018	2.14204	92
193.108752834	2.12463	93
195.233378684	2.11356	94
197.346938775	2.07184	95
199.418775510	2.10141	96
201.520181405	2.02594	97
203.546122448	2.10256	98
205.648684807	2.01898	99
207.667664399	2.25234	100
209.920000000	2.0956	101
212.015600907	2.07819	102
214.093786848	2.02594	103
216.119727891	2.05098	104
218.170702947	2.06476	105
220.235464852	2.17687	106
222.412335600	2.06469	107
224.477029478	1.96397	108
226.440997732	1.96209	109
228.403083900	1.87501	110
230.278095238	1.85179	111
232.129886621	1.88662	112
234.016507936	1.85179	113
235.868299319	1.96789	114
237.836190476	1.93887	115
239.775056689	1.89993	116
241.674988662	1.89653	117
243.571519274	1.89823	118
245.469750566	1.90984	119
247.379591836	1.90984	120
249.289433106	1.88662	121
251.176054421	1.90057	122
253.076621315	1.85526	123
254.931882086	1.89823	124
256.830113378	2.24073	125
259.070839002	2.25234	126
261.323174603	2.00272	127
263.325895691	2.11882	128
265.444716553	2.07773	129
267.522448979	2.09025	130
269.612698412	2.02014	131
271.632834467	2.02594	132
273.658775510	2.58903	133
276.247800453	2.17687	134
278.424671201	2.00272	135
280.427392290	2.21751	136
282.644897959	2.322	137
284.966893424	2.13794	138
287.104829931	2.02424	139
289.129070294	2.05497	140
291.184036281	2.18281	141
293.366848072	2.18834	142
295.555192743	2.10088	143
297.656077097	2.26447	144
299.920544217	1.99692	145
301.917460317	1.90404	146
303.821496598	1.90984	147
305.731337868	2.03175	148
307.763083900	2.13043	149
309.893514739	2.04916	150
311.942675736	2.03755	151
313.980226757	2.25814	152
316.238367346	1.9795	153
318.217868480	2.0956	154
320.313469387	1.99111	155
322.304580498	2.13043	156
324.435011337	2.07238	157
326.507392290	2.1293	158
328.636689342	2.27669	159
330.913378684	2.21751	160
333.130884353	2.73995	161
335.870839002	2.36263	162
338.233469387	1.99692	163
340.230385487	2.18848	164
342.418866213	2.09574	165
344.514603174	2.22317	166
346.737777777	2.00029	167
348.738072562	2.5334	168
351.271473922	2.08791	169
353.359387755	2.17295	170
355.532335600	1.8634	171
357.395736961	2.14204	172
359.537777777	1.99692	173
361.534693877	2.01433	174
363.549024943	1.93887	175
365.487891156	1.9737	176
367.461587301	2.03755	177
369.499138321	1.9737	178
371.472834467	1.96902	179
373.441859410	1.92612	180
375.367981859	1.9795	181
377.347482993	2.02014	182
379.367619047	1.93887	183
381.306485260	1.84721	184
383.153696145	1.9259	185
385.079591836	1.81129	186
386.890884353	1.9737	187
388.864580498	1.80535	188
390.669931972	1.84599	189
392.515918367	1.90984	190
394.425759637	1.7473	191
396.173061224	1.86921	192
398.042267573	1.91565	193
399.957913832	2.33361	194
402.291519274	1.94467	195
404.236190476	1.98531	196
406.221496598	1.94907	197
408.170566893	1.86186	198
410.032426303	1.76766	199
411.800090702	1.79374	200
413.593832199	1.94467	201
415.538503401	2.08399	202
417.622494331	1.96209	203
419.584580498	1.75311	204
421.337687074	1.84599	205
423.183673469	1.77052	206
424.954195011	1.84599	207
426.800181405	1.72408	208
428.524263038	1.7473	209
430.271564625	1.70086	210
431.972426303	1.7473	211
433.719727891	1.67893	212
435.398662131	1.7402	213
437.138866213	1.77052	214
438.909387755	1.84599	215
440.755374149	1.75891	216
442.514285714	1.77052	217
444.284807256	2.19429	218
446.479092970	2.11302	219
448.592108843	1.93306	220
450.525170068	1.9737	221
452.498866213	2.22331	222
454.722176870	2.07819	223
456.800362811	2.0898	224
458.890158730	1.89243	225
460.782585034	2.35218	226
463.134761904	2.18367	227
465.318435374	2.23215	228
467.550589569	2.14204	229
469.692630385	2.10782	230
471.800453514	2.10141	231
473.901859410	2.34522	232
476.247074829	2.30594	233
478.553015873	2.33805	234
480.891065759	2.16794	235
483.059002267	2.31351	236
485.372517006	2.80961	237
488.182131519	2.94313	238
491.125260770	2.5658	239
493.691065759	2.35683	240
496.047891156	2.25234	241
498.300226757	2.29297	242
500.593197278	2.4439	243
503.037097505	2.30458	244
505.341678004	2.61224	245
507.953922902	2.47102	246
510.424943310	2.21361	247
512.638548752	2.15946	248
514.798004535	2.28717	249
517.085170068	2.29297	250
519.378140589	2.41512	251
521.793265306	2.7281	252
524.521360544	2.25234	253
526.773696145	2.2059	254
528.979591836	2.3278	255
531.307392290	2.2117	256
533.519092970	2.00698	257
535.526077097	1.93637	258
537.462448979	2.09383	259
539.556281179	2.31039	260
541.866666666	2.28717	261
544.153832199	1.92145	262
546.075283446	1.99692	263
548.072199546	2.11302	264
550.185215419	2.07238	265
552.257596371	2.03175	266
554.289342403	2.18848	267
556.477823129	2.18268	268
558.660498866	1.99692	269
560.657414965	1.99692	270
562.654331065	2.06658	271
564.720907029	1.9737	272
566.694603174	2.03175	273
568.726349206	2.04336	274
570.769705215	2.17687	275
572.946575963	2.53098	276
575.477551020	2.38005	277
577.857596371	2.74576	278
580.603356009	2.49034	279
583.093696145	2.99537	280
586.089070294	0	281
