0.557278911	0	1
3.227573696	22.4694	2
5.468299319	26.777	3
7.813514739	25.584	4
10.158730158	25.584	5
12.511133786	25.5058	6
14.953650793	24.5648	7
17.554285714	23.0713	8
20.015600907	24.3772	9
22.209886621	27.3438	10
24.314739229	28.5056	11
26.517188208	27.2424	12
28.665034013	27.935	13
30.761632653	28.6178	14
32.658866213	31.625	15
34.713832199	29.1976	16
36.739773242	29.6159	17
39.061768707	25.8398	18
41.064489795	29.9592	19
43.083877551	29.712	20
45.174421768	28.7007	21
47.229387755	29.1976	22
49.261133786	29.5312	23
51.153560090	31.7053	24
53.138866213	30.222	25
54.973242630	32.7087	26
56.946938775	30.3998	27
58.804535147	32.2998	28
60.685351473	31.901	29
62.490702947	33.2345	30
64.313469387	32.917	31
66.194285714	31.901	32
68.214421768	29.701	33
70.559637188	25.584	34
72.568163265	29.8727	35
74.547664399	30.3107	36
76.532970521	30.222	37
78.418185941	31.8266	38
80.166893424	34.3111	39
81.954829931	33.5582	40
83.945941043	30.1339	41
85.998684807	29.2292	42
87.980408163	30.2767	43
89.855419501	31.9998	44
91.657619047	33.2927	45
93.413877551	34.1635	46
95.248253968	32.7087	47
97.053605442	33.2345	48
98.824126984	33.8883	49
100.630294784	33.2195	50
102.429024943	33.3569	51
104.176326530	34.3387	52
105.946848072	33.8883	53
107.694149659	34.3387	54
109.471814058	33.7522	55
111.281632653	33.1525	56
112.995918367	35	57
115.118730158	28.2644	58
117.173696145	29.1976	59
119.048707482	31.9998	60
121.004988662	30.6704	61
123.176054421	27.6362	62
125.236825396	29.1153	63
127.355646258	28.3176	64
129.242267573	31.8029	65
131.378503401	28.0868	66
133.587755102	27.1585	67
135.505850340	31.281	68
137.479546485	30.3998	69
139.540317460	29.1153	70
141.804263038	26.5024	71
144.190113378	25.1483	72
146.471473922	26.3001	73
148.839909297	25.3332	74
151.051609977	27.1284	75
153.321360544	26.4346	76
156.067120181	21.8519	77
158.882539682	21.3112	78
161.430929705	23.5443	79
163.723900226	26.1669	80
166.005260770	26.3001	81
168.234376417	26.9165	82
170.544761904	25.9697	83
172.750657596	27.1998	84
175.206167800	24.4348	85
177.555396825	25.5403	86
179.774693877	27.0356	87
181.945759637	27.6362	88
184.091859410	27.9577	89
186.438820861	25.565	90
188.861723356	24.7637	91
190.966712018	28.5037	92
193.108752834	28.0107	93
195.233378684	28.2403	94
197.346938775	28.3881	95
199.418775510	28.9598	96
201.520181405	28.5523	97
203.546122448	29.6159	98
205.648684807	28.5366	99
207.667664399	29.718	100
209.920000000	26.639	101
212.015600907	28.6314	102
214.093786848	28.8713	103
216.119727891	29.6159	104
218.170702947	29.2544	105
220.235464852	29.059	106
222.412335600	27.5625	107
224.477029478	29.06	108
226.440997732	30.5504	109
228.403083900	30.5797	110
230.278095238	31.9998	111
232.129886621	32.4011	112
234.016507936	31.8029	113
235.868299319	32.4011	114
237.836190476	30.4895	115
239.775056689	30.9459	116
241.674988662	31.5801	117
243.571519274	31.6367	118
245.469750566	31.6084	119
247.379591836	31.4162	120
249.289433106	31.4162	121
251.176054421	31.8029	122
253.076621315	31.5695	123
254.931882086	32.3405	124
256.830113378	31.6084	125
259.070839002	26.777	126
261.323174603	26.639	127
263.325895691	29.9592	128
265.444716553	28.3176	129
267.522448979	28.8776	130
269.612698412	28.7047	131
271.632834467	29.701	132
273.658775510	29.6159	133
276.247800453	23.1747	134
278.424671201	27.5625	135
280.427392290	29.9592	136
282.644897959	27.0574	137
284.966893424	25.8398	138
287.104829931	28.0644	139
289.129070294	29.6407	140
291.184036281	29.1976	141
293.366848072	27.4875	142
295.555192743	27.418	143
297.656077097	28.5594	144
299.920544217	26.4963	145
301.917460317	30.0463	146
303.821496598	31.512	147
305.731337868	31.4162	148
307.763083900	29.5312	149
309.893514739	28.1633	150
311.942675736	29.2803	151
313.980226757	29.4471	152
316.238367346	26.5705	153
318.217868480	30.3107	154
320.313469387	28.6314	155
322.304580498	30.1339	156
324.435011337	28.1633	157
326.507392290	28.9522	158
328.636689342	28.1783	159
330.913378684	26.3541	160
333.130884353	27.0574	161
335.870839002	21.8982	162
338.233469387	25.3954	163
340.230385487	30.0463	164
342.418866213	27.4163	165
344.514603174	28.6295	166
346.737777777	26.9884	167
348.738072562	29.9956	168
351.271473922	23.6836	169
353.359387755	28.7368	170
355.532335600	27.6123	171
357.395736961	32.1992	172
359.537777777	28.0107	173
361.534693877	30.0463	174
363.549024943	29.7866	175
365.487891156	30.9459	176
367.461587301	30.3998	177
369.499138321	29.4471	178
371.472834467	30.3998	179
373.441859410	30.4719	180
375.367981859	31.1507	181
377.347482993	30.3107	182
379.367619047	29.701	183
381.306485260	30.9459	184
383.153696145	32.4814	185
385.079591836	31.1543	186
386.890884353	33.1255	187
388.864580498	30.3998	188
390.669931972	33.2345	189
392.515918367	32.5029	190
394.425759637	31.4162	191
396.173061224	34.3387	192
398.042267573	32.0992	193
399.957913832	31.321	194
402.291519274	25.7113	195
404.236190476	30.8535	196
406.221496598	30.222	197
408.170566893	30.7839	198
410.032426303	32.2258	199
411.800090702	33.9431	200
413.593832199	33.4496	201
415.538503401	30.8535	202
417.622494331	28.7909	203
419.584580498	30.5797	204
421.337687074	34.225	205
423.183673469	32.5029	206
424.954195011	33.8883	207
426.800181405	32.5029	208
428.524263038	34.8011	209
430.271564625	34.3387	210
431.972426303	35.2762	211
433.719727891	34.3387	212
435.398662131	35.737	213
437.138866213	34.4787	214
438.909387755	33.8883	215
440.755374149	32.5029	216
442.514285714	34.112	217
444.284807256	33.8883	218
446.479092970	27.3438	219
448.592108843	28.3954	220
450.525170068	31.0389	221
452.498866213	30.3998	222
454.722176870	26.9868	223
456.800362811	28.8713	224
458.890158730	28.7109	225
460.782585034	31.7053	226
463.134761904	25.5083	227
465.318435374	27.4766	228
467.550589569	26.8799	229
469.692630385	28.0107	230
471.800453514	28.4654	231
473.901859410	28.5523	232
476.247074829	25.584	233
478.553015873	26.0197	234
480.891065759	25.6624	235
483.059002267	27.6761	236
485.372517006	25.9346	237
488.182131519	21.3552	238
491.125260770	20.3865	239
493.691065759	23.3845	240
496.047891156	25.458	241
498.300226757	26.639	242
500.593197278	26.1669	243
503.037097505	24.5509	244
505.341678004	26.0351	245
507.953922902	22.9688	246
510.424943310	24.2815	247
512.638548752	27.1051	248
514.798004535	27.7848	249
517.085170068	26.2333	250
519.378140589	26.1669	251
521.793265306	24.8434	252
524.521360544	21.9934	253
526.773696145	26.639	254
528.979591836	27.1998	255
531.307392290	25.7754	256
533.519092970	27.1284	257
535.526077097	29.8956	258
537.462448979	30.9858	259
539.556281179	28.6556	260
541.866666666	25.9697	261
544.153832199	26.2333	262
546.075283446	31.2264	263
548.072199546	30.0463	264
550.185215419	28.3954	265
552.257596371	28.9522	266
554.289342403	29.5312	267
556.477823129	27.4163	268
558.660498866	27.4892	269
560.657414965	30.0463	270
562.654331065	30.0463	271
564.720907029	29.0335	272
566.694603174	30.3998	273
568.726349206	29.5312	274
570.769705215	29.3635	275
572.946575963	27.5625	276
575.477551020	23.7063	277
577.857596371	25.2096	278
580.603356009	21.8519	279
583.093696145	24.0931	280
586.089070294	20.0309	281
