2.179591836	0	1.1
2.906122448	82.5843	1.2
3.469387755	106.522	1.3
4.065306122	100.685	1.4
4.685714285	96.7105	2.1
5.306122448	96.7105	2.2
5.738775510	138.679	2.3
6.334693877	100.685	2.4
6.889795918	108.088	3.1
7.477551020	102.083	3.2
8.000000000	114.844	3.3
8.587755102	102.083	3.4
9.208163265	96.7105	4.1
9.722448979	116.667	4.2
10.277551020	108.088	4.3
10.906122448	95.4545	4.4
11.469387755	106.522	5.1
12.204081632	81.6667	5.2
12.783673469	103.521	5.3
13.338775510	108.088	5.4
13.967346938	95.4545	6.1
14.546938775	103.521	6.2
15.077551020	113.077	6.3
15.673469387	100.685	6.4
16.269387755	100.685	7.1
16.922448979	91.875	7.2
17.526530612	99.3243	7.3
18.138775510	98	7.4
19.093877551	62.8205	8.1
19.640816326	109.701	8.2
20.253061224	98	8.3
20.914285714	90.7407	8.4
21.436734693	114.844	9.1
22.065306122	95.4545	9.2
22.506122448	136.111	9.3
23.053061224	109.701	9.4
23.600000000	109.701	10.1
24.155102040	108.088	10.2
24.642675736	123.058	10.3
25.184149659	110.809	10.4
25.608163265	141.505	11.1
26.138775510	113.077	11.2
26.595918367	131.25	11.3
27.077551020	124.576	11.4
27.616326530	111.364	12.1
28.122448979	118.548	12.2
28.669387755	109.701	12.3
29.167346938	120.492	12.4
29.567346938	150	13.1
30.097959183	113.077	13.2
30.514285714	144.118	13.3
30.987755102	126.724	13.4
31.453061224	128.947	14.1
31.893877551	136.111	14.2
32.285714285	153.125	14.3
32.791836734	118.548	14.4
33.191836734	150	15.1
33.649841269	131.003	15.2
34.089795918	136.378	15.3
34.563265306	126.724	15.4
35.167346938	99.3243	16.1
35.714285714	109.701	16.2
36.285714285	105	16.3
36.938775510	91.875	16.4
37.714285714	77.3684	17.1
38.710204081	60.2459	17.2
39.202562358	121.862	17.3
39.697959183	121.115	17.4
40.334693877	94.2308	18.1
40.816326530	124.576	18.2
41.265306122	133.636	18.3
41.693832199	140.015	18.4
42.130612244	137.369	19.1
42.587755102	131.25	19.2
43.012244897	141.346	19.3
43.418684807	147.623	19.4
43.836734693	143.524	20.1
44.359183673	114.844	20.2
44.775510204	144.118	20.3
45.200000000	141.346	20.4
45.665306122	128.947	21.1
46.040816326	159.783	21.2
46.481632653	136.111	21.3
46.893106575	145.817	21.4
47.339024943	134.554	22.1
47.836734693	120.552	22.2
48.253061224	144.118	22.3
48.742857142	122.5	22.4
49.191836734	133.636	23.1
49.657142857	128.947	23.2
50.065306122	147	23.3
50.465306122	150	23.4
50.987755102	114.844	24.1
51.551020408	106.522	24.2
51.991836734	136.111	24.3
52.546938775	108.088	24.4
53.044897959	120.492	25.1
53.506621315	129.948	25.2
53.991836734	123.656	25.3
54.400000000	147	25.4
54.963265306	106.522	26.1
55.559183673	100.685	26.2
56.065306122	118.548	26.3
56.555102040	122.5	26.4
57.093877551	111.364	27.1
57.567346938	126.724	27.2
58.024489795	131.25	27.3
58.440816326	144.118	27.4
58.914285714	126.724	28.1
59.444897959	113.077	28.2
59.877551020	138.679	28.3
60.367346938	122.5	28.4
60.906122448	111.364	29.1
61.342312925	137.555	29.2
61.767936507	140.97	29.3
62.194716553	140.588	29.4
62.673401360	125.343	30.1
63.167346938	121.471	30.2
63.587233560	142.896	30.3
64.008163265	142.542	30.4
64.489795918	124.576	31.1
64.971428571	124.576	31.2
65.372494331	149.601	31.3
65.811882086	136.554	31.4
66.359183673	109.629	32.1
66.914285714	108.088	32.2
67.477551020	106.522	32.3
67.955918367	125.427	32.4
68.400317460	135.014	33.1
68.928140589	113.674	33.2
69.526530612	100.269	33.3
70.171428571	93.038	33.4
70.840816326	89.6341	34.1
71.379909297	111.298	34.2
71.844897959	129.035	34.3
72.304285714	130.609	34.4
72.840816326	111.83	35.1
73.344807256	119.05	35.2
73.853061224	118.051	35.3
74.342857142	122.5	35.4
74.808163265	128.947	36.1
75.395918367	102.083	36.2
75.853061224	131.25	36.3
76.351020408	120.492	36.4
76.889795918	111.364	37.1
77.420408163	113.077	37.2
77.926530612	118.548	37.3
78.432653061	118.548	37.4
78.963265306	113.077	38.1
79.502040816	111.364	38.2
80.000000000	120.492	38.3
80.481632653	124.576	38.4
81.004081632	114.844	39.1
81.510204081	118.548	39.2
82.024489795	116.667	39.3
82.530612244	118.548	39.4
83.093877551	106.522	40.1
83.600000000	118.548	40.2
84.097959183	120.492	40.3
84.604081632	118.548	40.4
85.281632653	88.5542	41.1
85.853061224	105	41.2
86.415079365	106.758	41.3
87.053061224	94.0466	41.4
87.771428571	83.5227	42.1
88.409727891	93.9998	42.2
88.873469387	129.382	42.3
89.306122448	138.679	42.4
89.787755102	124.576	43.1
90.302040816	116.667	43.2
90.734693877	138.679	43.3
91.183673469	133.636	43.4
91.665306122	124.576	44.1
92.155102040	122.5	44.2
92.530612244	159.783	44.3
92.963265306	138.679	44.4
93.444897959	124.576	45.1
93.918367346	126.724	45.2
94.302040816	156.383	45.3
94.734693877	138.679	45.4
95.224489795	122.5	46.1
95.730612244	118.548	46.2
96.163265306	138.679	46.3
96.522448979	167.045	46.4
96.914285714	153.125	47.1
97.355102040	136.111	47.2
97.779591836	141.346	47.3
98.138775510	167.045	47.4
98.540861678	149.222	48.1
99.004081632	129.528	48.2
99.428571428	141.346	48.3
99.787755102	167.045	48.4
100.187755102	150	49.1
100.604081632	144.118	49.2
100.955102040	170.93	49.3
101.366598639	145.809	49.4
101.816054421	133.495	50.1
102.285714285	127.752	50.2
102.653061224	163.333	50.3
103.028571428	159.783	50.4
103.421904761	152.542	51.1
103.844897959	141.846	51.2
104.220408163	159.783	51.3
104.587755102	163.333	51.4
104.979591836	153.125	52.1
105.428571428	133.636	52.2
105.763265306	179.268	52.3
106.111315192	172.389	52.4
106.497959183	155.182	53.1
106.922448979	141.346	53.2
107.306984126	156.033	53.3
107.681632653	160.15	53.4
108.155102040	126.724	54.1
108.604081632	133.636	54.2
108.987755102	156.383	54.3
109.371428571	156.383	54.4
109.804081632	138.679	55.1
110.236734693	138.679	55.2
110.653061224	144.118	55.3
111.028571428	159.783	55.4
111.438435374	146.39	56.1
111.836734693	150.64	56.2
112.293877551	131.25	56.3
112.702040816	147	56.4
113.142857142	136.111	57.1
113.616326530	126.724	57.2
114.106122448	122.5	57.3
114.726530612	96.7105	57.4
115.444897959	83.5227	58.1
116.024489795	103.521	58.2
116.489795918	128.947	58.3
116.955102040	128.947	58.4
117.387755102	138.679	59.1
117.795918367	147	59.2
118.228571428	138.679	59.3
118.604081632	159.783	59.4
119.036485260	138.759	60.1
119.467052154	139.351	60.2
119.893877551	140.573	60.3
120.318367346	141.346	60.4
120.710204081	153.125	61.1
121.159183673	133.636	61.2
121.591836734	138.679	61.3
122.081632653	122.5	61.4
122.530612244	133.636	62.1
122.946938775	144.118	62.2
123.387755102	136.111	62.3
123.804081632	144.118	62.4
124.253061224	133.636	63.1
124.685714285	138.679	63.2
125.200000000	116.667	63.3
125.714285714	116.667	63.4
126.128526077	144.843	64.1
126.563265306	138.014	64.2
126.995918367	138.679	64.3
127.420045351	141.467	64.4
127.828571428	146.869	65.1
128.254149659	140.985	65.2
128.718367346	129.25	65.3
129.273469387	108.088	65.4
129.959183673	87.5	66.1
130.481632653	114.844	66.2
131.020408163	111.364	66.3
131.559183673	111.364	66.4
132.048979591	122.5	67.1
132.497959183	133.636	67.2
132.995918367	120.492	67.3
133.457482993	129.993	67.4
134.000000000	110.596	68.1
134.457142857	131.25	68.2
134.889795918	138.679	68.3
135.387755102	120.492	68.4
135.861224489	126.724	69.1
136.342857142	124.576	69.2
136.791836734	133.636	69.3
137.289795918	120.492	69.4
137.795918367	118.548	70.1
138.277551020	124.576	70.2
138.759183673	124.576	70.3
139.216326530	131.25	70.4
139.763265306	109.701	71.1
140.261224489	120.492	71.2
140.775510204	116.667	71.3
141.330612244	108.088	71.4
141.893877551	106.522	72.1
142.530612244	94.2308	72.2
143.036734693	118.548	72.3
143.551020408	116.667	72.4
144.057142857	118.548	73.1
144.742857142	87.5	73.2
145.183673469	136.111	73.3
145.689795918	118.548	73.4
146.179591836	122.5	74.1
146.726530612	109.701	74.2
147.216326530	122.5	74.3
147.730612244	116.667	74.4
148.236734693	118.548	75.1
148.791836734	108.088	75.2
149.257142857	128.947	75.3
149.795918367	111.364	75.4
150.342857142	109.701	76.1
150.946938775	99.3243	76.2
151.567346938	96.7105	76.3
152.236734693	89.6341	76.4
152.873469387	94.2308	77.1
153.603310657	82.2097	77.2
154.253061224	92.3431	77.3
154.914285714	90.7407	77.4
155.510204081	100.685	78.1
156.073469387	106.522	78.2
156.612244897	111.364	78.3
157.167346938	108.088	78.4
157.681632653	116.667	79.1
158.236734693	108.088	79.2
158.791836734	108.088	79.3
159.306122448	116.667	79.4
159.820408163	116.667	80.1
160.359183673	111.364	80.2
160.869659863	117.537	80.3
161.428571428	107.352	80.4
161.983673469	108.088	81.1
162.506122448	114.844	81.2
163.061224489	108.088	81.3
163.559183673	120.492	81.4
164.122448979	106.522	82.1
164.693877551	105	82.2
165.240816326	109.701	82.3
165.797845804	107.714	82.4
166.355963718	107.504	83.1
166.930612244	104.412	83.2
167.412244897	124.576	83.3
167.934693877	114.844	83.4
168.407573696	126.882	84.1
168.922448979	116.533	84.2
169.400022675	125.635	84.3
169.910204081	117.605	84.4
170.465306122	108.088	85.1
170.979591836	116.667	85.2
171.483038548	119.178	85.3
172.016326530	112.51	85.4
172.522448979	118.548	86.1
173.028571428	118.548	86.2
173.534693877	118.548	86.3
174.040816326	118.548	86.4
174.604081632	106.522	87.1
175.175510204	105	87.2
175.755102040	103.521	87.3
176.359183673	99.3243	87.4
176.996825396	94.0967	88.1
177.591836734	100.838	88.2
178.171428571	103.521	88.3
178.824489795	91.875	88.4
179.502040816	88.5542	89.1
180.073469387	105	89.2
180.669387755	100.685	89.3
181.281632653	98	89.4
181.918367346	94.2308	90.1
182.604081632	87.5	90.2
183.363265306	79.0323	90.3
184.228571428	69.3396	90.4
185.142857142	65.625	1.1
185.910204081	78.1915	1.2
186.382653061	126.998	1.3
186.987755102	99.1568	1.4
187.673469387	87.5	2.1
188.367346938	86.4706	2.2
188.816326530	133.636	2.3
189.502040816	87.5	2.4
190.024489795	114.844	3.1
190.620408163	100.685	3.2
191.135691609	116.441	3.3
191.771428571	94.3787	3.4
192.328390022	107.727	4.1
192.971428571	93.307	4.2
193.484716553	116.893	4.3
194.181020408	86.1693	4.4
194.726916099	109.911	5.1
195.567346938	71.392	5.2
196.220408163	91.875	5.3
196.759183673	111.364	5.4
197.355102040	100.685	6.1
197.959183673	99.3243	6.2
198.504784580	109.97	6.3
199.104557823	100.038	6.4
199.787755102	87.8224	7.1
200.448979591	90.7407	7.2
201.040136054	101.496	7.3
201.706122448	90.0919	7.4
202.653061224	63.3621	8.1
203.346938775	86.4706	8.2
203.959183673	98	8.3
204.677551020	83.5227	8.4
205.257142857	103.521	9.1
205.861224489	99.3243	9.2
206.326530612	128.947	9.3
206.816326530	122.5	9.4
207.461224489	93.038	10.1
208.016326530	108.088	10.2
208.522448979	118.548	10.3
209.044897959	114.844	10.4
209.583673469	111.364	11.1
210.146938775	106.522	11.2
210.660975056	116.723	11.3
211.208163265	109.651	11.4
211.787755102	103.521	12.1
212.293877551	118.548	12.2
212.858072562	106.346	12.3
213.355102040	120.717	12.4
213.755102040	150	13.1
214.277551020	114.844	13.2
214.718367346	136.111	13.3
215.232653061	116.667	13.4
215.663424036	139.285	14.1
216.155102040	122.031	14.2
216.587755102	138.679	14.3
217.110204081	114.844	14.4
217.534693877	141.346	15.1
218.024489795	122.5	15.2
218.457142857	138.679	15.3
218.946938775	122.5	15.4
219.591133786	93.1395	16.1
220.155102040	106.389	16.2
220.703514739	109.407	16.3
221.412244897	84.6585	16.4
222.187755102	77.3684	17.1
223.266485260	55.621	17.2
223.789410430	114.739	17.3
224.228571428	136.624	17.4
224.832653061	99.3243	18.1
225.338775510	118.548	18.2
225.779591836	136.111	18.3
226.222199546	135.56	18.4
226.677551020	131.766	19.1
227.142857142	128.947	19.2
227.551020408	147	19.3
227.942857142	153.125	19.4
228.375510204	138.679	20.1
228.881632653	118.548	20.2
229.355102040	126.724	20.3
229.820408163	128.947	20.4
230.277551020	131.25	21.1
230.688208616	146.107	21.2
231.151020408	129.642	21.3
231.591836734	136.111	21.4
232.057142857	128.947	22.1
232.563265306	118.548	22.2
232.979591836	144.118	22.3
233.477551020	120.492	22.4
233.975510204	120.492	23.1
234.424489795	133.636	23.2
234.873469387	133.636	23.3
235.330612244	131.25	23.4
235.853061224	114.844	24.1
236.432653061	103.521	24.2
236.881632653	133.636	24.3
237.419501133	111.551	24.4
237.893877551	126.482	25.1
238.400000000	118.548	25.2
238.848979591	133.636	25.3
239.265306122	144.118	25.4
239.752176870	123.236	26.1
240.342857142	101.578	26.2
240.816326530	126.724	26.3
241.346938775	113.077	26.4
241.820408163	126.724	27.1
242.318367346	120.492	27.2
242.751972789	138.375	27.3
243.216326530	129.212	27.4
243.685056689	128.005	28.1
244.293877551	98.5512	28.2
244.710204081	144.118	28.3
245.185079365	126.349	28.4
245.714285714	113.377	29.1
246.163265306	133.636	29.2
246.595918367	138.679	29.3
247.047256235	132.938	29.4
247.559977324	117.023	30.1
248.024489795	129.168	30.2
248.424489795	150	30.3
248.857142857	138.679	30.4
249.330612244	126.724	31.1
249.836734693	118.548	31.2
250.264399092	140.297	31.3
250.742857142	125.403	31.4
251.265306122	114.844	32.1
251.706122448	136.111	32.2
252.424489795	83.5227	32.3
252.922448979	120.492	32.4
253.395918367	126.724	33.1
254.032018140	94.3248	33.2
254.587755102	107.965	33.3
255.240816326	91.875	33.4
255.885714285	93.038	34.1
256.497959183	98	34.2
256.979591836	124.576	34.3
257.444897959	128.947	34.4
258.000000000	108.088	35.1
258.530612244	113.077	35.2
259.004081632	126.724	35.3
259.559183673	108.088	35.4
260.073469387	116.667	36.1
260.620408163	109.701	36.2
261.118367346	120.492	36.3
261.624489795	118.548	36.4
262.204081632	103.521	37.1
262.759183673	108.088	37.2
263.257142857	120.492	37.3
263.812244897	108.088	37.4
264.334693877	114.844	38.1
264.881632653	109.701	38.2
265.388684807	118.331	38.3
265.893877551	118.767	38.4
266.448979591	108.088	39.1
266.979591836	113.077	39.2
267.526530612	109.701	39.3
268.032653061	118.548	39.4
268.636734693	99.3243	40.1
269.151020408	116.667	40.2
269.665306122	116.667	40.3
270.179591836	116.667	40.4
270.897959183	83.5227	41.1
271.479523809	103.17	41.2
272.055328798	104.202	41.3
272.677551020	96.4286	41.4
273.453061224	77.3684	42.1
274.016326530	106.522	42.2
274.489795918	126.724	42.3
274.881088435	153.338	42.4
275.371428571	122.364	43.1
275.926530612	108.088	43.2
276.334693877	147	43.3
276.793219954	130.854	43.4
277.306122448	116.981	44.1
277.758390022	132.665	44.2
278.181451247	141.823	44.3
278.571428571	153.855	44.4
279.028571428	131.25	45.1
279.526530612	120.492	45.2
279.893877551	163.333	45.3
280.342857142	133.636	45.4
280.824489795	124.576	46.1
281.273469387	133.636	46.2
281.722448979	133.636	46.3
282.081632653	167.045	46.4
282.492176870	146.147	47.1
282.938775510	134.349	47.2
283.363265306	141.346	47.3
283.746938775	156.383	47.4
284.187755102	136.111	48.1
284.620408163	138.679	48.2
285.020408163	150	48.3
285.404081632	156.383	48.4
285.828571428	141.346	49.1
286.269387755	136.111	49.2
286.644897959	159.783	49.3
287.012244897	163.333	49.4
287.436734693	141.346	50.1
287.926530612	122.5	50.2
288.318367346	153.125	50.3
288.702040816	156.383	50.4
289.093877551	153.125	51.1
289.518367346	141.346	51.2
289.885714285	163.333	51.3
290.220408163	179.268	51.4
290.612244897	153.125	52.1
291.053061224	136.111	52.2
291.412244897	167.045	52.3
291.779591836	163.333	52.4
292.171428571	153.125	53.1
292.595918367	141.346	53.2
292.971428571	159.783	53.3
293.358752834	154.909	53.4
293.844897959	123.42	54.1
294.228571428	156.383	54.2
294.626689342	150.709	54.3
295.053061224	140.722	54.4
295.444897959	153.125	55.1
295.902040816	131.25	55.2
296.285714285	156.383	55.3
296.710204081	141.346	55.4
297.077551020	163.333	56.1
297.490589569	145.265	56.2
297.910204081	142.988	56.3
298.352086167	135.783	56.4
298.775510204	141.702	57.1
299.281632653	118.548	57.2
299.748843537	128.422	57.3
300.359183673	98.3058	57.4
301.093877551	81.6667	58.1
301.714285714	96.7105	58.2
302.179591836	128.947	58.3
302.604081632	141.346	58.4
303.037845804	138.324	59.1
303.444897959	147.401	59.2
303.828571428	156.383	59.3
304.220408163	153.125	59.4
304.644897959	141.346	60.1
305.085714285	136.111	60.2
305.502040816	144.118	60.3
305.942857142	136.111	60.4
306.347460317	148.293	61.1
306.751020408	148.677	61.2
307.189546485	136.822	61.3
307.657142857	128.316	61.4
308.093424036	137.526	62.1
308.497959183	148.318	62.2
308.955102040	131.25	62.3
309.371428571	144.118	62.4
309.828571428	131.25	63.1
310.228571428	150	63.2
310.734693877	118.548	63.3
311.218321995	124.062	63.4
311.632653061	144.812	64.1
312.074331065	135.846	64.2
312.485895691	145.785	64.3
312.889795918	148.552	64.4
313.289795918	150	65.1
313.743514739	132.24	65.2
314.138775510	151.799	65.3
314.628571428	122.5	65.4
315.232653061	99.3243	66.1
315.771428571	111.364	66.2
316.367346938	100.685	66.3
316.873310657	118.586	66.4
317.420408163	109.67	67.1
317.885714285	128.947	67.2
318.383673469	120.492	67.3
318.897959183	116.667	67.4
319.510204081	98	68.1
319.975510204	128.947	68.2
320.457142857	124.576	68.3
320.946938775	122.5	68.4
321.428571428	124.576	69.1
321.918367346	122.5	69.2
322.375510204	131.25	69.3
322.848979591	126.724	69.4
323.371428571	114.844	70.1
323.853061224	124.576	70.2
324.334693877	124.576	70.3
324.782131519	134.097	70.4
325.404081632	96.4708	71.1
325.902040816	120.492	71.2
326.424489795	114.844	71.3
327.044897959	96.7105	71.4
327.632653061	102.083	72.1
328.179591836	109.701	72.2
328.685714285	118.548	72.3
329.188684807	119.291	72.4
329.755102040	105.929	73.1
330.310204081	108.088	73.2
330.865306122	108.088	73.3
331.379591836	116.667	73.4
331.910204081	113.077	74.1
332.416326530	118.548	74.2
332.946938775	113.077	74.3
333.436734693	122.5	74.4
333.991836734	108.088	75.1
334.538775510	109.701	75.2
335.142857142	99.3243	75.3
335.738775510	100.685	75.4
336.302040816	106.522	76.1
337.025419501	82.9441	76.2
337.665306122	93.7666	76.3
338.302040816	94.2308	76.4
338.971428571	89.6341	77.1
339.763265306	75.7732	77.2
340.506122448	80.7692	77.3
341.257142857	79.8913	77.4
341.951020408	86.4706	78.1
342.530612244	103.521	78.2
343.118367346	102.083	78.3
343.804081632	87.5	78.4
344.424489795	96.7105	79.1
344.995918367	105	79.2
345.534693877	111.364	79.3
346.073469387	111.364	79.4
346.644897959	105	80.1
347.191836734	109.701	80.2
347.722448979	113.077	80.3
348.269387755	109.701	80.4
348.857142857	102.083	81.1
349.379591836	114.844	81.2
349.934693877	108.088	81.3
350.473469387	111.364	81.4
351.036734693	106.522	82.1
351.665306122	95.4545	82.2
352.253061224	102.083	82.3
352.814240362	106.918	82.4
353.412244897	100.334	83.1
354.000000000	102.083	83.2
354.514285714	116.667	83.3
355.046802721	112.672	83.4
355.541473922	121.293	84.1
356.048979591	118.225	84.2
356.595918367	109.701	84.3
357.093877551	120.492	84.4
357.608163265	116.667	85.1
358.171428571	106.522	85.2
358.695328798	114.526	85.3
359.265306122	105.267	85.4
359.746938775	124.576	86.1
360.236734693	122.5	86.2
360.751020408	116.667	86.3
361.237913832	123.23	86.4
361.828571428	101.582	87.1
362.400000000	105	87.2
362.971428571	105	87.3
363.583673469	98	87.4
364.155102040	105	88.1
364.832653061	88.5542	88.2
365.387755102	108.088	88.3
365.983673469	100.685	88.4
366.555102040	105	89.1
367.191836734	94.2308	89.2
367.738775510	109.701	89.3
368.334693877	100.685	89.4
368.922448979	102.083	90.1
369.583673469	90.7407	90.2
370.244897959	90.7407	90.3
370.861632653	97.2866	90.4
371.551020408	87.0337	91.1
372.089795918	111.364	91.2
372.579591836	122.5	91.3
373.056938775	125.695	91.4
373.570997732	116.718	92.1
374.063265306	121.885	92.2
374.563265306	120	92.3
375.020408163	131.25	92.4
375.510317460	122.472	93.1
376.048979591	111.387	93.2
376.522448979	126.724	93.3
376.995918367	126.724	93.4
377.583673469	102.083	94.1
378.057142857	126.724	94.2
378.563265306	118.548	94.3
379.044897959	124.576	94.4
379.526530612	124.576	95.1
380.040816326	116.667	95.2
380.502539682	129.948	95.3
380.987755102	123.656	95.4
381.518367346	113.077	96.1
382.024489795	118.548	96.2
382.530612244	118.548	96.3
383.077551020	109.701	96.4
383.632653061	108.088	97.1
384.220408163	102.083	97.2
384.682312925	129.897	97.3
385.175510204	121.655	97.4
385.697959183	114.844	98.1
386.204081632	118.548	98.2
386.734693877	113.077	98.3
387.183673469	133.636	98.4
387.624489795	136.111	99.1
388.155102040	113.077	99.2
388.628458049	126.754	99.3
389.110204081	124.547	99.4
389.600000000	122.5	100.1
390.041337868	135.95	100.2
390.555102040	116.785	100.3
391.093877551	111.364	100.4
391.648979591	108.088	101.1
392.155102040	118.548	101.2
392.644897959	122.5	101.3
393.142857142	120.492	101.4
393.644807256	119.534	102.1
394.114444444	127.758	102.2
394.783673469	89.6554	102.3
395.355102040	105	102.4
395.975510204	96.7105	103.1
396.497959183	114.844	103.2
396.963265306	128.947	103.3
397.417233560	132.168	103.4
397.942857142	114.15	104.1
398.571428571	95.4545	104.2
398.998435374	140.513	104.3
399.485714285	123.133	104.4
399.996984126	117.355	105.1
400.555102040	107.504	105.2
401.077551020	114.844	105.3
401.567346938	122.5	105.4
402.146938775	103.521	106.1
402.712040816	106.176	106.2
403.257142857	110.071	106.3
403.853061224	100.685	106.4
404.432653061	103.521	107.1
404.963265306	113.077	107.2
405.469387755	118.548	107.3
406.000000000	113.077	107.4
406.506122448	118.548	108.1
407.093877551	102.083	108.2
407.559183673	128.947	108.3
408.106122448	109.701	108.4
408.653061224	109.701	109.1
409.167346938	116.667	109.2
409.730612244	106.522	109.3
410.293877551	106.522	109.4
410.791836734	120.492	110.1
411.355102040	106.522	110.2
411.893877551	111.364	110.3
412.506122448	98	110.4
413.028571428	114.844	111.1
413.539342403	117.469	111.2
413.983673469	135.034	111.3
414.432653061	133.636	111.4
414.889795918	131.25	112.1
415.404081632	116.667	112.2
415.877551020	126.724	112.3
416.342857142	128.947	112.4
416.865306122	114.844	113.1
417.330612244	128.947	113.2
417.746938775	144.118	113.3
418.187755102	136.111	113.4
418.669387755	124.576	114.1
419.151020408	124.576	114.2
419.583673469	138.679	114.3
420.016326530	138.679	114.4
420.473469387	131.25	115.1
420.938775510	128.947	115.2
421.379591836	136.111	115.3
421.804081632	141.346	115.4
422.285714285	124.576	116.1
422.767346938	124.576	116.2
423.183673469	144.118	116.3
423.624489795	136.111	116.4
424.071746031	134.151	117.1
424.522448979	133.125	117.2
424.955102040	138.679	117.3
425.395918367	136.111	117.4
425.861224489	128.947	118.1
426.326530612	128.947	118.2
426.808163265	124.576	118.3
427.265306122	131.25	118.4
427.732766439	128.353	119.1
428.187755102	131.871	119.2
428.677551020	122.5	119.3
429.102040816	141.346	119.4
429.583673469	124.576	120.1
430.026167800	135.595	120.2
430.497959183	127.175	120.3
430.930612244	138.679	120.4
431.404081632	126.724	121.1
431.844897959	136.111	121.2
432.310204081	128.947	121.3
432.783673469	126.724	121.4
433.265306122	124.576	122.1
433.687823129	142.006	122.2
434.179591836	122.009	122.3
434.620408163	136.111	122.4
435.118367346	120.492	123.1
435.575510204	131.25	123.2
436.032653061	131.25	123.3
436.473469387	136.111	123.4
436.987755102	116.667	124.1
437.399750566	145.633	124.2
437.836734693	137.305	124.3
438.278390022	135.853	124.4
438.738140589	130.506	125.1
439.257142857	115.606	125.2
439.763265306	118.548	125.3
440.342857142	103.521	125.4
440.963265306	96.7105	126.1
441.722448979	79.0323	126.2
442.318367346	100.685	126.3
442.824489795	118.548	126.4
443.279342403	131.911	127.1
443.795918367	116.149	127.2
444.244897959	133.636	127.3
444.669387755	141.346	127.4
445.134693877	128.947	128.1
445.567346938	138.679	128.2
446.032653061	128.947	128.3
446.433287981	149.762	128.4
446.922448979	122.659	129.1
447.357482993	137.92	129.2
447.853061224	121.071	129.3
448.295827664	135.512	129.4
448.751020408	131.812	130.1
449.214761904	129.382	130.2
449.631632653	143.93	130.3
450.081632653	133.333	130.4
450.538775510	131.25	131.1
450.971428571	138.679	131.2
451.413968253	135.581	131.3
451.828571428	144.717	131.4
452.252403628	141.565	132.1
452.734693877	124.406	132.2
453.159183673	141.346	132.3
453.583673469	141.346	132.4
454.073469387	122.5	133.1
454.506122448	138.679	133.2
455.020408163	116.667	133.3
455.595986394	104.243	133.4
456.285714285	86.9908	134.1
456.995918367	84.4828	134.2
457.534693877	111.364	134.3
458.008163265	126.724	134.4
458.493378684	123.656	135.1
459.012244897	115.637	135.2
459.470861678	130.828	135.3
459.893877551	141.839	135.4
460.334693877	136.111	136.1
460.786485260	132.805	136.2
461.225873015	136.554	136.3
461.705442176	125.112	136.4
462.204081632	120.327	137.1
462.718367346	116.667	137.2
463.224489795	118.548	137.3
463.771428571	109.701	137.4
464.359183673	102.083	138.1
464.881632653	114.844	138.2
465.395918367	116.667	138.3
465.836734693	136.111	138.4
466.269387755	138.679	139.1
466.767346938	120.492	139.2
467.224489795	131.25	139.3
467.657142857	138.679	139.4
468.114285714	131.25	140.1
468.546938775	138.679	140.2
469.028571428	124.576	140.3
469.534693877	118.548	140.4
470.073469387	111.364	141.1
470.546938775	126.724	141.2
471.044897959	120.492	141.3
471.485714285	136.111	141.4
471.926530612	136.111	142.1
472.375510204	133.636	142.2
472.873469387	120.492	142.3
473.346938775	126.724	142.4
473.820408163	126.724	143.1
474.307913832	123.075	143.2
474.726530612	143.329	143.3
475.151020408	141.346	143.4
475.656326530	118.74	144.1
476.097959183	135.86	144.2
476.555102040	131.25	144.3
477.004081632	133.636	144.4
477.469387755	128.947	145.1
477.991836734	114.844	145.2
478.465306122	126.724	145.3
478.978775510	116.852	145.4
479.436734693	131.016	146.1
479.926530612	122.5	146.2
480.416326530	122.5	146.3
480.889795918	126.724	146.4
481.346938775	131.25	147.1
481.804081632	131.25	147.2
482.342857142	111.364	147.3
482.783673469	136.111	147.4
483.265306122	124.576	148.1
483.704716553	136.547	148.2
484.138775510	138.23	148.3
484.612244897	126.724	148.4
485.110204081	120.492	149.1
485.632653061	114.844	149.2
486.097959183	128.947	149.3
486.457142857	167.045	149.4
486.914285714	131.25	150.1
487.379591836	128.947	150.2
487.854693877	126.289	150.3
488.326530612	127.163	150.4
488.800000000	126.724	151.1
489.257142857	131.25	151.2
489.779591836	114.844	151.3
490.244897959	128.947	151.4
490.742857142	120.492	152.1
491.224489795	124.576	152.2
491.706122448	124.576	152.3
492.293877551	102.083	152.4
493.004081632	84.4828	153.1
493.559183673	108.088	153.2
494.024489795	128.947	153.3
494.448979591	141.346	153.4
494.930612244	124.576	154.1
495.386190476	131.701	154.2
495.885714285	120.114	154.3
496.391836734	118.548	154.4
496.963265306	105	155.1
497.420408163	131.25	155.2
497.893877551	126.724	155.3
498.359183673	128.947	155.4
498.857142857	120.492	156.1
499.355102040	120.492	156.2
499.861224489	118.548	156.3
500.383673469	114.844	156.4
500.898435374	116.559	157.1
501.428571428	113.178	157.2
501.951020408	114.844	157.3
502.457142857	118.548	157.4
503.028571428	105	158.1
503.567346938	111.364	158.2
504.081632653	116.667	158.3
504.595918367	116.667	158.4
505.143469387	109.579	159.1
505.700226757	107.767	159.2
506.326530612	95.8001	159.3
507.012244897	87.5	159.4
507.559183673	109.701	160.1
508.081632653	114.844	160.2
508.628571428	109.701	160.3
509.093877551	128.947	160.4
509.624489795	113.077	161.1
510.203832199	103.566	161.2
510.955102040	79.8648	161.3
512.032653061	55.6818	161.4
513.004081632	61.7647	162.1
513.722448979	83.5227	162.2
514.269387755	109.701	162.3
514.740476190	127.365	162.4
515.371428571	95.0943	163.1
515.902040816	113.077	163.2
516.416326530	116.667	163.3
516.946938775	113.077	163.4
517.502040816	108.088	164.1
518.097959183	100.685	164.2
518.595918367	120.492	164.3
519.118367346	114.844	164.4
519.697959183	103.521	165.1
520.228571428	113.077	165.2
520.751020408	114.844	165.3
521.297959183	109.701	165.4
521.910204081	98	166.1
522.546938775	94.2308	166.2
523.085714285	111.364	166.3
523.616530612	113.033	166.4
524.171428571	108.128	167.1
524.753877551	103.013	167.2
525.265306122	117.318	167.3
525.828571428	106.522	167.4
526.514285714	87.5	168.1
527.151020408	94.2308	168.2
527.722448979	105	168.3
528.293877551	105	168.4
529.102040816	74.2424	169.1
529.648979591	109.701	169.2
530.179591836	113.077	169.3
530.751020408	105	169.4
531.363265306	98	170.1
531.853061224	122.5	170.2
532.326530612	126.724	170.3
532.821678004	121.176	170.4
533.412244897	101.597	171.1
533.828571428	144.118	171.2
534.294331065	128.822	171.3
534.783673469	122.614	171.4
535.240816326	131.25	172.1
535.779591836	111.364	172.2
536.253061224	126.724	172.3
536.710204081	131.25	172.4
537.306122448	100.685	173.1
537.804081632	120.492	173.2
538.269523809	128.91	173.3
538.742857142	126.761	173.4
539.175510204	138.679	174.1
539.657142857	124.576	174.2
540.122448979	128.947	174.3
540.579591836	131.25	174.4
541.012244897	138.679	175.1
541.466507936	132.082	175.2
541.885714285	143.128	175.3
542.302040816	144.118	175.4
542.775510204	126.724	176.1
543.227936507	132.618	176.2
543.651224489	141.747	176.3
544.114285714	129.572	176.4
544.783673469	89.6341	177.1
545.289795918	118.548	177.2
545.779591836	122.5	177.3
546.318367346	111.364	177.4
546.995918367	88.5542	178.1
547.681632653	87.5	178.2
548.269387755	102.083	178.3
548.742857142	126.724	178.4
549.191836734	133.636	179.1
549.714285714	114.844	179.2
550.138775510	141.346	179.3
550.506122448	163.333	179.4
550.946938775	136.111	180.1
551.363265306	144.118	180.2
551.779591836	144.118	180.3
552.179591836	150	180.4
552.620408163	136.111	181.1
553.069387755	133.636	181.2
553.502040816	138.679	181.3
553.926530612	141.346	181.4
554.424489795	120.492	182.1
554.809047619	156.023	182.2
555.200000000	153.471	182.3
555.608163265	147	182.4
556.057142857	133.636	183.1
556.526780045	127.758	183.2
556.935895691	146.658	183.3
557.419433106	124.086	183.4
557.804081632	155.987	184.1
558.261950113	131.042	184.2
558.677551020	144.369	184.3
559.102040816	141.346	184.4
559.591836734	122.5	185.1
560.084603174	121.762	185.2
560.505034013	142.711	185.3
560.993673469	122.79	185.4
561.485714285	121.941	186.1
561.926530612	136.111	186.2
562.391836734	128.947	186.3
562.816326530	141.346	186.4
563.249591836	138.483	187.1
563.844897959	100.788	187.2
564.293877551	133.636	187.3
564.759183673	128.947	187.4
565.265306122	118.548	188.1
565.692766439	140.364	188.2
566.114285714	142.342	188.3
566.538775510	141.346	188.4
567.036734693	120.492	189.1
567.551020408	116.667	189.2
567.991836734	136.111	189.3
568.432653061	136.111	189.4
568.930612244	120.492	190.1
569.412244897	124.576	190.2
569.820408163	147	190.3
570.220408163	150	190.4
570.669387755	133.636	191.1
571.142857142	126.724	191.2
571.545782312	148.911	191.3
571.967346938	142.327	191.4
572.391836734	141.346	192.1
572.857142857	128.947	192.2
573.266099773	146.715	192.3
573.706122448	136.357	192.4
574.187755102	124.576	193.1
574.746349206	107.413	193.2
575.224489795	125.486	193.3
575.666122448	135.86	193.4
576.073469387	147.295	194.1
576.652380952	103.643	194.2
577.183673469	112.932	194.3
577.853061224	89.6341	194.4
578.497959183	93.038	195.1
579.134693877	94.2308	195.2
579.591836734	131.25	195.3
580.040816326	133.636	195.4
580.533877551	121.689	196.1
581.004081632	127.604	196.2
581.461224489	131.25	196.3
581.942857142	124.576	196.4
582.408163265	128.947	197.1
582.889795918	124.576	197.2
583.363265306	126.724	197.3
583.828571428	128.947	197.4
584.367346938	111.364	198.1
584.922448979	108.088	198.2
585.371428571	133.636	198.3
585.861224489	122.5	198.4
586.383673469	114.844	199.1
586.865306122	124.576	199.2
587.355102040	122.5	199.3
587.828571428	126.724	199.4
588.351020408	114.844	200.1
588.865306122	116.667	200.2
589.330612244	128.947	200.3
589.804081632	126.724	200.4
590.361315192	107.675	201.1
590.881632653	115.314	201.2
591.346938775	128.947	201.3
591.869387755	114.844	201.4
592.457142857	102.083	202.1
593.045532879	101.973	202.2
593.600000000	108.212	202.3
594.179591836	103.521	202.4
594.881632653	85.4651	203.1
595.420408163	111.364	203.2
595.885714285	128.947	203.3
596.334693877	133.636	203.4
596.832653061	120.492	204.1
597.314285714	124.576	204.2
597.746938775	138.679	204.3
598.179591836	138.679	204.4
598.625532879	134.547	205.1
599.053061224	140.342	205.2
599.477551020	141.346	205.3
599.877551020	150	205.4
600.310204081	138.679	206.1
600.800000000	122.5	206.2
601.175510204	159.783	206.3
601.603537414	140.178	206.4
602.048979591	134.698	207.1
602.522448979	126.724	207.2
602.946938775	141.346	207.3
603.314285714	163.333	207.4
603.706122448	153.125	208.1
604.163265306	131.25	208.2
604.595918367	138.679	208.3
604.955102040	167.045	208.4
605.332448979	159.005	209.1
605.787755102	131.779	209.2
606.204081632	144.118	209.3
606.594535147	153.667	209.4
607.020408163	140.887	210.1
607.419909297	150.187	210.2
607.819319727	150.221	210.3
608.204081632	155.941	210.4
608.661224489	131.25	211.1
609.134693877	126.724	211.2
609.534693877	150	211.3
609.918367346	156.383	211.4
610.293877551	159.783	212.1
610.717074829	141.778	212.2
611.093877551	159.235	212.3
611.453061224	167.045	212.4
611.885714285	138.679	213.1
612.334693877	133.636	213.2
612.718367346	156.383	213.3
613.077551020	167.045	213.4
613.477551020	150	214.1
613.893877551	144.118	214.2
614.310204081	144.118	214.3
614.685714285	159.783	214.4
615.151020408	128.947	215.1
615.631133786	124.97	215.2
616.042494331	145.857	215.3
616.440816326	150.632	215.4
616.832653061	153.125	216.1
617.240816326	147	216.2
617.657142857	144.118	216.3
618.087800453	139.322	216.4
618.514285714	140.685	217.1
618.889795918	159.783	217.2
619.338775510	133.636	217.3
619.779591836	136.111	217.4
620.220408163	136.111	218.1
620.726530612	118.548	218.2
621.248979591	114.844	218.3
621.877551020	95.4545	218.4
622.644897959	78.1915	219.1
623.281632653	94.2308	219.2
623.713854875	138.817	219.3
624.195918367	124.465	219.4
624.636734693	136.111	220.1
625.069387755	138.679	220.2
625.502040816	138.679	220.3
625.902040816	150	220.4
626.285714285	156.383	221.1
626.702040816	144.118	221.2
627.158185941	131.537	221.3
627.582108843	141.535	221.4
627.991836734	146.439	222.1
628.424489795	138.679	222.2
628.897959183	126.724	222.3
629.338775510	136.111	222.4
629.844897959	118.548	223.1
630.342857142	120.492	223.2
630.742857142	150	223.3
631.167346938	141.346	223.4
631.648979591	124.576	224.1
632.065306122	144.118	224.2
632.595918367	113.077	224.3
633.085714285	122.5	224.4
633.534693877	133.636	225.1
633.973650793	136.688	225.2
634.351020408	158.995	225.3
634.775510204	141.346	225.4
635.167346938	153.125	226.1
635.591836734	141.346	226.2
636.016326530	141.346	226.3
636.490725623	126.476	226.4
637.077551020	102.245	227.1
637.621360544	110.333	227.2
638.163265306	110.721	227.3
638.669387755	118.548	227.4
639.134693877	128.947	228.1
639.600000000	128.947	228.2
640.078253968	125.456	228.3
640.693877551	97.4622	228.4
641.126530612	138.679	229.1
641.567346938	136.111	229.2
642.002970521	137.734	229.3
642.440816326	137.035	229.4
642.865306122	141.346	230.1
643.387755102	114.844	230.2
643.828571428	136.111	230.3
644.220408163	153.125	230.4
644.669047619	133.738	231.1
645.175510204	118.469	231.2
645.588185941	145.393	231.3
646.061746031	126.7	231.4
646.489795918	140.171	232.1
646.979591836	122.5	232.2
647.431519274	132.765	232.3
647.916371882	123.749	232.4
648.391836734	126.192	233.1
648.868435374	125.892	233.2
649.363265306	121.254	233.3
649.885714285	114.844	233.4
650.359183673	126.724	234.1
650.873469387	116.667	234.2
651.379591836	118.548	234.3
651.967346938	102.083	234.4
652.440816326	126.724	235.1
652.987755102	109.701	235.2
653.461224489	126.724	235.3
653.928049886	128.528	235.4
654.400000000	127.132	236.1
654.889795918	122.5	236.2
655.355102040	128.947	236.3
655.871972789	116.083	236.4
656.416326530	110.222	237.1
656.994421768	103.789	237.2
657.648979591	91.6649	237.3
658.195918367	109.701	237.4
659.069387755	68.6916	238.1
659.706122448	94.2308	238.2
660.326530612	96.7105	238.3
661.086439909	78.9568	238.4
661.665306122	103.651	239.1
662.285714285	96.7105	239.2
662.881632653	100.685	239.3
663.534693877	91.875	239.4
664.293877551	79.0323	240.1
664.881632653	102.083	240.2
665.453061224	105	240.3
666.032653061	103.521	240.4
666.628571428	100.685	241.1
667.191836734	106.522	241.2
667.763265306	105	241.3
668.432653061	89.6341	241.4
669.036734693	99.3243	242.1
669.565850340	113.397	242.2
670.114285714	109.402	242.3
670.702040816	102.083	242.4
671.371428571	89.6341	243.1
672.000000000	95.4545	243.2
672.628571428	95.4545	243.3
673.224489795	100.685	243.4
673.836734693	98	244.1
674.391836734	108.088	244.2
674.906122448	116.667	244.3
675.469387755	106.522	244.4
675.983673469	116.667	245.1
676.489795918	118.548	245.2
677.044897959	108.088	245.3
677.574263038	113.343	245.4
678.155102040	103.299	246.1
678.726530612	105	246.2
679.232653061	118.548	246.3
679.755102040	114.844	246.4
680.302040816	109.701	247.1
680.808163265	118.548	247.2
681.314285714	118.548	247.3
681.853061224	111.364	247.4
682.383673469	113.077	248.1
682.922448979	111.364	248.2
683.502040816	103.521	248.3
684.040816326	111.364	248.4
684.604081632	106.522	249.1
685.152448979	109.416	249.2
685.693990929	110.795	249.3
686.220408163	113.978	249.4
686.693877551	126.724	250.1
687.226825396	112.581	250.2
687.746938775	115.359	250.3
688.285714285	111.364	250.4
688.832653061	109.701	251.1
689.330612244	120.492	251.2
689.942857142	98	251.3
690.478004535	112.119	251.4
691.053673469	104.227	252.1
691.575510204	114.978	252.2
692.142063492	105.904	252.3
692.726530612	102.658	252.4
693.575510204	70.6731	253.1
694.130612244	108.088	253.2
694.599047619	128.086	253.3
695.134693877	112.014	253.4
695.640816326	118.548	254.1
696.179591836	111.364	254.2
696.726530612	109.701	254.3
697.232653061	118.548	254.4
697.836734693	99.3243	255.1
698.351020408	116.667	255.2
698.914285714	106.522	255.3
699.436734693	114.844	255.4
700.146938775	84.4828	256.1
700.783673469	94.2308	256.2
701.286507936	119.324	256.3
701.773015873	123.328	256.4
702.285714285	117.028	257.1
702.798276643	117.059	257.2
703.322448979	114.466	257.3
703.799365079	125.808	257.4
704.269387755	127.653	258.1
704.747732426	125.433	258.2
705.226825396	125.237	258.3
705.763265306	111.849	258.4
706.261224489	120.492	259.1
706.742857142	124.576	259.2
707.272766439	113.227	259.3
707.771428571	120.322	259.4
708.277551020	118.548	260.1
708.807324263	113.256	260.2
709.355102040	109.533	260.3
709.934693877	103.521	260.4
710.421655328	123.213	261.1
711.012244897	101.593	261.2
711.549206349	111.74	261.3
712.155102040	99.0269	261.4
712.873469387	83.5227	262.1
713.542857142	89.6341	262.2
714.000000000	131.25	262.3
714.514285714	116.667	262.4
715.012471655	120.437	263.1
715.501088435	122.796	263.2
715.967346938	128.684	263.3
716.454263038	123.225	263.4
716.946598639	121.868	264.1
717.477551020	113.004	264.2
717.930385487	132.499	264.3
718.408163265	125.581	264.4
718.963265306	108.088	265.1
719.510204081	109.701	265.2
720.024489795	116.667	265.3
720.514285714	122.5	265.4
721.044897959	113.077	266.1
721.608163265	106.522	266.2
722.122448979	116.667	266.3
722.693877551	105	266.4
723.257142857	106.522	267.1
723.893877551	94.2308	267.2
724.489795918	100.685	267.3
725.068775510	103.631	267.4
725.575510204	118.405	268.1
726.187755102	98	268.2
726.808163265	96.7105	268.3
727.461224489	91.875	268.4
728.114285714	91.875	269.1
728.734693877	96.7105	269.2
729.232653061	120.492	269.3
729.738775510	118.548	269.4
730.285714285	109.701	270.1
730.761746031	126.042	270.2
731.355102040	101.12	270.3
731.893877551	111.364	270.4
732.338752834	134.869	271.1
732.808503401	127.727	271.2
733.345238095	111.787	271.3
733.885714285	111.013	271.4
734.367346938	124.576	272.1
734.889795918	114.844	272.2
735.347551020	131.074	272.3
735.910204081	106.638	272.4
736.367346938	131.25	273.1
736.955102040	102.083	273.2
737.436734693	124.576	273.3
737.942857142	118.548	273.4
738.432653061	122.5	274.1
738.923197278	122.313	274.2
739.485714285	106.663	274.3
739.929659863	135.152	274.4
740.497959183	105.578	275.1
740.987755102	122.5	275.2
741.518367346	113.077	275.3
742.052721088	112.285	275.4
742.636734693	102.737	276.1
743.208163265	105	276.2
743.812244897	99.3243	276.3
744.424489795	98	276.4
745.020408163	100.685	277.1
745.622403628	99.6685	277.2
746.177845804	108.022	277.3
746.751746031	104.548	277.4
747.395918367	93.1428	278.1
747.983673469	102.083	278.2
748.636734693	91.875	278.3
749.404081632	78.1915	278.4
750.375510204	61.7647	279.1
751.061224489	87.5	279.2
751.658798185	100.406	279.3
752.316575963	91.2162	279.4
752.946938775	95.1833	280.1
753.608163265	90.7407	280.2
754.302040816	86.4706	280.3
755.142857142	71.3592	280.4
756.481632653	44.8171	281.1
