2.174240362	0	1.1
3.297233560	53.4286	1.2
4.179591836	67.9996	2.1
5.108390022	64.5996	2.2
6.013968253	66.256	3.1
6.954376417	63.8021	3.2
7.906394557	63.024	4.1
8.846802721	63.8021	4.2
9.694331065	70.7941	5.1
10.716009070	58.7269	5.2
11.644807256	64.5996	6.1
12.596825396	63.024	6.2
13.514013605	65.4173	7.1
14.442811791	64.5996	7.2
15.406439909	62.2647	8.1
16.312018140	66.256	8.2
17.182766439	68.9062	9.1
18.123174603	63.8021	9.2
19.040362811	65.4173	10.1
19.934331065	67.1165	10.2
20.852562358	65.343	11.1
21.745487528	67.1949	11.2
22.651065759	66.256	12.1
23.550839002	66.6835	12.2
24.473832199	65.0059	13.1
25.404376417	64.4784	13.2
26.319818594	65.5421	14.1
27.213786848	67.1165	14.2
28.072925170	69.8374	15.1
28.955283446	67.9996	15.2
29.849251700	67.1165	16.1
30.778049886	64.5996	16.2
31.683628117	66.256	17.1
32.612426303	64.5996	17.2
33.506394557	67.1165	18.1
34.411972789	66.256	18.2
35.329160997	65.4173	19.1
36.234739229	66.256	19.2
37.140317460	66.256	20.1
38.078253968	63.9702	20.2
38.963083900	67.8096	21.1
39.891882086	64.5996	21.2
40.791836734	66.67	22.1
41.697233560	66.2693	22.2
42.579591836	67.9996	23.1
43.520000000	63.8021	23.2
44.437188208	65.4173	24.1
45.342766439	66.256	24.2
46.266530612	64.9516	25.1
47.240997732	61.5721	25.2
48.212244897	61.7762	26.1
49.203083900	60.5547	26.2
50.149659863	63.3864	27.1
51.095510204	63.435	27.2
52.024308390	64.5996	28.1
53.019818594	60.2706	28.2
54.000000000	61.2132	29.1
54.984852607	60.9228	29.2
55.964648526	61.2372	30.1
56.842448979	68.3527	30.2
57.806077097	62.2647	31.1
58.862585034	56.7909	31.2
59.768163265	66.256	32.1
60.708571428	63.8021	32.2
61.596734693	67.5551	33.1
62.509637188	65.7244	33.2
63.425079365	65.5421	34.1
64.301859410	68.4322	34.2
65.340952380	57.7427	35.1
66.246530612	66.256	35.2
67.227573696	61.1594	36.1
68.138956916	65.834	36.2
69.032925170	67.1165	37.1
69.984943310	63.024	37.2
71.029841269	57.4219	38.1
71.981859410	63.024	38.2
72.904852607	65.0059	39.1
73.862675736	62.642	39.2
74.803083900	63.8021	40.1
75.789931972	60.7996	40.2
76.741950113	63.024	41.1
77.699773242	62.642	41.2
78.680816326	61.1594	42.1
79.757437641	55.7299	42.2
80.787369614	58.2563	43.1
81.711020408	64.9596	43.2
82.697868480	60.7996	44.1
83.649886621	63.024	44.2
84.625124716	61.5234	45.1
85.495873015	68.9062	45.2
86.389841269	67.1165	46.1
87.272199546	67.9996	46.2
88.189387755	65.4173	47.1
89.118185941	64.5996	47.2
90.052789115	64.1984	48.1
90.958367346	66.256	48.2
91.900158730	63.7084	49.1
92.798548752	66.7861	49.2
93.773786848	61.5234	50.1
94.725804988	63.024	50.2
95.741678004	59.0625	51.1
96.757551020	59.0625	51.2
97.756009070	60.0927	52.1
98.917006802	51.6797	52.2
100.333424036	42.3604	53.1
101.680181405	44.5515	53.2
102.951473922	47.1961	54.1
103.991904761	57.6684	54.2
105.022630385	58.2114	55.1
106.161632653	52.6777	55.2
107.194920634	58.0671	56.1
108.166462585	61.7575	56.2
109.249886621	55.38	57.1
110.376054421	53.278	57.2
111.496417233	53.5541	58.1
112.692244897	50.1745	58.2
114.021587301	45.1351	59.1
115.205804988	50.6664	59.2
116.273922902	56.1736	60.1
117.353650793	55.5696	60.2
118.433378684	55.5696	61.1
119.575487528	52.5344	61.2
120.523174603	63.312	62.1
121.533242630	59.4019	62.2
122.514285714	61.1594	63.1
123.686893424	51.168	63.2
124.749206349	56.4805	64.1
125.724444444	61.5234	64.2
126.705487528	61.1594	65.1
127.760136054	56.891	65.2
128.905578231	52.3815	66.1
129.959659863	56.9216	66.2
131.198548752	48.4305	67.1
132.279863945	55.488	67.2
133.398639455	53.6301	68.1
134.513197278	53.833	68.2
135.639365079	53.278	69.1
136.775691609	52.8017	69.2
138.222585034	41.4682	70.1
139.418412698	50.1745	70.2
140.532970521	53.833	71.1
141.746213151	49.4542	71.2
143.081360544	44.9389	72.1
144.288798185	49.692	72.2
145.426575963	52.7344	73.1
146.564353741	52.7344	73.2
147.681678004	53.6997	74.1
148.851519274	51.289	74.2
150.209886621	44.1707	75.1
151.562448979	44.3602	75.2
152.891791383	45.1351	76.1
153.820589569	64.5996	76.2
154.726167800	66.256	77.1
155.643356009	65.4173	77.2
156.548934240	66.256	78.1
157.437097505	67.5551	78.2
158.313650793	68.4499	79.1
159.171768707	69.9205	79.2
160.021609977	70.6014	80.1
160.920090702	66.7794	80.2
161.814058956	67.1165	81.1
162.679002267	69.3687	81.2
163.526530612	70.7941	82.1
164.391473922	69.3687	82.2
165.250612244	69.8374	83.1
166.115555555	69.3687	83.2
166.963083900	70.7941	84.1
167.764172335	74.8981	84.2
168.623310657	69.8374	85.1
169.430204081	74.3593	85.2
170.256439909	72.6185	86.1
171.073015873	73.4775	86.2
171.901269841	72.4416	87.1
172.719614512	73.3187	87.2
173.522721088	74.7099	88.1
174.321836734	75.083	88.2
175.121541950	75.0276	89.1
175.917709750	75.361	89.2
176.749092970	72.1689	90.1
177.583854875	71.8768	90.2
178.413945578	72.2813	91.1
179.356734693	63.641	91.2
180.244897959	67.5551	92.1
181.119387755	68.6114	92.2
181.974784580	70.1429	93.1
182.833922902	69.8374	93.2
183.681451247	70.7941	94.1
184.569614512	67.5551	94.2
185.585487528	59.0625	95.1
186.804535147	49.2188	95.2
187.750748299	63.4107	96.1
188.681950113	64.4329	96.2
189.678004535	60.2377	97.1
190.600997732	65.0059	97.2
191.477551020	68.4499	98.1
192.365714285	67.5551	98.2
193.227913832	69.5895	99.1
194.153650793	64.8132	99.2
195.030997732	68.388	100.1
195.866122448	71.8456	100.2
196.800725623	64.1984	101.1
197.741133786	63.8021	101.2
198.631451247	67.3917	102.1
199.500045351	69.0771	102.2
200.364988662	69.3687	103.1
201.305396825	63.8021	103.2
202.234195011	64.5996	104.1
203.128163265	67.1165	104.2
204.126621315	60.0927	105.1
205.334058956	49.692	105.2
206.297687074	62.2647	106.1
207.232290249	64.1984	106.2
208.219138321	60.7996	107.1
209.130521541	65.834	107.2
210.198639455	56.1736	108.1
211.097505668	66.7508	108.2
212.114285714	59.0098	109.1
213.048888888	64.1984	109.2
214.006712018	62.642	110.1
214.889070294	67.9996	110.2
215.968798185	55.5696	111.1
216.920816326	63.024	111.2
217.849614512	64.5996	112.1
218.807437641	62.642	112.2
219.753650793	63.4107	113.1
220.705668934	63.024	113.2
221.646077097	63.8021	114.1
222.650340136	59.7453	114.2
223.898412698	48.0741	115.1
224.943310657	57.4219	115.2
225.883718820	63.8021	116.1
226.789297052	66.256	116.2
227.671655328	67.9996	117.1
228.565623582	67.1165	117.2
229.468185941	66.4774	118.1
230.341950113	68.6684	118.2
231.235918367	67.1165	119.1
232.245691609	59.4193	119.2
233.093514739	70.7695	120.1
234.028117913	64.1984	120.2
234.927891156	66.6835	121.1
235.856689342	64.5996	121.2
236.746870748	67.402	122.1
237.656235827	65.9801	122.2
238.654693877	60.0927	123.1
240.018866213	43.9827	123.2
241.017324263	60.0927	124.1
242.002630385	60.8948	124.2
242.996825396	60.3503	125.1
244.192653061	50.1745	125.2
245.199863945	59.5704	126.1
246.177959183	61.3437	126.2
247.222857142	57.4219	127.1
248.279365079	56.7909	127.2
249.405532879	53.278	128.1
250.413628117	59.5182	128.2
251.617233560	49.8502	129.1
252.714376417	54.6875	129.2
253.875374149	51.6797	130.1
255.018956916	52.4667	130.2
256.086031746	56.2285	131.1
257.253356009	51.3996	131.2
258.587006802	44.9893	132.1
259.555147392	61.9745	132.2
260.435011337	68.1924	133.1
261.352199546	65.4173	133.2
262.257777777	66.256	134.1
263.174965986	65.4173	134.2
264.057324263	67.9996	135.1
264.916462585	69.8374	135.2
265.787210884	68.9062	136.1
266.739229024	63.024	136.2
267.609977324	68.9062	137.1
268.532970521	65.0059	137.2
269.432743764	66.6835	138.1
270.336031746	66.424	138.2
271.243900226	66.0889	139.1
272.092290249	70.7222	139.2
272.997006802	66.3191	140.1
273.914195011	65.4173	140.2
274.819773242	66.256	141.1
275.707936507	67.5551	141.2
276.561269841	70.3125	142.1
277.478458049	65.4173	142.2
278.360816326	67.9996	143.1
279.336054421	61.5234	143.2
280.224217687	67.5551	144.1
281.170430839	63.4107	144.2
282.064399092	67.1165	145.1
282.993197278	64.5996	145.2
283.875555555	67.9996	146.1
284.792653061	65.4238	146.2
285.721541950	64.5933	147.1
286.685170068	62.2647	147.2
287.555918367	68.9062	148.1
288.473106575	65.4173	148.2
289.352902494	68.1976	149.1
290.290068027	64.0228	149.2
291.143401360	70.3125	150.1
292.083809523	63.8021	150.2
293.024217687	63.8021	151.1
293.906575963	67.9996	151.2
294.835374149	64.5996	152.1
295.823333333	60.7313	152.2
296.762630385	63.8776	153.1
297.726258503	62.2647	153.2
298.683378684	62.6881	154.1
299.630294784	63.3636	154.2
300.570702947	63.8021	155.1
301.522721088	63.024	155.2
302.463129251	63.8021	156.1
303.428027210	62.1827	156.2
304.407800453	61.2387	157.1
305.307573696	66.6835	157.2
306.236371882	64.5996	158.1
307.287074829	57.1046	158.2
308.163628117	68.4499	159.1
309.080816326	65.4173	159.2
309.963174603	67.9996	160.1
310.857142857	67.1165	160.2
311.774331065	65.4173	161.1
312.621859410	70.7941	161.2
313.643537414	58.7269	162.1
314.612199546	61.9411	162.2
315.468911564	70.0352	163.1
316.429931972	62.4336	163.2
317.300680272	68.9062	164.1
318.246893424	63.4107	164.2
319.274376417	58.3951	165.1
320.232199546	62.642	165.2
321.102947845	68.9062	166.1
322.043356009	63.8021	166.2
323.024399092	61.1594	167.1
323.959002267	64.1984	167.2
324.922630385	62.2647	168.1
325.921088435	60.0927	168.2
326.878911564	62.642	169.1
328.039909297	51.6797	169.2
329.154467120	53.833	170.1
330.152925170	60.0927	170.2
331.157188208	59.7453	171.1
332.207891156	57.1046	171.2
333.206349206	60.0927	172.1
334.286077097	55.5696	172.2
335.342585034	56.7909	173.1
336.396417233	56.9351	173.2
337.548480725	52.0805	174.1
338.837188208	46.5583	174.2
340.973424036	28.0868	175.1
341.809342403	71.7773	175.2
342.616235827	74.3593	176.1
343.423129251	74.3593	176.2
344.212607709	75.9995	177.1
345.036916099	72.7883	177.2
345.897369614	69.7307	178.1
346.778412698	68.1011	178.2
347.660770975	67.9996	179.1
348.485079365	72.7883	179.2
349.332607709	70.7941	180.1
350.156916099	72.7883	180.2
350.983696145	72.5707	181.1
351.846167800	69.5675	181.2
352.687891156	71.2823	182.1
353.535419501	70.7941	182.2
354.417777777	67.9996	183.1
355.242086167	72.7883	183.2
356.101292517	69.8319	184.1
356.908117913	74.3655	184.2
357.778866213	68.9062	185.1
358.647414965	69.0807	185.2
359.502947845	70.1317	186.1
360.338866213	71.7773	186.2
361.221224489	67.9996	187.1
362.103582766	67.9996	187.2
362.951111111	70.7941	188.1
363.798639455	70.7941	188.2
364.762267573	62.2647	189.1
365.538934240	77.2532	189.2
366.323809523	76.4453	190.1
367.119092970	75.4448	190.2
367.908571428	75.9995	191.1
368.674829931	78.3026	191.2
369.464308390	75.9995	192.1
370.230566893	78.3026	192.2
371.027891156	75.2517	193.1
371.833650793	74.4639	193.2
372.644897959	73.9602	194.1
373.382675736	81.3253	194.2
374.194104308	73.9437	195.1
374.979047619	76.4386	195.2
375.738775510	78.9756	196.1
376.506122448	78.1915	196.2
377.272018140	78.3397	197.1
378.155102040	67.9437	197.2
379.208163265	56.9767	198.1
