1.574603175	1
1.721904762	2
3.159365079	3
3.301587302	4
4.683174603	5
4.876190476	6
5.983492063	7
6.593015873	8
7.527619048	9
7.685079365	10
8.553650794	11
9.178412698	12
9.320634921	13
10.082539683	14
10.747936508	15
10.895238095	16
11.652063492	17
12.540952381	18
13.450158730	19
14.582857143	20
14.725079365	21
16.259047619	22
16.370793651	23
17.869206349	24
18.026666667	25
19.514920635	26
19.652063492	27
21.196190476	28
21.348571429	29
22.318730159	30
22.471111111	31
23.446349206	32
23.613968254	33
24.502857143	34
24.827936508	35
25.650793651	36
25.940317460	37
26.946031746	38
27.418412698	39
27.758730159	40
27.992380952	41
28.276825397	42
29.089523810	43
29.373968254	44
29.633015873	45
29.856507937	46
30.308571429	47
30.547301587	48
30.831746032	49
31.111111111	50
31.329523810	51
31.705396825	52
32.604444444	53
32.909206349	54
33.137777778	55
33.432380952	56
33.884444444	57
34.168888889	58
34.433015873	59
34.697142857	60
34.986666667	61
35.271111111	62
35.535238095	63
35.824761905	64
37.465396825	65
39.456507937	66
39.761269841	67
40.066031746	68
40.380952381	69
40.812698413	70
41.107301587	71
41.325714286	72
41.569523810	73
41.843809524	74
42.123174603	75
42.407619048	76
42.717460317	77
44.398730159	78
45.983492063	79
47.700317460	80
49.254603175	81
50.961269841	82
52.474920635	83
54.201904762	84
56.106666667	85
56.436825397	86
56.975238095	87
57.874285714	88
58.173968254	89
58.763174603	90
65.711746032	91
66.153650794	92
66.737777778	93
67.611428571	94
67.840000000	95
68.500317460	96
69.450158730	97
69.805714286	98
70.125714286	99
70.405079365	100
70.623492063	101
70.887619048	102
71.121269841	103
71.354920635	104
71.751111111	105
72.020317460	106
72.259047619	107
72.507936508	108
72.741587302	109
72.995555556	110
73.315555556	111
73.615238095	112
73.828571429	113
74.107936508	114
74.727619048	115
74.940952381	116
75.103492063	117
75.276190476	118
76.525714286	119
76.810158730	120
77.125079365	121
77.394285714	122
77.663492063	123
77.958095238	124
78.217142857	125
78.481269841	126
78.735238095	127
79.019682540	128
79.248253968	129
79.537777778	130
79.832380952	131
80.833015873	132
80.970158730	133
81.097142857	134
81.229206349	135
81.381587302	136
82.361904762	137
82.499047619	138
82.620952381	139
82.737777778	140
82.874920635	141
85.429841270	142
86.206984127	143
86.481269841	144
86.984126984	145
87.746031746	146
88.005079365	147
88.533333333	148
89.295238095	149
89.564444444	150
90.097777778	151
90.575238095	152
91.083174603	153
91.580952381	154
94.664126984	155
95.263492063	156
95.796825397	157
95.923809524	158
96.035555556	159
96.177777778	160
96.314920635	161
96.457142857	162
96.573968254	163
96.700952381	164
96.838095238	165
96.965079365	166
97.102222222	167
97.213968254	168
97.381587302	169
97.503492063	170
97.615238095	171
97.737142857	172
97.920000000	173
98.463492063	174
98.600634921	175
98.671746032	176
98.747936508	177
98.829206349	178
98.915555556	179
99.001904762	180
99.088253968	181
99.174603175	182
99.245714286	183
99.347301587	184
99.459047619	185
99.565714286	186
99.657142857	187
99.738412698	188
99.809523810	189
99.900952381	190
99.997460317	191
100.078730159	192
100.160000000	193
100.231111111	194
100.312380952	195
100.419047619	196
100.505396825	197
100.601904762	198
100.688253968	199
100.764444444	200
100.835555556	201
100.932063492	202
101.008253968	203
101.109841270	204
101.201269841	205
101.287619048	206
101.373968254	207
101.455238095	208
101.536507937	209
101.638095238	210
101.729523810	211
101.810793651	212
101.912380952	213
101.993650794	214
102.085079365	215
102.206984127	216
102.293333333	217
102.384761905	218
102.476190476	219
102.557460317	220
102.638730159	221
102.730158730	222
102.816507937	223
102.902857143	224
102.984126984	225
103.060317460	226
103.151746032	227
103.253333333	228
103.344761905	229
103.431111111	230
103.522539683	231
103.603809524	232
103.690158730	233
103.791746032	234
103.862857143	235
103.954285714	236
104.025396825	237
104.106666667	238
104.193015873	239
104.294603175	240
104.386031746	241
104.482539683	242
104.579047619	243
104.670476190	244
104.772063492	245
104.878730159	246
104.975238095	247
105.066666667	248
105.168253968	249
105.244444444	250
105.335873016	251
105.442539683	252
105.533968254	253
105.610158730	254
105.691428571	255
105.767619048	256
105.848888889	257
105.935238095	258
106.006349206	259
106.102857143	260
106.184126984	261
106.275555556	262
106.351746032	263
106.422857143	264
106.514285714	265
106.580317460	266
106.676825397	267
106.763174603	268
106.859682540	269
106.961269841	270
107.047619048	271
107.159365079	272
107.271111111	273
107.367619048	274
107.464126984	275
107.555555556	276
107.652063492	277
107.748571429	278
107.814603175	279
107.911111111	280
107.992380952	281
109.013333333	1
109.155555556	2
110.577777778	3
110.745396825	4
112.121904762	5
112.325079365	6
113.351111111	7
113.909841270	8
114.768253968	9
114.956190476	10
115.840000000	11
116.429206349	12
116.596825397	13
117.424761905	14
118.222222222	15
118.379682540	16
119.131428571	17
119.949206349	18
120.761904762	19
121.914920635	20
122.057142857	21
123.580952381	22
123.713015873	23
125.231746032	24
125.368888889	25
126.791111111	26
126.958730159	27
128.436825397	28
128.594285714	29
129.620317460	30
129.762539683	31
130.732698413	32
130.940952381	33
131.829841270	34
132.129523810	35
132.947301587	36
133.267301587	37
134.161269841	38
134.720000000	39
135.034920635	40
135.324444444	41
135.588571429	42
136.446984127	43
136.716190476	44
136.944761905	45
137.213968254	46
137.635555556	47
137.853968254	48
138.153650794	49
138.468571429	50
138.702222222	51
139.067936508	52
139.931428571	53
140.190476190	54
140.444444444	55
140.764444444	56
141.135238095	57
141.389206349	58
141.643174603	59
141.912380952	60
142.196825397	61
142.501587302	62
142.765714286	63
143.070476190	64
144.711111111	65
146.819047619	66
147.113650794	67
147.393015873	68
147.682539683	69
148.114285714	70
148.393650794	71
148.652698413	72
148.957460317	73
149.186031746	74
149.445079365	75
149.724444444	76
150.064761905	77
151.674920635	78
153.340952381	79
155.088253968	80
156.830476190	81
158.430476190	82
159.949206349	83
161.686349206	84
163.601269841	85
163.911111111	86
164.449523810	87
165.338412698	88
165.643174603	89
166.232380952	90
173.226666667	91
173.536507937	92
174.151111111	93
174.953650794	94
175.258412698	95
175.862857143	96
176.792380952	97
177.137777778	98
177.478095238	99
177.742222222	100
178.021587302	101
178.285714286	102
178.504126984	103
178.778412698	104
179.128888889	105
179.408253968	106
179.641904762	107
179.911111111	108
180.114285714	109
180.429206349	110
180.754285714	111
181.003174603	112
181.267301587	113
181.572063492	114
182.156190476	115
182.389841270	116
182.547301587	117
182.689523810	118
183.898412698	119
184.187936508	120
184.462222222	121
184.797460317	122
185.086984127	123
185.356190476	124
185.620317460	125
185.899682540	126
186.148571429	127
186.453333333	128
186.676825397	129
186.951111111	130
187.271111111	131
188.251428571	132
188.403809524	133
188.546031746	134
188.667936508	135
188.800000000	136
189.795555556	137
189.958095238	138
190.080000000	139
190.196825397	140
190.313650794	141
192.909206349	142
193.660952381	143
193.960634921	144
194.493968254	145
195.200000000	146
195.428571429	147
195.992380952	148
196.759365079	149
197.018412698	150
197.516190476	151
198.054603175	152
198.567619048	153
199.050158730	154
202.173968254	155
202.798730159	156
203.296507937	157
203.423492063	158
203.550476190	159
203.677460317	160
203.834920635	161
203.977142857	162
204.114285714	163
204.236190476	164
204.358095238	165
204.490158730	166
204.612063492	167
204.733968254	168
204.855873016	169
205.003174603	170
205.120000000	171
205.246984127	172
205.409523810	173
205.983492063	174
206.085079365	175
206.181587302	176
206.262857143	177
206.359365079	178
206.440634921	179
206.542222222	180
206.623492063	181
206.709841270	182
206.806349206	183
206.897777778	184
206.984126984	185
207.075555556	186
207.172063492	187
207.273650794	188
207.360000000	189
207.451428571	190
207.547936508	191
207.644444444	192
207.725714286	193
207.806984127	194
207.893333333	195
207.974603175	196
208.066031746	197
208.167619048	198
208.253968254	199
208.345396825	200
208.436825397	201
208.523174603	202
208.614603175	203
208.695873016	204
208.782222222	205
208.873650794	206
208.975238095	207
209.061587302	208
209.153015873	209
209.274920635	210
209.361269841	211
209.447619048	212
209.533968254	213
209.615238095	214
209.706666667	215
209.787936508	216
209.864126984	217
209.945396825	218
210.036825397	219
210.128253968	220
210.199365079	221
210.285714286	222
210.397460317	223
210.478730159	224
210.570158730	225
210.651428571	226
210.732698413	227
210.834285714	228
210.910476190	229
210.996825397	230
211.093333333	231
211.174603175	232
211.260952381	233
211.347301587	234
211.448888889	235
211.520000000	236
211.621587302	237
211.723174603	238
211.819682540	239
211.936507937	240
212.017777778	241
212.114285714	242
212.210793651	243
212.297142857	244
212.378412698	245
212.464761905	246
212.571428571	247
212.657777778	248
212.744126984	249
212.835555556	250
212.921904762	251
213.018412698	252
213.109841270	253
213.191111111	254
213.267301587	255
213.348571429	256
213.440000000	257
213.541587302	258
213.643174603	259
213.719365079	260
213.805714286	261
213.902222222	262
213.983492063	263
214.074920635	264
214.146031746	265
214.237460317	266
214.328888889	267
214.425396825	268
214.521904762	269
214.628571429	270
214.730158730	271
214.821587302	272
214.913015873	273
214.999365079	274
215.090793651	275
215.177142857	276
215.273650794	277
215.370158730	278
215.481904762	279
215.563174603	280
215.664761905	281
215.776507937	282
216.721269841	283
216.853333333	284
218.331428571	285
218.473650794	286
222.989206349	287
223.146666667	288
224.660317460	289
224.883809524	290
231.365079365	291
231.695238095	292
232.000000000	293
232.299682540	294
232.594285714	295
232.929523810	296
233.264761905	297
233.615238095	298
234.001269841	299
234.681904762	300
235.042539683	301
235.321904762	302
235.626666667	303
235.931428571	304
236.226031746	305
236.525714286	306
236.830476190	307
237.394285714	308
237.739682540	309
238.008888889	310
238.283174603	311
238.585034014	312
239.316462585	313
239.629931973	314
239.939047619	315
240.593560091	316
242.671746032	317
242.966349206	318
243.240634921	319
243.545396825	320
243.855238095	321
244.170158730	322
244.424126984	323
244.769523810	324
245.069206349	325
245.404444444	326
245.709206349	327
246.029206349	328
246.430476190	329
247.197460317	330
247.908571429	331
248.584126984	332
249.173333333	333
249.523809524	334
249.843809524	335
250.194285714	336
251.164444444	337
251.530158730	338
251.880634921	339
252.215873016	340
253.211428571	341
253.577142857	342
255.436190476	343
255.756190476	344
256.060952381	345
256.350476190	346
256.650158730	347
256.980317460	348
257.371428571	349
259.078095238	350
259.332063492	351
259.672380952	352
259.946666667	353
260.266666667	354
260.576507937	355
260.876190476	356
262.633650794	357
262.725079365	358
262.841904762	359
262.953650794	360
263.075555556	361
263.182222222	362
263.293968254	363
263.410793651	364
263.486984127	365
263.583492063	366
263.674920635	367
263.766349206	368
263.857777778	369
263.949206349	370
264.040634921	371
264.142222222	372
264.238730159	373
264.335238095	374
264.421587302	375
264.538412698	376
264.650158730	377
264.766984127	378
264.868571429	379
264.970158730	380
265.086984127	381
265.183492063	382
265.259682540	383
265.351111111	384
265.452698413	385
265.544126984	386
265.645714286	387
265.747301587	388
265.848888889	389
265.960634921	390
266.072380952	391
266.168888889	392
266.285714286	393
266.387301587	394
266.499047619	395
266.615873016	396
266.717460317	397
266.819047619	398
266.925714286	399
267.042539683	400
267.128888889	401
267.240634921	402
267.337142857	403
267.428571429	404
267.535238095	405
267.636825397	406
267.733333333	407
267.829841270	408
267.921269841	409
268.012698413	410
268.124444444	411
268.236190476	412
268.327619048	413
268.434285714	414
268.535873016	415
268.627301587	416
268.739047619	417
268.830476190	418
268.937142857	419
269.033650794	420
269.125079365	421
269.231746032	422
269.318095238	423
269.424761905	424
269.521269841	425
269.633015873	426
269.734603175	427
269.841269841	428
269.978412698	429
270.095238095	430
270.181587302	431
270.283174603	432
270.400000000	433
270.501587302	434
270.633650794	435
270.740317460	436
270.857142857	437
270.958730159	438
271.080634921	439
271.202539683	440
271.344761905	441
271.456507937	442
271.563174603	443
271.695238095	444
271.796825397	445
271.898412698	446
272.015238095	447
272.111746032	448
272.208253968	449
272.309841270	450
272.406349206	451
272.467301587	452
272.563809524	453
272.640000000	454
272.731428571	455
272.812698413	456
272.914285714	457
272.980317460	458
273.076825397	459
273.173333333	460
273.244444444	461
273.315555556	462
273.396825397	463
273.462857143	464
273.767619048	465
273.894603175	466
274.006349206	467
274.118095238	468
274.250158730	469
274.366984127	470
274.488888889	471
274.570158730	472
274.666666667	473
274.778412698	474
274.864761905	475
274.966349206	476
275.088253968	477
275.184761905	478
275.291428571	479
275.387936508	480
275.489523810	481
275.580952381	482
275.692698413	483
275.840000000	484
275.931428571	485
276.078730159	486
276.185396825	487
276.271746032	488
276.398730159	489
276.490158730	490
276.596825397	491
276.703492063	492
276.805079365	493
276.901587302	494
277.013333333	495
277.120000000	496
277.226666667	497
277.328253968	498
277.445079365	499
277.551746032	500
277.693968254	501
277.815873016	502
277.927619048	503
278.059682540	504
278.166349206	505
278.278095238	506
278.415238095	507
278.516825397	508
278.613333333	509
278.720000000	510
278.811428571	511
278.923174603	512
279.019682540	513
279.126349206	514
279.227936508	515
279.334603175	516
279.426031746	517
279.542857143	518
279.685079365	519
279.791746032	520
279.898412698	521
280.010158730	522
280.101587302	523
280.203174603	524
280.314920635	525
280.411428571	526
280.492698413	527
280.594285714	528
280.711111111	529
280.802539683	530
280.878730159	531
280.960000000	532
281.051428571	533
281.127619048	534
281.208888889	535
281.300317460	536
281.381587302	537
281.483174603	538
281.605079365	539
281.721904762	540
281.828571429	541
281.920000000	542
282.021587302	543
282.148571429	544
282.234920635	545
282.366984127	546
282.458412698	547
282.575238095	548
282.666666667	549
282.773333333	550
282.869841270	551
282.986666667	552
283.098412698	553
283.215238095	554
283.321904762	555
283.408253968	556
283.514920635	557
283.611428571	558
283.707936508	559
283.804444444	560
283.880634921	561
283.982222222	562
284.068571429	563
284.154920635	564
284.236190476	565
284.322539683	566
284.419047619	567
284.520634921	568
284.601904762	569
284.728888889	570
284.830476190	571
284.916825397	572
285.028571429	573
285.125079365	574
285.221587302	575
285.318095238	576
285.404444444	577
285.521269841	578
285.597460317	579
285.699047619	580
285.775238095	581
285.876825397	582
285.958095238	583
286.049523810	584
286.166349206	585
286.252698413	586
286.328888889	587
286.420317460	588
286.506666667	589
286.587936508	590
286.674285714	591
286.765714286	592
286.857142857	593
286.943492063	594
287.055238095	595
287.151746032	596
287.258412698	597
287.360000000	598
287.441269841	599
287.522539683	600
287.608888889	601
287.685079365	602
287.776507937	603
287.862857143	604
287.944126984	605
288.055873016	606
288.137142857	607
288.233650794	608
288.320000000	609
288.436825397	610
288.523174603	611
288.640000000	612
288.736507937	613
288.827936508	614
288.944761905	615
289.061587302	616
289.163174603	617
289.249523810	618
289.346031746	619
289.442539683	620
289.554285714	621
289.666031746	622
289.742222222	623
289.843809524	624
289.950476190	625
290.057142857	626
290.158730159	627
290.255238095	628
290.366984127	629
290.468571429	630
290.575238095	631
290.697142857	632
290.844444444	633
290.935873016	634
291.037460317	635
291.123809524	636
291.215238095	637
291.321904762	638
291.438730159	639
291.535238095	640
291.631746032	641
291.718095238	642
291.804444444	643
291.890793651	644
291.987301587	645
292.078730159	646
292.175238095	647
292.281904762	648
292.368253968	649
292.459682540	650
292.556190476	651
292.657777778	652
292.764444444	653
292.866031746	654
292.987936508	655
293.094603175	656
293.241904762	657
293.353650794	658
293.475555556	659
293.627936508	660
293.729523810	661
293.846349206	662
293.988571429	663
294.095238095	664
294.176507937	665
294.283174603	666
294.374603175	667
294.476190476	668
294.587936508	669
294.689523810	670
294.775873016	671
294.892698413	672
294.984126984	673
295.080634921	674
295.177142857	675
295.278730159	676
295.365079365	677
295.456507937	678
295.553015873	679
295.629206349	680
295.720634921	681
295.796825397	682
295.903492063	683
296.030476190	684
296.147301587	685
296.238730159	686
296.320000000	687
296.431746032	688
296.533333333	689
296.629841270	690
296.751746032	691
296.848253968	692
296.960000000	693
297.066666667	694
297.183492063	695
297.290158730	696
297.417142857	697
297.549206349	698
297.676190476	699
297.782857143	700
297.920000000	701
298.062222222	702
298.189206349	703
298.290793651	704
298.387301587	705
298.504126984	706
298.610793651	707
298.717460317	708
298.834285714	709
298.930793651	710
299.042539683	711
299.154285714	712
299.260952381	713
299.372698413	714
299.489523810	715
299.606349206	716
299.743492063	717
299.860317460	718
299.992380952	719
300.124444444	720
300.226031746	721
300.292063492	722
300.398730159	723
300.495238095	724
300.586666667	725
300.683174603	726
300.794920635	727
300.886349206	728
300.987936508	729
301.074285714	730
301.145396825	731
301.241904762	732
301.358730159	733
301.424761905	734
301.531428571	735
301.663492063	736
301.770158730	737
301.881904762	738
301.993650794	739
302.090158730	740
302.227301587	741
302.349206349	742
302.460952381	743
302.552380952	744
302.648888889	745
302.730158730	746
302.826666667	747
302.938412698	748
303.024761905	749
303.126349206	750
303.212698413	751
303.314285714	752
303.405714286	753
303.512380952	754
303.619047619	755
303.740952381	756
303.857777778	757
303.954285714	758
304.076190476	759
304.193015873	760
304.284444444	761
304.380952381	762
304.482539683	763
304.599365079	764
304.716190476	765
304.802539683	766
304.904126984	767
305.020952381	768
305.132698413	769
305.224126984	770
305.300317460	771
305.427301587	772
305.518730159	773
305.610158730	774
305.716825397	775
305.818412698	776
305.925079365	777
306.016507937	778
306.133333333	779
306.214603175	780
306.316190476	781
306.412698413	782
306.514285714	783
306.615873016	784
306.707301587	785
306.803809524	786
306.910476190	787
306.996825397	788
307.108571429	789
307.210158730	790
307.296507937	791
307.393015873	792
307.479365079	793
307.580952381	794
307.692698413	795
307.789206349	796
307.885714286	797
307.972063492	798
308.078730159	799
308.175238095	800
308.292063492	801
308.393650794	802
308.495238095	803
308.596825397	804
308.718730159	805
308.840634921	806
308.987936508	807
309.120000000	808
309.236825397	809
309.358730159	810
309.475555556	811
309.561904762	812
309.673650794	813
309.754920635	814
309.856507937	815
309.963174603	816
310.069841270	817
310.171428571	818
310.293333333	819
310.410158730	820
310.542222222	821
310.674285714	822
310.821587302	823
310.968888889	824
311.085714286	825
311.542857143	826
311.908571429	827
312.157460317	828
312.421587302	829
312.711111111	830
313.046349206	831
316.617142857	832
316.993015873	833
317.287619048	834
317.551746032	835
317.881904762	836
318.222222222	837
318.593015873	838
319.786666667	839
320.335238095	840
321.945396825	841
322.488888889	842
323.062857143	843
323.580952381	844
324.088888889	845
324.601904762	846
325.170793651	847
326.786031746	848
328.472380952	849
329.351111111	850
329.518730159	851
330.986666667	852
331.128888889	853
332.601904762	854
332.789841270	855
333.815873016	856
334.394920635	857
335.370158730	858
335.502222222	859
336.406349206	860
337.112380952	861
337.259682540	862
338.097777778	863
338.636190476	864
338.788571429	865
339.591111111	866
340.439365079	867
341.211428571	868
341.932698413	869
342.059682540	870
343.502222222	871
343.639365079	872
344.233650794	873
345.081904762	874
345.234285714	875
345.975873016	876
346.438095238	877
346.966349206	878
347.545396825	879
348.353015873	880
348.612063492	881
348.815238095	882
349.064126984	883
349.856507937	884
350.100317460	885
350.333968254	886
350.593015873	887
350.953650794	888
351.151746032	889
351.431111111	890
351.664761905	891
351.893333333	892
352.238730159	893
352.980317460	894
353.188571429	895
353.457777778	896
353.737142857	897
354.067301587	898
354.295873016	899
354.549841270	900
354.788571429	901
355.184761905	902
355.438730159	903
355.667301587	904
356.312380952	905
356.540952381	906
357.157732426	907
357.947210884	908
358.318730159	909
358.980498866	910
365.673650794	911
366.034285714	912
366.638730159	913
367.446349206	914
367.776507937	915
368.375873016	916
369.295238095	917
369.650793651	918
370.016507937	919
370.270476190	920
370.539682540	921
370.773333333	922
371.006984127	923
371.291428571	924
371.626666667	925
371.860317460	926
372.109206349	927
372.373333333	928
372.632380952	929
372.952380952	930
373.277460317	931
373.536507937	932
373.775238095	933
374.049523810	934
374.653968254	935
374.897777778	936
375.014603175	937
375.187301587	938
376.462222222	939
376.736507937	940
376.975238095	941
377.259682540	942
377.508571429	943
377.787936508	944
378.077460317	945
378.351746032	946
378.600634921	947
378.885079365	948
379.154285714	949
379.428571429	950
379.713015873	951
380.739047619	952
380.891428571	953
380.998095238	954
381.114920635	955
381.246984127	956
382.267936508	957
382.425396825	958
382.521904762	959
382.664126984	960
382.821587302	961
385.295238095	962
386.052063492	963
386.346666667	964
386.880000000	965
387.636825397	966
387.895873016	967
388.403809524	968
389.140317460	969
389.414603175	970
389.932698413	971
390.415238095	972
390.918095238	973
391.410793651	974
392.076190476	975
394.514285714	976
395.113650794	977
395.687619048	978
395.804444444	979
395.911111111	980
396.068571429	981
396.215873016	982
396.347936508	983
396.469841270	984
396.601904762	985
396.759365079	986
396.881269841	987
396.967619048	988
397.109841270	989
397.257142857	990
397.424761905	991
397.556825397	992
397.663492063	993
397.826031746	994
398.019047619	995
398.176507937	996
398.278095238	997
398.425396825	998
398.521904762	999
398.608253968	1000
398.755555556	1001
398.806349206	1002
398.892698413	1003
398.979047619	1004
399.085714286	1005
399.166984127	1006
399.253333333	1007
399.339682540	1008
399.415873016	1009
399.522539683	1010
399.608888889	1011
399.690158730	1012
399.771428571	1013
399.873015873	1014
399.969523810	1015
400.055873016	1016
400.162539683	1017
400.248888889	1018
400.350476190	1019
400.441904762	1020
400.528253968	1021
400.640000000	1022
400.721269841	1023
400.817777778	1024
400.909206349	1025
400.995555556	1026
401.076825397	1027
401.158095238	1028
401.254603175	1029
401.340952381	1030
401.442539683	1031
401.528888889	1032
401.630476190	1033
401.726984127	1034
401.818412698	1035
401.914920635	1036
402.001269841	1037
402.092698413	1038
402.184126984	1039
402.285714286	1040
402.372063492	1041
402.453333333	1042
402.544761905	1043
402.646349206	1044
402.727619048	1045
402.813968254	1046
402.900317460	1047
402.996825397	1048
403.083174603	1049
403.184761905	1050
403.271111111	1051
403.347301587	1052
403.438730159	1053
403.509841270	1054
403.591111111	1055
403.667301587	1056
403.773968254	1057
403.870476190	1058
403.956825397	1059
404.033015873	1060
404.124444444	1061
404.210793651	1062
404.297142857	1063
404.393650794	1064
404.480000000	1065
404.561269841	1066
404.652698413	1067
404.749206349	1068
404.835555556	1069
404.942222222	1070
405.038730159	1071
405.140317460	1072
405.231746032	1073
405.348571429	1074
405.465396825	1075
405.572063492	1076
405.663492063	1077
405.734603175	1078
405.826031746	1079
405.917460317	1080
405.993650794	1081
406.085079365	1082
406.166349206	1083
406.247619048	1084
406.344126984	1085
406.410158730	1086
406.471111111	1087
406.557460317	1088
406.653968254	1089
406.745396825	1090
406.846984127	1091
406.923174603	1092
407.004444444	1093
407.100952381	1094
407.212698413	1095
407.299047619	1096
407.395555556	1097
407.486984127	1098
407.563174603	1099
407.659682540	1100
407.751111111	1101
407.837460317	1102
407.923809524	1103
408.015238095	1104
408.101587302	1105
408.193015873	1106
408.269206349	1107
408.365714286	1108
408.457142857	1109
408.563809524	1110
408.645079365	1111
408.731428571	1112
408.817777778	1113
408.909206349	1114
408.995555556	1115
409.061587302	1116
409.168253968	1117
409.259682540	1118
409.361269841	1119
409.442539683	1120
409.518730159	1121
409.610158730	1122
409.696507937	1123
409.803174603	1124
410.631111111	1125
410.783492063	1126
412.251428571	1127
412.439365079	1128
416.949841270	1129
417.117460317	1130
418.631111111	1131
418.869841270	1132
424.284444444	1133
424.878730159	1134
425.432380952	1135
425.970793651	1136
426.529523810	1137
427.118730159	1138
427.768888889	1139
427.875555556	1140
427.972063492	1141
428.068571429	1142
428.160000000	1143
428.261587302	1144
428.363174603	1145
428.459682540	1146
428.540952381	1147
428.622222222	1148
428.718730159	1149
428.805079365	1150
428.891428571	1151
428.987936508	1152
429.074285714	1153
429.160634921	1154
429.252063492	1155
429.338412698	1156
429.424761905	1157
429.521269841	1158
429.617777778	1159
429.709206349	1160
429.805714286	1161
429.902222222	1162
429.988571429	1163
430.090158730	1164
430.181587302	1165
430.273015873	1166
430.344126984	1167
430.425396825	1168
430.501587302	1169
430.608253968	1170
430.699682540	1171
430.780952381	1172
430.897777778	1173
430.999365079	1174
431.106031746	1175
431.207619048	1176
431.314285714	1177
431.405714286	1178
431.497142857	1179
431.588571429	1180
431.700317460	1181
431.801904762	1182
431.903492063	1183
431.994920635	1184
432.096507937	1185
432.187936508	1186
432.304761905	1187
432.396190476	1188
432.502857143	1189
432.589206349	1190
432.690793651	1191
432.782222222	1192
432.868571429	1193
432.980317460	1194
433.092063492	1195
433.198730159	1196
433.320634921	1197
433.417142857	1198
433.559365079	1199
433.640634921	1200
433.742222222	1201
433.833650794	1202
433.935238095	1203
434.006349206	1204
434.102857143	1205
434.194285714	1206
434.290793651	1207
434.417777778	1208
434.504126984	1209
434.610793651	1210
434.717460317	1211
434.829206349	1212
434.956190476	1213
435.083174603	1214
435.215238095	1215
435.372698413	1216
435.504761905	1217
435.646984127	1218
435.763809524	1219
435.855238095	1220
435.951746032	1221
436.068571429	1222
436.170158730	1223
436.286984127	1224
436.398730159	1225
436.510476190	1226
436.581587302	1227
436.683174603	1228
437.170793651	1229
440.954920635	1230
441.366349206	1231
442.179047619	1232
443.098412698	1233
443.484444444	1234
444.220952381	1235
445.201269841	1236
445.627936508	1237
446.135873016	1238
446.430476190	1239
446.735238095	1240
447.055238095	1241
447.354920635	1242
447.705396825	1243
448.030476190	1244
448.467301587	1245
448.787301587	1246
449.183492063	1247
449.518730159	1248
449.935238095	1249
450.366984127	1250
450.803809524	1251
451.078095238	1252
451.464126984	1253
451.789206349	1254
452.104126984	1255
452.840634921	1256
453.201269841	1257
453.566984127	1258
454.389841270	1259
454.867301587	1260
455.502222222	1261
457.838730159	1262
458.021587302	1263
458.184126984	1264
458.285714286	1265
458.397460317	1266
458.509206349	1267
458.620952381	1268
458.742857143	1269
458.829206349	1270
458.940952381	1271
459.057777778	1272
459.164444444	1273
459.266031746	1274
459.377777778	1275
459.479365079	1276
459.580952381	1277
459.667301587	1278
459.763809524	1279
459.865396825	1280
459.982222222	1281
460.099047619	1282
460.220952381	1283
460.332698413	1284
460.439365079	1285
460.556190476	1286
460.657777778	1287
460.774603175	1288
460.886349206	1289
460.987936508	1290
461.094603175	1291
461.216507937	1292
461.343492063	1293
461.434920635	1294
461.561904762	1295
461.673650794	1296
461.785396825	1297
461.881904762	1298
461.988571429	1299
462.095238095	1300
462.217142857	1301
462.318730159	1302
462.425396825	1303
462.537142857	1304
462.653968254	1305
462.760634921	1306
462.872380952	1307
462.994285714	1308
463.095873016	1309
463.197460317	1310
463.314285714	1311
463.426031746	1312
463.542857143	1313
463.690158730	1314
463.822222222	1315
463.954285714	1316
464.076190476	1317
464.213333333	1318
464.345396825	1319
464.477460317	1320
464.609523810	1321
464.761904762	1322
464.888888889	1323
465.026031746	1324
465.158095238	1325
465.305396825	1326
465.422222222	1327
465.574603175	1328
465.772698413	1329
465.980952381	1330
466.163809524	1331
466.356825397	1332
466.539682540	1333
466.737777778	1334
468.154920635	1335
468.261587302	1336
469.241904762	1337
470.384761905	1338
470.694603175	1339
471.649523810	1340
472.746666667	1341