0.557278911	1.1
1.962086167	1.2
3.227573696	2.1
4.284081632	2.2
5.468299319	3.1
6.617687074	3.2
7.813514739	4.1
8.986122448	4.2
10.158730158	5.1
11.435827664	5.2
12.511133786	6.1
13.728798185	6.2
14.953650793	7.1
16.161088435	7.2
17.554285714	8.1
18.634013605	8.2
20.015600907	9.1
21.037278911	9.2
22.209886621	10.1
23.208775510	10.2
24.314739229	11.1
25.321360544	11.2
26.517188208	12.1
27.624557823	12.2
28.665034013	13.1
29.751020408	13.2
30.761632653	14.1
31.759183673	14.2
32.658866213	15.1
33.634104308	15.2
34.713832199	16.1
35.607800453	16.2
36.739773242	17.1
37.970430839	17.2
39.061768707	18.1
40.100136054	18.2
41.064489795	19.1
42.051337868	19.2
43.083877551	20.1
44.071768707	20.2
45.174421768	21.1
46.191972789	21.2
47.229387755	22.1
48.251065759	22.2
49.261133786	23.1
50.207346938	23.2
51.153560090	24.1
52.163628117	24.2
53.138866213	25.1
54.038639455	25.2
54.973242630	26.1
55.971700680	26.2
56.946938775	27.1
57.835102040	27.2
58.804535147	28.1
59.739138321	28.2
60.685351473	29.1
61.573514739	29.2
62.490702947	30.1
63.396281179	30.2
64.313469387	31.1
65.259682539	31.2
66.194285714	32.1
67.215963718	32.2
68.214421768	33.1
69.369614512	33.2
70.559637188	34.1
71.552290249	34.2
72.568163265	35.1
73.647891156	35.2
74.547664399	36.1
75.551927437	36.2
76.532970521	37.1
77.502403628	37.2
78.418185941	38.1
79.273514739	38.2
80.166893424	39.1
81.053061224	39.2
81.954829931	40.1
82.901043083	40.2
83.945941043	41.1
84.990839002	41.2
85.998684807	42.1
87.063219954	42.2
87.980408163	43.1
88.938231292	43.2
89.855419501	44.1
90.749387755	44.2
91.657619047	45.1
92.543129251	45.2
93.413877551	46.1
94.394920634	46.2
95.248253968	47.1
96.171247165	47.2
97.053605442	48.1
97.941768707	48.2
98.824126984	49.1
99.747120181	49.2
100.630294784	50.1
101.558276643	50.2
102.429024943	51.1
103.328798185	51.2
104.176326530	52.1
105.076099773	52.2
105.946848072	53.1
106.782766439	53.2
107.694149659	54.1
108.576507936	54.2
109.471814058	55.1
110.410884353	55.2
111.281632653	56.1
112.123356009	56.2
112.995918367	57.1
113.971428571	57.2
115.118730158	58.1
116.181043083	58.2
117.173696145	59.1
118.102494331	59.2
119.048707482	60.1
119.948480725	60.2
121.004988662	61.1
122.038276643	61.2
123.176054421	62.1
124.232562358	62.2
125.236825396	63.1
126.246893424	63.2
127.355646258	64.1
128.276009070	64.2
129.242267573	65.1
130.263945578	65.2
131.378503401	66.1
132.522086167	66.2
133.587755102	67.1
134.541950113	67.2
135.505850340	68.1
136.514285714	68.2
137.479546485	69.1
138.467823129	69.2
139.540317460	70.1
140.707120181	70.2
141.804263038	71.1
142.947845804	71.2
144.190113378	72.1
145.345306122	72.2
146.471473922	73.1
147.690521541	73.2
148.839909297	74.1
149.977687074	74.2
151.051609977	75.1
152.125532879	75.2
153.321360544	76.1
154.673922902	76.2
156.067120181	77.1
157.396462585	77.2
158.882539682	78.1
160.142222222	78.2
161.430929705	79.1
162.591927437	79.2
163.723900226	80.1
164.797823129	80.2
166.005260770	81.1
167.090793650	81.2
168.234376417	82.1
169.412789115	82.2
170.544761904	83.1
171.665124716	83.2
172.750657596	84.1
173.888435374	84.2
175.206167800	85.1
176.431020408	85.2
177.555396825	86.1
178.660136054	86.2
179.774693877	87.1
180.860226757	87.2
181.945759637	88.1
183.032766439	88.2
184.091859410	89.1
185.347482993	89.2
186.438820861	90.1
187.628843537	90.2
188.861723356	91.1
189.863764172	91.2
190.966712018	92.1
192.046235827	92.2
193.108752834	93.1
194.176870748	93.2
195.233378684	94.1
196.301496598	94.2
197.346938775	95.1
198.368072562	95.2
199.418775510	96.1
200.434648526	96.2
201.520181405	97.1
202.541859410	97.2
203.546122448	98.1
204.579591836	98.2
205.648684807	99.1
206.642925170	99.2
207.667664399	100.1
208.741587301	100.2
209.920000000	101.1
210.906848072	101.2
212.015600907	102.1
213.043083900	102.2
214.093786848	103.1
215.109659863	103.2
216.119727891	104.1
217.176235827	104.2
218.170702947	105.1
219.207981859	105.2
220.235464852	106.1
221.303582766	106.2
222.412335600	107.1
223.532698412	107.2
224.477029478	108.1
225.506394557	108.2
226.440997732	109.1
227.422040816	109.2
228.403083900	110.1
229.349297052	110.2
230.278095238	111.1
231.224308390	111.2
232.129886621	112.1
233.087709750	112.2
234.016507936	113.1
234.939501133	113.2
235.868299319	114.1
236.860952380	114.2
237.836190476	115.1
238.770793650	115.2
239.775056689	116.1
240.709659863	116.2
241.674988662	117.1
242.616916099	117.2
243.571519274	118.1
244.517732426	118.2
245.469750566	119.1
246.406575963	119.2
247.379591836	120.1
248.349818594	120.2
249.289433106	121.1
250.253061224	121.2
251.176054421	122.1
252.162902494	122.2
253.076621315	123.1
253.992585034	123.2
254.931882086	124.1
255.872290249	124.2
256.830113378	125.1
257.857596371	125.2
259.070839002	126.1
260.278276643	126.2
261.323174603	127.1
262.339047619	127.2
263.325895691	128.1
264.394013605	128.2
265.444716553	129.1
266.478004535	129.2
267.522448979	130.1
268.579410430	130.2
269.612698412	131.1
270.645986394	131.2
271.632834467	132.1
272.642902494	132.2
273.658775510	133.1
274.773333333	133.2
276.247800453	134.1
277.373968253	134.2
278.424671201	135.1
279.457959183	135.2
280.427392290	136.1
281.493877551	136.2
282.644897959	137.1
283.706122448	137.2
284.966893424	138.1
286.069841269	138.2
287.104829931	139.1
288.101587301	139.2
289.129070294	140.1
290.139365079	140.2
291.184036281	141.1
292.403083900	141.2
293.366848072	142.1
294.504489795	142.2
295.555192743	143.1
296.675555555	143.2
297.656077097	144.1
298.881451247	144.2
299.920544217	145.1
300.942222222	145.2
301.917460317	146.1
302.857868480	146.2
303.821496598	147.1
304.767709750	147.2
305.731337868	148.1
306.729795918	148.2
307.763083900	149.1
308.900861678	149.2
309.893514739	150.1
310.915192743	150.2
311.942675736	151.1
312.922448979	151.2
313.980226757	152.1
315.054149659	152.2
316.238367346	153.1
317.213605442	153.2
318.217868480	154.1
319.251156462	154.2
320.313469387	155.1
321.288707482	155.2
322.304580498	156.1
323.372698412	156.2
324.435011337	157.1
325.462494331	157.2
326.507392290	158.1
327.616145124	158.2
328.636689342	159.1
329.856870748	159.2
330.913378684	160.1
331.987301587	160.2
333.130884353	161.1
334.384761904	161.2
335.870839002	162.1
337.095691609	162.2
338.233469387	163.1
339.220090702	163.2
340.230385487	164.1
341.315918367	164.2
342.418866213	165.1
343.453061224	165.2
344.514603174	166.1
345.646439909	166.2
346.737777777	167.1
347.713015873	167.2
348.738072562	168.1
349.982766439	168.2
351.271473922	169.1
352.246712018	169.2
353.359387755	170.1
354.452607709	170.2
355.532335600	171.1
356.408888888	171.2
357.395736961	172.1
358.423219954	172.2
359.537777777	173.1
360.564263038	173.2
361.534693877	174.1
362.492517006	174.2
363.549024943	175.1
364.489433106	175.2
365.487891156	176.1
366.410884353	176.2
367.461587301	177.1
368.396190476	177.2
369.499138321	178.1
370.476462585	178.2
371.472834467	179.1
372.459682539	179.2
373.441859410	180.1
374.386258503	180.2
375.367981859	181.1
376.375238095	181.2
377.347482993	182.1
378.374965986	182.2
379.367619047	183.1
380.366077097	183.2
381.306485260	184.1
382.229478458	184.2
383.153696145	185.1
384.145124716	185.2
385.079591836	186.1
385.952471655	186.2
386.890884353	187.1
387.929977324	187.2
388.864580498	188.1
389.741133786	188.2
390.669931972	189.1
391.610340136	189.2
392.515918367	190.1
393.462131519	190.2
394.425759637	191.1
395.273287981	191.2
396.173061224	192.1
397.084444444	192.2
398.042267573	193.1
399.023310657	193.2
399.957913832	194.1
401.026031746	194.2
402.291519274	195.1
403.226122448	195.2
404.236190476	196.1
405.263673469	196.2
406.221496598	197.1
407.196734693	197.2
408.170566893	198.1
409.094965986	198.2
410.032426303	199.1
410.906122448	199.2
411.800090702	200.1
412.688253968	200.2
413.593832199	201.1
414.545850340	201.2
415.538503401	202.1
416.577596371	202.2
417.622494331	203.1
418.649977324	203.2
419.584580498	204.1
420.478548752	204.2
421.337687074	205.1
422.266485260	205.2
423.183673469	206.1
424.071836734	206.2
424.954195011	207.1
425.900408163	207.2
426.800181405	208.1
427.670929705	208.2
428.524263038	209.1
429.418231292	209.2
430.271564625	210.1
431.113287981	210.2
431.972426303	211.1
432.895419501	211.2
433.719727891	212.1
434.587437641	212.2
435.398662131	213.1
436.302947845	213.2
437.138866213	214.1
438.021224489	214.2
438.909387755	215.1
439.814965986	215.2
440.755374149	216.1
441.637732426	216.2
442.514285714	217.1
443.373424036	217.2
444.284807256	218.1
445.323900226	218.2
446.479092970	219.1
447.564625850	219.2
448.592108843	220.1
449.544126984	220.2
450.525170068	221.1
451.448163265	221.2
452.498866213	222.1
453.572789115	222.2
454.722176870	223.1
455.767074829	223.2
456.800362811	224.1
457.833650793	224.2
458.890158730	225.1
459.820544217	225.2
460.782585034	226.1
461.798458049	226.2
463.134761904	227.1
464.280657596	227.2
465.318435374	228.1
466.564353741	228.2
467.550589569	229.1
468.639523809	229.2
469.692630385	230.1
470.680090702	230.2
471.800453514	231.1
472.885986394	231.2
473.901859410	232.1
474.989478458	232.2
476.247074829	233.1
477.355827664	233.2
478.553015873	234.1
479.712653061	234.2
480.891065759	235.1
482.011428571	235.2
483.059002267	236.1
484.195850340	236.2
485.372517006	237.1
486.661156462	237.2
488.182131519	238.1
489.703038548	238.2
491.125260770	239.1
492.419773242	239.2
493.691065759	240.1
494.915918367	240.2
496.047891156	241.1
497.169092970	241.2
498.300226757	242.1
499.379954648	242.2
500.593197278	243.1
501.841269841	243.2
503.037097505	244.1
504.232925170	244.2
505.341678004	245.1
506.583945578	245.2
507.953922902	246.1
509.236825396	246.2
510.424943310	247.1
511.553015873	247.2
512.638548752	248.1
513.758911564	248.2
514.798004535	249.1
515.982222222	249.2
517.085170068	250.1
518.205532879	250.2
519.378140589	251.1
520.719092970	251.2
521.793265306	252.1
523.192018140	252.2
524.521360544	253.1
525.688163265	253.2
526.773696145	254.1
527.911473922	254.2
528.979591836	255.1
530.175419501	255.2
531.307392290	256.1
532.374943310	256.2
533.519092970	257.1
534.474988662	257.2
535.526077097	258.1
536.502857142	258.2
537.462448979	259.1
538.470748299	259.2
539.556281179	260.1
540.653424036	260.2
541.866666666	261.1
542.963809523	261.2
544.153832199	262.1
545.118412698	262.2
546.075283446	263.1
547.079546485	263.2
548.072199546	264.1
549.157732426	264.2
550.185215419	265.1
551.247528344	265.2
552.257596371	266.1
553.238639455	266.2
554.289342403	267.1
555.386485260	267.2
556.477823129	268.1
557.516916099	268.2
558.660498866	269.1
559.705396825	269.2
560.657414965	270.1
561.657528344	270.2
562.654331065	271.1
563.626099773	271.2
564.720907029	272.1
565.690340136	272.2
566.694603174	273.1
567.710476190	273.2
568.726349206	274.1
569.725192743	274.2
570.769705215	275.1
571.832018140	275.2
572.946575963	276.1
574.159818594	276.2
575.477551020	277.1
576.690793650	277.2
577.857596371	278.1
579.065034013	278.2
580.603356009	279.1
581.787755102	279.2
583.093696145	280.1
584.312743764	280.2
586.089070294	281.1
