0.187755102	0	1.1
0.930612244	80.7692	1.2
1.648979591	83.5227	1.3
2.254761904	99.0455	1.4
2.897959183	93.284	2.1
3.493877551	100.685	2.2
4.146938775	91.875	2.3
4.791836734	93.038	2.4
5.469387755	88.5542	3.1
6.000861678	112.894	3.2
6.655918367	91.5951	3.3
7.208163265	108.647	3.4
7.861224489	91.875	4.1
8.432653061	105	4.2
9.126530612	86.4706	4.3
9.714285714	102.083	4.4
10.391836734	88.5542	5.1
11.020408163	95.4545	5.2
11.614104308	101.062	5.3
12.146938775	112.605	5.4
12.914285714	78.1915	6.1
13.371428571	131.25	6.2
14.008163265	94.2308	6.3
14.587755102	103.521	6.4
15.167346938	103.521	7.1
15.836734693	89.6341	7.2
16.522448979	87.5	7.3
17.224489795	85.4651	7.4
17.902040816	88.5542	8.1
18.481632653	103.521	8.2
19.093877551	98	8.3
19.657142857	106.522	8.4
20.391836734	81.6667	9.1
21.085714285	86.4706	9.2
21.681632653	100.685	9.3
22.269387755	102.083	9.4
23.012244897	80.7692	10.1
23.436734693	141.346	10.2
24.051405895	97.6132	10.3
24.620408163	105.448	10.4
25.224489795	99.3243	11.1
25.787709750	106.53	11.2
26.400000000	97.9927	11.3
26.938775510	111.364	11.4
27.689795918	79.8913	12.1
28.285714285	100.685	12.2
28.897959183	98	12.3
29.624489795	82.5843	12.4
30.261224489	94.2308	13.1
31.061224489	75	13.2
31.665306122	99.3243	13.3
32.171428571	118.548	13.4
32.848979591	88.5542	14.1
33.295034013	134.513	14.2
33.902040816	98.8457	14.3
34.408163265	118.548	14.4
35.036734693	95.4545	15.1
35.551020408	116.667	15.2
36.089795918	111.364	15.3
36.702040816	98	15.4
37.297959183	100.685	16.1
37.836734693	111.364	16.2
38.530612244	86.4706	16.3
39.085714285	108.088	16.4
39.853061224	78.1915	17.1
40.661224489	74.2424	17.2
41.232653061	105	17.3
41.755102040	114.844	17.4
42.269387755	116.667	18.1
42.865306122	100.685	18.2
43.346938775	124.576	18.3
43.918367346	105	18.4
44.416326530	120.492	19.1
45.004081632	102.083	19.2
45.551020408	109.701	19.3
46.163265306	98	19.4
46.726530612	106.522	20.1
47.269138321	110.577	20.2
47.812244897	110.476	20.3
48.372834467	107.03	20.4
49.093877551	83.2128	21.1
49.648979591	108.088	21.2
50.244897959	100.685	21.3
50.800000000	108.088	21.4
51.436734693	94.2308	22.1
52.048979591	98	22.2
52.595918367	109.701	22.3
53.159183673	106.522	22.4
53.779591836	96.7105	23.1
54.379977324	99.9358	23.2
54.963265306	102.865	23.3
55.559183673	100.685	23.4
56.163265306	99.3243	24.1
56.873469387	84.4828	24.2
57.306122448	138.679	24.3
57.902040816	100.685	24.4
58.442993197	110.915	25.1
59.069387755	95.7863	25.2
59.608163265	111.364	25.3
60.081632653	126.724	25.4
60.661224489	103.521	26.1
61.200000000	111.364	26.2
61.779591836	103.521	26.3
62.228571428	133.636	26.4
62.873469387	93.038	27.1
63.450476190	103.985	27.2
63.991836734	110.832	27.3
64.489795918	120.492	27.4
65.102040816	98	28.1
65.624489795	114.844	28.2
66.244897959	96.7105	28.3
66.791836734	109.701	28.4
67.379591836	102.083	29.1
67.918367346	111.364	29.2
68.427437641	117.862	29.3
68.987755102	107.082	29.4
69.551020408	106.522	30.1
70.146938775	100.685	30.2
70.653061224	118.548	30.3
71.144149659	122.178	30.4
71.738775510	100.904	31.1
72.277551020	111.364	31.2
72.767346938	122.5	31.3
73.379591836	98	31.4
74.040816326	90.7407	32.1
74.576258503	112.057	32.2
75.175510204	100.125	32.3
75.738775510	106.522	32.4
76.228571428	122.5	33.1
76.775510204	109.701	33.2
77.289795918	116.667	33.3
77.942857142	91.875	33.4
78.677551020	81.6667	34.1
79.404081632	82.5843	34.2
79.910204081	118.548	34.3
80.530612244	96.7105	34.4
81.069387755	111.364	35.1
81.730612244	90.7407	35.2
82.261224489	113.077	35.3
82.946938775	87.5	35.4
83.510204081	106.522	36.1
84.097959183	102.083	36.2
84.677551020	103.521	36.3
85.208163265	113.077	36.4
85.755192743	109.683	37.1
86.351020408	100.7	37.2
86.897959183	109.701	37.3
87.583673469	87.5	37.4
88.114285714	113.077	38.1
88.677551020	106.522	38.2
89.257142857	103.521	38.3
89.771428571	116.667	38.4
90.310204081	111.364	39.1
90.808163265	120.492	39.2
91.346938775	111.364	39.3
91.885714285	111.364	39.4
92.424489795	111.364	40.1
92.955102040	113.077	40.2
93.485714285	113.077	40.3
93.973424036	123.024	40.4
94.653061224	88.2824	41.1
95.265306122	98	41.2
95.893877551	95.4545	41.3
96.497959183	99.3243	41.4
97.248979591	79.8913	42.1
97.853061224	99.3243	42.2
98.375510204	114.844	42.3
98.946938775	105	42.4
99.502040816	108.088	43.1
100.032653061	113.077	43.2
100.595918367	106.522	43.3
101.077551020	124.576	43.4
101.567346938	122.5	44.1
102.114285714	109.701	44.2
102.644897959	113.077	44.3
103.118367346	126.724	44.4
103.657142857	111.364	45.1
104.187755102	113.077	45.2
104.669387755	124.576	45.3
105.175510204	118.548	45.4
105.706122448	113.077	46.1
106.196439909	122.37	46.2
106.718367346	114.959	46.3
107.224489795	118.548	46.4
107.730612244	118.548	47.1
108.187755102	131.25	47.2
108.751020408	106.522	47.3
109.208163265	131.25	47.4
109.820408163	98	48.1
110.367346938	109.701	48.2
110.832653061	128.947	48.3
111.322448979	122.5	48.4
111.869387755	109.701	49.1
112.340226757	127.432	49.2
112.857142857	116.073	49.3
113.346938775	122.5	49.4
113.975510204	95.4545	50.1
114.556077097	103.347	50.2
115.077551020	115.058	50.3
115.575510204	120.492	50.4
116.089795918	116.667	51.1
116.587641723	120.519	51.2
117.069387755	124.547	51.3
117.567346938	120.492	51.4
118.062176870	121.254	52.1
118.620408163	107.482	52.2
119.110204081	122.5	52.3
119.616326530	118.548	52.4
120.091360544	126.307	53.1
120.636734693	110.016	53.2
121.151020408	116.667	53.3
121.591836734	136.111	53.4
122.146938775	108.088	54.1
122.669002267	114.929	54.2
123.167346938	120.399	54.3
123.730612244	106.522	54.4
124.171428571	136.111	55.1
124.653061224	124.576	55.2
125.167346938	116.667	55.3
125.706122448	111.364	55.4
126.171428571	128.947	56.1
126.653061224	124.576	56.2
127.167346938	116.667	56.3
127.657142857	122.5	56.4
128.187755102	113.077	57.1
128.734693877	109.701	57.2
129.257142857	114.844	57.3
129.893877551	94.2308	57.4
130.543015873	92.4302	58.1
131.200000000	91.3264	58.2
131.844897959	93.038	58.3
132.351020408	118.548	58.4
132.938775510	102.083	59.1
133.551020408	98	59.2
134.048979591	120.492	59.3
134.604081632	108.088	59.4
135.093877551	122.5	60.1
135.665306122	105	60.2
136.261224489	100.685	60.3
136.783673469	114.844	60.4
137.281405895	120.547	61.1
137.877551020	100.647	61.2
138.522448979	93.038	61.3
139.093877551	105	61.4
139.804081632	84.4828	62.1
140.416326530	98	62.2
141.020408163	99.3243	62.3
141.542857142	114.844	62.4
142.089795918	109.701	63.1
142.653061224	106.522	63.2
143.232653061	103.521	63.3
143.820408163	102.083	63.4
144.400000000	103.521	64.1
145.012244897	98	64.2
145.567346938	108.088	64.3
146.122448979	108.088	64.4
146.644897959	114.844	65.1
147.208163265	106.522	65.2
147.836734693	95.4545	65.3
148.595918367	79.0323	65.4
149.232653061	94.2308	66.1
149.934693877	85.4651	66.2
150.742857142	74.2424	66.3
151.502040816	79.0323	66.4
152.253061224	79.8913	67.1
152.906122448	91.875	67.2
153.580158730	89.016	67.3
154.163265306	102.897	67.4
154.759183673	100.685	68.1
155.379591836	96.7105	68.2
155.933287981	108.363	68.3
156.497959183	106.257	68.4
156.979591836	124.576	69.1
157.559183673	103.521	69.2
158.057142857	120.492	69.3
158.555102040	120.492	69.4
159.167346938	98	70.1
159.722448979	108.088	70.2
160.285714285	106.522	70.3
160.930612244	93.038	70.4
161.616326530	87.5	71.1
162.195918367	103.521	71.2
162.808163265	98	71.3
163.453061224	93.038	71.4
164.261224489	74.2424	72.1
164.865306122	99.3243	72.2
165.567346938	85.4651	72.3
166.163265306	100.685	72.4
166.824489795	90.7407	73.1
167.436734693	98	73.2
168.041791383	99.1643	73.3
168.636734693	100.85	73.4
169.257142857	96.7105	74.1
169.910204081	91.875	74.2
170.448979591	111.364	74.3
171.085714285	94.2308	74.4
171.624489795	111.364	75.1
172.236734693	98	75.2
172.800000000	106.522	75.3
173.404081632	99.3243	75.4
174.146938775	80.7692	76.1
174.873469387	82.5843	76.2
175.469387755	100.685	76.3
176.122448979	91.875	76.4
176.946938775	72.7723	77.1
177.730612244	76.5625	77.2
178.432653061	85.4651	77.3
179.061224489	95.4545	77.4
179.755102040	86.4706	78.1
180.414875283	90.9403	78.2
181.085714285	89.4402	78.3
181.673469387	102.083	78.4
182.367346938	86.4706	79.1
183.053061224	87.5	79.2
183.657142857	99.3243	79.3
184.261224489	99.3243	79.4
184.889795918	95.4545	80.1
185.518367346	95.4545	80.2
186.204081632	87.5	80.3
186.848979591	93.038	80.4
187.510204081	90.7407	81.1
188.096485260	102.34	81.2
188.718367346	96.4813	81.3
189.330612244	98	81.4
189.975510204	93.038	82.1
190.628571428	91.875	82.2
191.338775510	84.4828	82.3
191.934693877	100.685	82.4
192.767346938	72.0588	83.1
193.420408163	91.875	83.2
194.081632653	90.7407	83.3
194.710204081	95.4545	83.4
195.395918367	87.5	84.1
196.024489795	95.4545	84.2
196.653061224	95.4545	84.3
197.330612244	88.5542	84.4
198.024489795	86.4706	85.1
198.587755102	106.522	85.2
199.224489795	94.2308	85.3
199.828571428	99.3243	85.4
200.424489795	100.685	86.1
201.012244897	102.083	86.2
201.600000000	102.083	86.3
202.191859410	101.375	86.4
202.816326530	96.0819	87.1
203.415804988	100.087	87.2
204.024489795	98.5732	87.3
204.645147392	96.6717	87.4
205.274081632	95.3995	88.1
205.853287981	103.59	88.2
206.457142857	99.3616	88.3
207.077551020	96.7105	88.4
207.640816326	106.522	89.1
208.220408163	103.521	89.2
208.832653061	98	89.3
209.510204081	88.5542	89.4
210.122448979	98	90.1
210.759183673	94.2308	90.2
211.510204081	79.8913	90.3
212.195918367	87.5	90.4
212.922448979	82.5843	1.1
213.624489795	85.4651	1.2
214.228571428	99.3243	1.3
214.791836734	106.522	1.4
215.477551020	87.5	2.1
216.046235827	105.507	2.2
216.734693877	87.1513	2.3
217.444897959	84.4828	2.4
218.057142857	98	3.1
218.653560090	100.601	3.2
219.355102040	85.5259	3.3
219.853061224	120.492	3.4
220.571428571	83.5227	4.1
221.134693877	106.522	4.2
221.877551020	80.7692	4.3
222.612244897	81.6667	4.4
223.208163265	100.685	5.1
223.959183673	79.8913	5.2
224.602630385	93.2478	5.3
225.151020408	109.411	5.4
225.918367346	78.1915	6.1
226.546938775	95.4545	6.2
227.224489795	88.5542	6.3
227.861224489	94.2308	6.4
228.546938775	87.5	7.1
229.167346938	96.7105	7.2
229.902040816	81.6667	7.3
230.563265306	90.7407	7.4
231.355102040	75.7732	8.1
231.902040816	109.701	8.2
232.587755102	87.5	8.3
233.257142857	89.6341	8.4
233.959183673	85.4651	9.1
234.685714285	82.5843	9.2
235.271746031	102.384	9.3
235.877551020	99.0418	9.4
236.604081632	82.5843	10.1
237.036734693	138.679	10.2
237.619909297	102.885	10.3
238.220408163	99.9169	10.4
238.800000000	103.521	11.1
239.387755102	102.083	11.2
240.000000000	98	11.3
240.538775510	111.364	11.4
241.265306122	82.5843	12.1
241.877551020	98	12.2
242.514285714	94.2308	12.3
243.224489795	84.4828	12.4
243.877551020	91.875	13.1
244.481632653	99.3243	13.2
245.036734693	108.088	13.3
245.551020408	116.667	13.4
246.163265306	98	14.1
246.608117913	134.876	14.2
247.159183673	108.88	14.3
247.697959183	111.364	14.4
248.257074829	107.312	15.1
248.751224489	121.421	15.2
249.257142857	118.596	15.3
249.861224489	99.3243	15.4
250.489795918	95.4545	16.1
250.995918367	118.548	16.2
251.600000000	99.3243	16.3
252.187755102	102.083	16.4
253.012494331	72.7503	17.1
253.893877551	68.0748	17.2
254.506122448	98	17.3
255.000566893	121.348	17.4
255.559183673	107.408	18.1
256.113038548	108.332	18.2
256.620408163	118.257	18.3
257.183673469	106.522	18.4
257.706122448	114.844	19.1
258.334693877	95.4545	19.2
258.873469387	111.364	19.3
259.502040816	95.4545	19.4
260.103945578	99.6835	20.1
260.626802721	114.754	20.2
261.191836734	106.188	20.3
261.722448979	113.077	20.4
262.408163265	87.5	21.1
262.881632653	126.724	21.2
263.477551020	100.685	21.3
263.983673469	118.548	21.4
264.710204081	82.5843	22.1
265.289795918	103.521	22.2
265.861224489	105	22.3
266.448979591	102.083	22.4
266.946938775	120.492	23.1
267.551020408	99.3243	23.2
268.114285714	106.522	23.3
268.630929705	116.134	23.4
269.273469387	93.3794	24.1
269.885714285	98	24.2
270.448979591	106.522	24.3
270.963265306	116.667	24.4
271.518367346	108.088	25.1
272.130612244	98	25.2
272.644897959	116.667	25.3
273.085714285	136.111	25.4
273.638934240	108.456	26.1
274.176825396	111.547	26.2
274.677551020	119.826	26.3
275.289795918	98	26.4
275.787755102	120.492	27.1
276.326530612	111.364	27.2
276.824489795	120.492	27.3
277.301723356	125.725	27.4
277.967346938	90.141	28.1
278.555102040	102.083	28.2
279.061224489	118.548	28.3
279.583673469	114.844	28.4
280.204081632	96.7105	29.1
280.759183673	108.088	29.2
281.265306122	118.548	29.3
281.804081632	111.364	29.4
282.408163265	99.3243	30.1
282.926281179	115.804	30.2
283.436734693	117.543	30.3
284.032653061	100.685	30.4
284.563265306	113.077	31.1
285.102040816	111.364	31.2
285.577891156	126.09	31.3
286.146938775	105.439	31.4
286.783673469	94.2308	32.1
287.363265306	103.521	32.2
287.877551020	116.667	32.3
288.499546485	96.4637	32.4
289.032857142	112.505	33.1
289.558004535	114.254	33.2
290.097959183	111.12	33.3
290.783673469	87.5	33.4
291.624489795	71.3592	34.1
292.302040816	88.5542	34.2
292.840816326	111.364	34.3
293.404081632	106.522	34.4
293.965260770	106.918	35.1
294.559818594	100.915	35.2
295.175510204	97.4514	35.3
295.893877551	83.5227	35.4
296.432653061	111.364	36.1
297.004081632	105	36.2
297.575510204	105	36.3
298.138775510	106.522	36.4
298.816326530	88.5542	37.1
299.395918367	103.521	37.2
300.008163265	98	37.3
300.653061224	93.038	37.4
301.175510204	114.844	38.1
301.755102040	103.521	38.2
302.375510204	96.7105	38.3
302.906122448	113.077	38.4
303.420408163	116.667	39.1
303.951020408	113.077	39.2
304.457301587	118.511	39.3
304.991224489	112.376	39.4
305.591836734	99.8981	40.1
306.097959183	118.548	40.2
306.587755102	122.5	40.3
307.110204081	114.844	40.4
307.779591836	89.6341	41.1
308.489795918	84.4828	41.2
309.093877551	99.3243	41.3
309.681632653	102.083	41.4
310.506122448	72.7723	42.1
311.077551020	105	42.2
311.616326530	111.364	42.3
312.106122448	122.5	42.4
312.693877551	102.083	43.1
313.216326530	114.844	43.2
313.771428571	108.088	43.3
314.261224489	122.5	43.4
314.791836734	113.077	44.1
315.265306122	126.724	44.2
315.722448979	131.25	44.3
316.269387755	109.701	44.4
316.791836734	114.844	45.1
317.322448979	113.077	45.2
317.812244897	122.5	45.3
318.285714285	126.724	45.4
318.828752834	110.489	46.1
319.404081632	104.288	46.2
319.885714285	124.576	46.3
320.367346938	124.576	46.4
320.914285714	109.701	47.1
321.428571428	116.667	47.2
321.910204081	124.576	47.3
322.481632653	105	47.4
322.987755102	118.548	48.1
323.583673469	100.685	48.2
324.032653061	133.636	48.3
324.538775510	118.548	48.4
325.069387755	113.077	49.1
325.542857142	126.724	49.2
326.089795918	109.701	49.3
326.579591836	122.5	49.4
327.248979591	89.6341	50.1
327.828571428	103.521	50.2
328.375510204	109.701	50.3
328.946938775	105	50.4
329.453061224	118.548	51.1
329.942857142	122.5	51.2
330.497959183	108.088	51.3
331.020408163	114.844	51.4
331.526530612	118.548	52.1
332.016326530	122.5	52.2
332.530612244	116.667	52.3
333.077551020	109.701	52.4
333.538911564	130.05	53.1
334.073469387	112.242	53.2
334.555102040	124.576	53.3
335.102040816	109.701	53.4
335.640816326	111.364	54.1
336.228571428	102.083	54.2
336.718367346	122.5	54.3
337.248979591	113.077	54.4
337.681632653	138.679	55.1
338.216780045	112.119	55.2
338.705487528	122.773	55.3
339.189183673	124.045	55.4
339.697959183	117.93	56.1
340.146938775	133.636	56.2
340.661224489	116.667	56.3
341.110204081	133.636	56.4
341.616326530	118.548	57.1
342.187755102	105	57.2
342.710204081	114.844	57.3
343.371428571	90.7407	57.4
344.032653061	90.7407	58.1
344.685714285	91.875	58.2
345.338775510	91.875	58.3
345.861224489	114.844	58.4
346.391836734	113.077	59.1
347.012244897	96.7105	59.2
347.485714285	126.724	59.3
348.008163265	114.844	59.4
348.563265306	108.088	60.1
349.110204081	109.701	60.2
349.673469387	106.522	60.3
350.285714285	98	60.4
350.800000000	116.667	61.1
351.355102040	108.088	61.2
352.048979591	86.4706	61.3
352.578684807	113.271	61.4
353.322448979	80.6707	62.1
353.918367346	100.685	62.2
354.489795918	105	62.3
355.020408163	113.077	62.4
355.559183673	111.364	63.1
356.113877551	108.168	63.2
356.734693877	96.6469	63.3
357.314285714	103.521	63.4
357.861224489	109.701	64.1
358.457142857	100.685	64.2
358.963265306	118.548	64.3
359.485714285	114.844	64.4
360.073469387	102.083	65.1
360.649909297	104.087	65.2
361.257142857	98.8088	65.3
362.024489795	78.1915	65.4
362.612244897	102.083	66.1
363.200657596	101.969	66.2
363.918367346	83.5993	66.3
364.458027210	111.181	66.4
365.216326530	79.1244	67.1
365.820408163	99.3243	67.2
366.408163265	102.083	67.3
366.944421768	111.886	67.4
367.520000000	104.243	68.1
368.106122448	102.368	68.2
368.669387755	106.522	68.3
369.189319727	115.4	68.4
369.722448979	112.543	69.1
370.253582766	112.966	69.2
370.814058956	107.052	69.3
371.346938775	112.596	69.4
371.951020408	99.3243	70.1
372.497959183	109.701	70.2
373.061224489	106.522	70.3
373.616326530	108.088	70.4
374.375510204	79.0323	71.1
374.953310657	103.842	71.2
375.575510204	96.4321	71.3
376.244897959	89.6341	71.4
377.026213151	76.7936	72.1
377.624489795	100.288	72.2
378.269387755	93.038	72.3
378.865306122	100.685	72.4
379.493877551	95.4545	73.1
380.065306122	105	73.2
380.726530612	90.7407	73.3
381.292902494	105.937	73.4
381.951020408	91.1691	74.1
382.462925170	117.209	74.2
383.126530612	90.4152	74.3
383.665306122	111.364	74.4
384.318367346	91.875	75.1
384.881632653	106.522	75.2
385.526530612	93.038	75.3
386.130612244	99.3243	75.4
386.816326530	87.5	76.1
387.542222222	82.6565	76.2
388.171428571	95.3582	76.3
388.783673469	98	76.4
389.567346938	76.5625	77.1
390.416326530	70.6731	77.2
391.126530612	84.4828	77.3
391.926530612	75	77.4
392.611723356	87.5666	78.1
393.218049886	98.9566	78.2
393.893877551	88.78	78.3
394.530612244	94.2308	78.4
395.216326530	87.5	79.1
395.885714285	89.6341	79.2
396.506122448	96.7105	79.3
397.102040816	100.685	79.4
397.730612244	95.4545	80.1
398.359183673	95.4545	80.2
399.053061224	86.4706	80.3
399.689795918	94.2308	80.4
400.342857142	91.875	81.1
400.955102040	98	81.2
401.575510204	96.7105	81.3
402.155102040	103.521	81.4
402.808163265	91.875	82.1
403.477551020	89.6341	82.2
404.163265306	87.5	82.3
404.840816326	88.5542	82.4
405.567346938	82.5843	83.1
406.228571428	90.7407	83.2
406.881043083	91.958	83.3
407.534693877	91.7921	83.4
408.195918367	90.7407	84.1
408.808163265	98	84.2
409.477551020	89.6341	84.3
410.130612244	91.875	84.4
410.784489795	91.7603	85.1
411.461224489	88.661	85.2
412.073469387	98	85.3
412.693877551	96.7105	85.4
413.314285714	96.7105	86.1
413.959183673	93.038	86.2
414.514285714	108.088	86.3
415.196371882	87.9654	86.4
415.885714285	87.0395	87.1
416.530612244	93.038	87.2
417.175510204	93.038	87.3
417.820408163	93.038	87.4
418.485510204	90.2117	88.1
419.129478458	93.1723	88.2
419.755102040	95.9043	88.3
420.359183673	99.3243	88.4
420.995918367	94.2308	89.1
421.632653061	94.2308	89.2
422.236734693	99.3243	89.3
422.848979591	98	89.4
423.510204081	90.7407	90.1
424.212244897	85.4651	90.2
424.930612244	83.5227	90.3
425.659523809	82.3145	90.4
426.473469387	73.715	91.1
427.130362811	91.339	91.2
427.820408163	86.9508	91.3
428.457142857	94.2308	91.4
429.110204081	91.875	92.1
429.771428571	90.7407	92.2
430.375510204	99.3243	92.3
431.102040816	82.5843	92.4
431.844897959	80.7692	93.1
432.440816326	100.685	93.2
433.036734693	100.685	93.3
433.624489795	102.083	93.4
434.326530612	85.4651	94.1
434.946938775	96.7105	94.2
435.551020408	99.3243	94.3
436.093764172	110.549	94.4
436.751020408	91.2886	95.1
437.363265306	98	95.2
437.926530612	106.522	95.3
438.467482993	110.915	95.4
439.118367346	92.1823	96.1
439.730612244	98	96.2
440.273401360	110.54	96.3
440.857142857	102.785	96.4
441.453333333	100.639	97.1
442.058117913	99.2089	97.2
442.702040816	93.1789	97.3
443.289795918	102.083	97.4
443.926530612	94.2308	98.1
444.522448979	100.685	98.2
445.126530612	99.3243	98.3
445.700612244	104.515	98.4
446.391836734	86.8025	99.1
446.995918367	99.3243	99.2
447.526530612	113.077	99.3
448.016326530	122.5	99.4
448.702040816	87.5	100.1
449.279909297	103.83	100.2
449.861224489	103.214	100.3
450.473469387	98	100.4
451.151020408	88.5542	101.1
451.722448979	105	101.2
452.326530612	99.3243	101.3
452.906122448	103.521	101.4
453.616326530	84.4828	102.1
454.293877551	88.5542	102.2
454.873469387	103.521	102.3
455.518367346	93.038	102.4
456.106122448	102.083	103.1
456.677551020	105	103.2
457.173514739	120.977	103.3
457.795918367	96.4005	103.4
458.375510204	103.521	104.1
458.979591836	99.3243	104.2
459.518367346	111.364	104.3
460.057142857	111.364	104.4
460.726530612	89.6341	105.1
461.306122448	103.521	105.2
461.844897959	111.364	105.3
462.416326530	105	105.4
462.963922902	109.57	106.1
463.518367346	108.216	106.2
464.114285714	100.685	106.3
464.702040816	102.083	106.4
465.395918367	86.4706	107.1
466.097959183	85.4651	107.2
466.636734693	111.364	107.3
467.232653061	100.685	107.4
467.828571428	100.685	108.1
468.416326530	102.083	108.2
469.020408163	99.3243	108.3
469.697959183	88.5542	108.4
470.424489795	82.5843	109.1
471.120090702	86.2564	109.2
471.689795918	105.318	109.3
472.318367346	95.4545	109.4
472.963265306	93.038	110.1
473.632653061	89.6341	110.2
474.171428571	111.364	110.3
474.775510204	99.3243	110.4
475.338775510	106.522	111.1
475.934693877	100.685	111.2
476.514285714	103.521	111.3
477.020408163	118.548	111.4
477.648979591	95.4545	112.1
478.204081632	108.088	112.2
478.775510204	105	112.3
479.338775510	106.522	112.4
479.918367346	103.521	113.1
480.522448979	99.3243	113.2
481.069387755	109.701	113.3
481.575079365	118.649	113.4
482.146938775	104.921	114.1
482.751020408	99.3243	114.2
483.314285714	106.522	114.3
483.795918367	124.576	114.4
484.417664399	96.5024	115.1
484.979591836	106.775	115.2
485.526893424	109.629	115.3
486.053038548	114.037	115.4
486.636734693	102.793	116.1
487.159183673	114.844	116.2
487.694965986	111.986	116.3
488.236734693	110.748	116.4
488.800000000	106.522	117.1
489.338775510	111.364	117.2
489.918367346	103.521	117.3
490.424489795	118.548	117.4
491.061224489	94.2308	118.1
491.560272108	120.229	118.2
492.179591836	96.8805	118.3
492.653061224	126.724	118.4
493.306122448	91.875	119.1
493.787755102	124.576	119.2
494.434965986	92.7055	119.3
494.914285714	125.177	119.4
495.559183673	93.038	120.1
496.057142857	120.492	120.2
496.661224489	99.3243	120.3
497.159183673	120.492	120.4
497.746938775	102.083	121.1
498.319886621	104.722	121.2
498.801995464	124.453	121.3
499.322448979	115.284	121.4
499.877551020	108.088	122.1
500.404331065	113.9	122.2
500.946938775	110.577	122.3
501.428571428	124.576	122.4
502.008163265	103.521	123.1
502.489795918	124.576	123.2
503.079818594	101.691	123.3
503.502040816	142.105	123.4
504.106122448	99.3243	124.1
504.587755102	124.576	124.2
505.183673469	100.685	124.3
505.658027210	126.488	124.4
506.260952380	99.5148	125.1
506.726530612	128.872	125.2
507.387755102	90.7407	125.3
507.975510204	102.083	125.4
508.628571428	91.875	126.1
509.387755102	79.0323	126.2
509.942857142	108.088	126.3
510.522448979	103.521	126.4
511.021315192	120.273	127.1
511.623061224	99.7098	127.2
512.146938775	114.531	127.3
512.669387755	114.844	127.4
513.216326530	109.701	128.1
513.730884353	116.605	128.2
514.310204081	103.57	128.3
514.938775510	95.4545	128.4
515.444897959	118.548	129.1
516.024489795	103.521	129.2
516.604081632	103.521	129.3
517.175510204	105	129.4
517.828571428	91.875	130.1
518.393628117	106.184	130.2
518.963265306	105.33	130.3
519.502040816	111.364	130.4
520.089795918	102.083	131.1
520.620408163	113.077	131.2
521.200000000	103.521	131.3
521.784988662	102.566	131.4
522.342857142	107.552	132.1
522.930612244	102.083	132.2
523.526530612	100.685	132.3
524.048979591	114.844	132.4
524.712585034	90.4152	133.1
525.237868480	114.224	133.2
525.991836734	79.5789	133.3
526.708526077	83.7183	133.4
527.860521541	52.0835	134.1
528.539070294	88.424	134.2
529.200000000	90.7812	134.3
529.844897959	93.038	134.4
530.312789115	128.235	135.1
530.869160997	107.842	135.2
531.485714285	97.3152	135.3
531.967346938	124.576	135.4
532.563265306	100.685	136.1
533.040725623	125.665	136.2
533.575510204	112.195	136.3
534.187755102	98	136.4
534.734693877	109.701	137.1
535.338775510	99.3243	137.2
535.902040816	106.522	137.3
536.457142857	108.088	137.4
537.159183673	85.4651	138.1
537.820408163	90.7407	138.2
538.400000000	103.521	138.3
538.952086167	108.679	138.4
539.559183673	98.8309	139.1
540.106122448	109.701	139.2
540.636734693	113.077	139.3
541.142857142	118.548	139.4
541.697959183	108.088	140.1
542.222244897	114.441	140.2
542.748707482	113.968	140.3
543.420408163	89.3255	140.4
544.081632653	90.7407	141.1
544.734467120	91.9069	141.2
545.330612244	100.647	141.3
545.910204081	103.521	141.4
546.530612244	96.7105	142.1
547.142857142	98	142.2
547.771428571	95.4545	142.3
548.351020408	103.521	142.4
548.963265306	98	143.1
549.591836734	95.4545	143.2
550.146938775	108.088	143.3
550.726530612	103.521	143.4
551.282562358	107.908	144.1
551.943628117	90.7625	144.2
552.492108843	109.393	144.3
553.086643990	100.919	144.4
553.828571428	80.8704	145.1
554.416326530	102.083	145.2
555.020408163	99.3243	145.3
555.608163265	102.083	145.4
556.172585034	106.303	146.1
556.783673469	98.1855	146.2
557.330612244	109.701	146.3
557.885714285	108.088	146.4
558.455170068	105.364	147.1
558.979591836	114.412	147.2
559.559183673	103.521	147.3
560.155102040	100.685	147.4
560.718367346	106.522	148.1
561.265714285	109.62	148.2
561.853061224	102.154	148.3
562.448979591	100.685	148.4
563.053061224	99.3243	149.1
563.624489795	105	149.2
564.231473922	98.8494	149.3
564.840816326	98.4668	149.4
565.404081632	106.522	150.1
566.000000000	100.685	150.2
566.546938775	109.701	150.3
567.167346938	96.7105	150.4
567.787755102	96.7105	151.1
568.351020408	106.522	151.2
568.955102040	99.3243	151.3
569.502040816	109.701	151.4
570.073469387	105	152.1
570.669387755	100.685	152.2
571.265306122	100.685	152.3
571.910204081	93.038	152.4
572.424489795	116.667	153.1
572.995918367	105	153.2
573.583673469	102.083	153.3
574.146938775	106.522	153.4
574.775510204	95.4545	154.1
575.330612244	108.088	154.2
575.902040816	105	154.3
576.465056689	106.569	154.4
577.102040816	94.1939	155.1
577.608163265	118.548	155.2
578.196167800	102.04	155.3
578.702040816	118.607	155.4
579.338775510	94.2308	156.1
579.926530612	102.083	156.2
580.497959183	105	156.3
581.020408163	114.844	156.4
581.657142857	94.2308	157.1
582.228571428	105	157.2
582.824489795	100.685	157.3
583.348321995	114.54	157.4
584.045464852	86.0656	158.1
584.698117913	91.9325	158.2
585.311678004	97.7899	158.3
585.846938775	112.095	158.4
586.526349206	88.3119	159.1
587.240816326	83.9787	159.2
588.065306122	72.7723	159.3
588.751020408	87.5	159.4
589.461224489	84.4828	160.1
589.999614512	111.443	160.2
590.662426303	90.5234	160.3
591.314285714	92.0444	160.4
591.951020408	94.2308	161.1
592.677551020	82.5843	161.2
593.477551020	75	161.3
594.375510204	66.8182	161.4
595.436326530	56.5602	162.1
596.261224489	72.7363	162.2
596.930612244	89.6341	162.3
597.559183673	95.4545	162.4
598.432653061	68.6916	163.1
599.020408163	102.083	163.2
599.632653061	98	163.3
600.280884353	92.5596	163.4
601.036734693	79.3808	164.1
601.616326530	103.521	164.2
602.261224489	93.038	164.3
602.906122448	93.038	164.4
603.608163265	85.4651	165.1
604.240408163	94.8999	165.2
604.848979591	98.5916	165.3
605.518367346	89.6341	165.4
606.146938775	95.4545	166.1
606.897959183	79.8913	166.2
607.534693877	94.2308	166.3
608.146938775	98	166.4
608.808163265	90.7407	167.1
609.367800453	107.212	167.2
609.967346938	100.076	167.3
610.628571428	90.7407	167.4
611.281632653	91.875	168.1
611.902040816	96.7105	168.2
612.546938775	93.038	168.3
613.214013605	89.9449	168.4
613.991836734	77.1384	169.1
614.563265306	105	169.2
615.200000000	94.2308	169.3
615.893877551	86.4706	169.4
616.669387755	77.3684	170.1
617.383877551	83.976	170.2
618.057142857	89.1179	170.3
618.652494331	100.781	170.4
619.281632653	95.3685	171.1
619.927936507	92.8356	171.2
620.546938775	96.9302	171.3
621.175510204	95.4545	171.4
621.844897959	89.6341	172.1
622.481632653	94.2308	172.2
623.167346938	87.5	172.3
623.787755102	96.7105	172.4
624.375510204	102.083	173.1
624.987755102	98	173.2
625.575510204	102.083	173.3
626.179591836	99.3243	173.4
626.873469387	86.4706	174.1
627.338775510	128.947	174.2
627.951020408	98	174.3
628.538775510	102.083	174.4
629.118367346	103.521	175.1
629.665306122	109.701	175.2
630.293877551	95.4545	175.3
630.808163265	116.667	175.4
631.412244897	99.3243	176.1
631.910204081	120.492	176.2
632.457142857	109.701	176.3
633.004081632	109.701	176.4
633.665306122	90.7407	177.1
634.220408163	108.088	177.2
634.840816326	96.7105	177.3
635.526530612	87.5	177.4
636.310204081	76.5625	178.1
637.028571428	83.5227	178.2
637.618004535	101.793	178.3
638.236734693	96.9728	178.4
638.857142857	96.7105	179.1
639.461224489	99.3243	179.2
640.008163265	109.701	179.3
640.571428571	106.522	179.4
641.085714285	116.667	180.1
641.648979591	106.522	180.2
642.207573696	107.413	180.3
642.783673469	104.149	180.4
643.379591836	100.685	181.1
643.918367346	111.364	181.2
644.481746031	106.5	181.3
645.044897959	106.543	181.4
645.706122448	90.7407	182.1
646.244897959	111.364	182.2
646.930612244	87.5	182.3
647.387755102	131.25	182.4
648.089795918	85.4651	183.1
648.693877551	99.3243	183.2
649.273469387	103.521	183.3
649.844897959	105	183.4
650.473469387	95.4545	184.1
651.053061224	103.521	184.2
651.648979591	100.685	184.3
652.155102040	118.548	184.4
652.848979591	86.4706	185.1
653.469387755	96.7105	185.2
653.926530612	131.25	185.3
654.465306122	111.364	185.4
655.028571428	106.522	186.1
655.617392290	101.899	186.2
656.146938775	113.304	186.3
656.623673469	125.856	186.4
657.224489795	99.8641	187.1
657.787755102	106.522	187.2
658.310204081	114.844	187.3
658.816326530	118.548	187.4
659.420408163	99.3243	188.1
659.936621315	116.231	188.2
660.481632653	110.089	188.3
660.991133786	117.762	188.4
661.608163265	97.2401	189.1
662.179591836	105	189.2
662.693877551	116.667	189.3
663.183673469	122.5	189.4
663.844897959	90.7407	190.1
664.420022675	104.325	190.2
664.889795918	127.721	190.3
665.404081632	116.667	190.4
666.040816326	94.2308	191.1
666.620408163	103.521	191.2
667.110204081	122.5	191.3
667.722448979	98	191.4
668.302040816	103.521	192.1
668.832653061	113.077	192.2
669.371428571	111.364	192.3
669.942857142	105	192.4
670.620408163	88.5542	193.1
671.216326530	100.685	193.2
671.828571428	98	193.3
672.359183673	113.077	193.4
672.865306122	118.548	194.1
673.436734693	105	194.2
674.146938775	84.4828	194.3
674.865306122	83.5227	194.4
675.738775510	68.6916	195.1
676.530612244	75.7732	195.2
677.085714285	108.088	195.3
677.650839002	106.171	195.4
678.293877551	93.307	196.1
678.938775510	93.038	196.2
679.551020408	98	196.3
680.179591836	95.4545	196.4
680.726530612	109.701	197.1
681.297959183	105	197.2
681.885714285	102.083	197.3
682.473469387	102.083	197.4
683.134693877	90.7407	198.1
683.746938775	98	198.2
684.391836734	93.038	198.3
685.044897959	91.875	198.4
685.665306122	96.7105	199.1
686.253061224	102.083	199.2
686.783673469	113.077	199.3
687.355102040	105	199.4
687.893877551	111.364	200.1
688.440816326	109.701	200.2
689.004081632	106.522	200.3
689.616326530	98	200.4
690.171428571	108.088	201.1
690.726530612	108.088	201.2
691.281632653	108.088	201.3
691.804081632	114.844	201.4
692.489795918	87.5	202.1
693.126530612	94.2308	202.2
693.697959183	105	202.3
694.285714285	102.083	202.4
695.119070294	71.998	203.1
695.718367346	100.117	203.2
696.249886621	112.884	203.3
696.815419501	106.095	203.4
697.314285714	120.273	204.1
697.850839002	111.825	204.2
698.378526077	113.704	204.3
698.930612244	108.679	204.4
699.461224489	113.077	205.1
700.000000000	111.364	205.2
700.489795918	122.5	205.3
701.036734693	109.701	205.4
701.551020408	116.667	206.1
702.069024943	115.829	206.2
702.546938775	125.546	206.3
703.142857142	100.685	206.4
703.730612244	102.083	207.1
704.342857142	98	207.2
704.816394557	126.706	207.3
705.371428571	108.101	207.4
705.934693877	106.522	208.1
706.489795918	108.088	208.2
706.955102040	128.947	208.3
707.436734693	124.576	208.4
707.960498866	114.555	209.1
708.506122448	109.966	209.2
709.053061224	109.701	209.3
709.534693877	124.576	209.4
710.122448979	102.083	210.1
710.579591836	131.25	210.2
711.085102040	118.692	210.3
711.624489795	111.237	210.4
712.244897959	96.7105	211.1
712.824489795	103.521	211.2
713.379591836	108.088	211.3
713.876802721	120.673	211.4
714.342857142	128.74	212.1
714.865306122	114.844	212.2
715.395918367	113.077	212.3
715.893877551	120.492	212.4
716.375510204	124.576	213.1
716.938775510	106.522	213.2
717.371428571	138.679	213.3
717.910204081	111.364	213.4
718.440816326	113.077	214.1
718.922448979	124.576	214.2
719.387755102	128.947	214.3
719.875283446	123.07	214.4
720.408163265	112.596	215.1
721.061224489	91.875	215.2
721.567346938	118.548	215.3
722.032653061	128.947	215.4
722.546938775	116.667	216.1
723.061882086	116.518	216.2
723.560612244	120.306	216.3
724.081632653	115.159	216.4
724.563265306	124.576	217.1
725.053061224	122.5	217.2
725.493877551	136.111	217.3
725.983673469	122.5	217.4
726.489795918	118.548	218.1
727.028571428	111.364	218.2
727.551020408	114.844	218.3
728.163265306	98	218.4
728.791836734	95.4545	219.1
729.363265306	105	219.2
730.000000000	94.2308	219.3
730.530612244	113.077	219.4
731.077551020	109.701	220.1
731.624489795	109.701	220.2
732.146938775	114.844	220.3
732.631065759	123.934	220.4
733.126530612	121.098	221.1
733.647256235	115.224	221.2
734.195918367	109.357	221.3
734.775510204	103.521	221.4
735.289795918	116.667	222.1
735.901247165	98.1272	222.2
736.389705215	122.836	222.3
737.076598639	87.3498	222.4
737.771428571	86.3521	223.1
738.319002267	109.574	223.2
738.857142857	111.495	223.3
739.379591836	114.844	223.4
739.893877551	116.667	224.1
740.342857142	133.636	224.2
740.971428571	95.4545	224.3
741.510204081	111.364	224.4
742.097959183	102.083	225.1
742.612244897	116.667	225.2
743.167346938	108.088	225.3
743.706122448	111.364	225.4
744.220408163	116.667	226.1
744.767346938	109.701	226.2
745.355102040	102.083	226.3
745.991836734	94.2308	226.4
746.591360544	100.079	227.1
747.200000000	98.5805	227.2
747.885714285	87.5	227.3
748.497959183	98	227.4
749.110204081	98	228.1
749.783197278	89.1539	228.2
750.400000000	97.2758	228.3
750.938775510	111.364	228.4
751.689795918	79.8913	229.1
752.293877551	99.3243	229.2
752.848979591	108.088	229.3
753.559183673	84.4828	229.4
754.097959183	111.364	230.1
754.693877551	100.685	230.2
755.240816326	109.701	230.3
755.779591836	111.364	230.4
756.391836734	98	231.1
757.044240362	91.9676	231.2
757.640816326	100.574	231.3
758.334693877	86.4706	231.4
758.938775510	99.3243	232.1
759.608163265	89.6341	232.2
760.253061224	93.038	232.3
761.044897959	75.7732	232.4
761.755102040	84.4828	233.1
762.446870748	86.7342	233.2
763.100907029	91.738	233.3
763.746938775	92.8747	233.4
764.391836734	93.038	234.1
765.020408163	95.4545	234.2
765.730612244	84.4828	234.3
766.416258503	87.5087	234.4
767.061224489	93.0282	235.1
767.730612244	89.6341	235.2
768.334693877	99.3243	235.3
769.102040816	78.1915	235.4
769.763265306	90.7407	236.1
770.497959183	81.6667	236.2
771.200000000	85.4651	236.3
771.951020408	79.8913	236.4
772.848979591	66.8182	237.1
773.771428571	65.0443	237.2
774.538775510	78.1915	237.3
775.200000000	90.7407	237.4
775.959183673	79.0323	238.1
776.930612244	61.7647	238.2
777.677823129	80.2986	238.3
778.465306122	76.1921	238.4
779.232653061	78.1915	239.1
779.918367346	87.5	239.2
780.563265306	93.038	239.3
781.191836734	95.4545	239.4
781.861224489	89.6341	240.1
782.522448979	90.7407	240.2
783.175510204	91.875	240.3
783.812244897	94.2308	240.4
784.432653061	96.7105	241.1
785.053061224	96.7105	241.2
785.706122448	91.875	241.3
786.310204081	99.3243	241.4
786.995918367	87.5	242.1
787.542857142	109.701	242.2
788.173424036	95.1525	242.3
788.766802721	101.116	242.4
789.428571428	90.6661	243.1
790.065306122	94.2308	243.2
790.718367346	91.875	243.3
791.412244897	86.4706	243.4
792.146938775	81.6667	244.1
792.783673469	94.2308	244.2
793.428571428	93.038	244.3
794.040816326	98	244.4
794.628571428	102.083	245.1
795.281632653	91.875	245.2
795.869387755	102.083	245.3
796.497959183	95.4545	245.4
797.216326530	83.5227	246.1
797.851247165	94.5	246.2
798.473469387	96.4286	246.3
799.061224489	102.083	246.4
799.697959183	94.2308	247.1
800.285714285	102.083	247.2
800.875124716	101.797	247.3
801.493877551	96.9693	247.4
802.146938775	91.875	248.1
802.775510204	95.4545	248.2
803.387755102	98	248.3
804.008163265	96.7105	248.4
804.661224489	91.875	249.1
805.273469387	98	249.2
805.942857142	89.6341	249.3
806.587755102	93.038	249.4
807.240816326	91.875	250.1
807.902040816	90.7407	250.2
808.506122448	99.3243	250.3
809.151020408	93.038	250.4
809.804081632	91.875	251.1
810.457142857	91.875	251.2
811.151020408	86.4706	251.3
811.844897959	86.4706	251.4
812.527528344	87.8953	252.1
813.191836734	90.3195	252.2
813.853061224	90.7407	252.3
814.604081632	79.8913	252.4
815.510204081	66.2162	253.1
816.204081632	86.4706	253.2
816.824489795	96.7105	253.3
817.477551020	91.875	253.4
818.204081632	82.5843	254.1
818.857142857	91.875	254.2
819.567346938	84.4828	254.3
820.195918367	95.4545	254.4
820.832653061	94.2308	255.1
821.493877551	90.7407	255.2
822.204081632	84.4828	255.3
822.857142857	91.875	255.4
823.567346938	84.4828	256.1
824.212244897	93.038	256.2
824.865306122	91.875	256.3
825.493877551	95.4545	256.4
826.081632653	102.083	257.1
826.661224489	103.521	257.2
827.265306122	99.3243	257.3
827.893877551	95.4545	257.4
828.563265306	89.6341	258.1
829.191836734	95.4545	258.2
829.805963718	97.6997	258.3
830.391859410	102.407	258.4
831.020408163	95.458	259.1
831.722448979	85.4651	259.2
832.367346938	93.038	259.3
833.085714285	83.5227	259.4
833.861224489	77.3684	260.1
834.530612244	89.6341	260.2
835.151020408	96.7105	260.3
835.700340136	109.226	260.4
836.334693877	94.5844	261.1
836.995918367	90.7407	261.2
837.624489795	95.4545	261.3
838.318367346	86.4706	261.4
839.061224489	80.7692	262.1
839.787755102	82.5843	262.2
840.326530612	111.364	262.3
840.979591836	91.875	262.4
841.730612244	79.8913	263.1
842.408163265	88.5542	263.2
843.134693877	82.5843	263.3
843.738775510	99.3243	263.4
844.405328798	90.0153	264.1
845.053061224	92.6308	264.2
845.730612244	88.5542	264.3
846.359183673	95.4545	264.4
847.093877551	81.6667	265.1
847.738775510	93.038	265.2
848.351020408	98	265.3
849.053061224	85.4651	265.4
849.689795918	94.2308	266.1
850.391836734	85.4651	266.2
851.028571428	94.2308	266.3
851.787755102	79.0323	266.4
852.448979591	90.7407	267.1
853.102040816	91.875	267.2
853.738775510	94.2308	267.3
854.302040816	106.522	267.4
854.922448979	96.7105	268.1
855.574217687	92.0572	268.2
856.424489795	70.5656	268.3
857.093877551	89.6341	268.4
857.787755102	86.4706	269.1
858.355555555	105.671	269.2
858.979591836	96.1483	269.3
859.567346938	102.083	269.4
860.179591836	98	270.1
860.832653061	91.875	270.2
861.395918367	106.522	270.3
862.089795918	86.4706	270.4
862.865306122	77.3684	271.1
863.485714285	96.7105	271.2
864.179591836	86.4706	271.3
864.824489795	93.038	271.4
865.476462585	92.0284	272.1
866.089795918	97.8261	272.2
866.702040816	98	272.3
867.330612244	95.4545	272.4
867.972789115	93.4322	273.1
868.563265306	101.613	273.2
869.159183673	100.685	273.3
869.836734693	88.5542	273.4
870.457142857	96.7105	274.1
871.126530612	89.6341	274.2
871.746938775	96.7105	274.3
872.360000000	97.8695	274.4
872.946938775	102.225	275.1
873.567346938	96.7105	275.2
874.187755102	96.7105	275.3
874.857142857	89.6341	275.4
875.583673469	82.5843	276.1
876.269387755	87.5	276.2
877.142857142	68.6916	276.3
877.959183673	73.5	276.4
878.628571428	89.6341	277.1
879.314285714	87.5	277.2
880.024489795	84.4828	277.3
880.767346938	80.7692	277.4
881.648979591	68.0556	278.1
882.310204081	90.7407	278.2
883.085714285	77.3684	278.3
883.918367346	72.0588	278.4
884.889795918	61.7647	279.1
885.714285714	72.7723	279.2
886.473469387	79.0323	279.3
887.297959183	72.7723	279.4
888.097959183	75	280.1
888.922448979	72.7723	280.2
889.763265306	71.3592	280.3
890.857142857	54.8507	280.4
892.644897959	33.5616	281.1
