2.171428571	1.1
2.791836734	1.2
3.493877551	1.3
4.138775510	1.4
4.835555555	2.1
5.453061224	2.2
5.991836734	2.3
6.604081632	2.4
7.110204081	3.1
7.722448979	3.2
8.278049886	3.3
8.848979591	3.4
9.534693877	4.1
10.114285714	4.2
10.775510204	4.3
11.306122448	4.4
11.918367346	5.1
12.538775510	5.2
13.110204081	5.3
13.730612244	5.4
14.285714285	6.1
14.873469387	6.2
15.469387755	6.3
16.163265306	6.4
16.791836734	7.1
17.485714285	7.2
18.138775510	7.3
18.895238095	7.4
19.844897959	8.1
20.571428571	8.2
21.191836734	8.3
21.861224489	8.4
22.582834467	9.1
23.475374149	9.2
23.934693877	9.3
24.522040816	9.4
25.159183673	10.1
25.706122448	10.2
26.283537414	10.3
26.808163265	10.4
27.376326530	11.1
27.885714285	11.2
28.416326530	11.3
28.926258503	11.4
29.640816326	12.1
30.253061224	12.2
30.843741496	12.3
31.469387755	12.4
32.000000000	13.1
32.604081632	13.2
33.151020408	13.3
33.707392290	13.4
34.302040816	14.1
34.800000000	14.2
35.314285714	14.3
35.885714285	14.4
36.375510204	15.1
36.995918367	15.2
37.372517006	15.3
38.000000000	15.4
38.595918367	16.1
39.201088435	16.2
39.688707482	16.3
40.383673469	16.4
41.028571428	17.1
41.804081632	17.2
42.432653061	17.3
42.971428571	17.4
43.542857142	18.1
44.008163265	18.2
44.448979591	18.3
44.963265306	18.4
45.387755102	19.1
45.877551020	19.2
46.367346938	19.3
46.816326530	19.4
47.306122448	20.1
47.804081632	20.2
48.302040816	20.3
48.816326530	20.4
49.376054421	21.1
49.902040816	21.2
50.481632653	21.3
50.995918367	21.4
51.657142857	22.1
52.233287981	22.2
52.742857142	22.3
53.318820861	22.4
53.777414965	23.1
54.318367346	23.2
54.751020408	23.3
55.265306122	23.4
55.803356009	24.1
56.277551020	24.2
56.832653061	24.3
57.412244897	24.4
57.962811791	25.1
58.595918367	25.2
59.017551020	25.3
59.575510204	25.4
60.047505668	26.1
60.677551020	26.2
61.188752834	26.3
61.657097505	26.4
62.277551020	27.1
62.881632653	27.2
63.248979591	27.3
63.828571428	27.4
64.293877551	28.1
64.906122448	28.2
65.381587301	28.3
65.804081632	28.4
66.369410430	29.1
66.955102040	29.2
67.442358276	29.3
68.040816326	29.4
68.632380952	30.1
69.218888888	30.2
69.711473922	30.3
70.269387755	30.4
70.775510204	31.1
71.355102040	31.2
71.902040816	31.3
72.383673469	31.4
73.001564625	32.1
73.526530612	32.2
74.040816326	32.3
74.472199546	32.4
74.895963718	33.1
75.447437641	33.2
76.010385487	33.3
76.718367346	33.4
77.461224489	34.1
78.048979591	34.2
78.522448979	34.3
78.971428571	34.4
79.493514739	35.1
79.996417233	35.2
80.502176870	35.3
80.948027210	35.4
81.385941043	36.1
81.861224489	36.2
82.277551020	36.3
82.726530612	36.4
83.265306122	37.1
83.804081632	37.2
84.323265306	37.3
84.791836734	37.4
85.420408163	38.1
86.032653061	38.2
86.448979591	38.3
86.897959183	38.4
87.329433106	39.1
87.745714285	39.2
88.130612244	39.3
88.538775510	39.4
89.012244897	40.1
89.444897959	40.2
89.844897959	40.3
90.269387755	40.4
90.775510204	41.1
91.257142857	41.2
91.648979591	41.3
92.138775510	41.4
92.742857142	42.1
93.330612244	42.2
93.787755102	42.3
94.204081632	42.4
94.638730158	43.1
95.085714285	43.2
95.503673469	43.3
95.886802721	43.4
96.318367346	44.1
96.800000000	44.2
97.224489795	44.3
97.632653061	44.4
98.057142857	45.1
98.522448979	45.2
98.900136054	45.3
99.281632653	45.4
99.681632653	46.1
100.109455782	46.2
100.522448979	46.3
100.922448979	46.4
101.314285714	47.1
101.730612244	47.2
102.122448979	47.3
102.514285714	47.4
102.889795918	48.1
103.306122448	48.2
103.681632653	48.3
104.048979591	48.4
104.424489795	49.1
104.840816326	49.2
105.216326530	49.3
105.600000000	49.4
106.016326530	50.1
106.408163265	50.2
106.791836734	50.3
107.175510204	50.4
107.600000000	51.1
107.987755102	51.2
108.359183673	51.3
108.804081632	51.4
109.163265306	52.1
109.591836734	52.2
109.959183673	52.3
110.310204081	52.4
110.685714285	53.1
111.102040816	53.2
111.518367346	53.3
111.934693877	53.4
112.351020408	54.1
112.854784580	54.2
113.234240362	54.3
113.652902494	54.4
114.001451247	55.1
114.514285714	55.2
114.857505668	55.3
115.290702947	55.4
115.646916099	56.1
116.040816326	56.2
116.430657596	56.3
116.857142857	56.4
117.175510204	57.1
117.624489795	57.2
118.048979591	57.3
118.604081632	57.4
119.085714285	58.1
119.648979591	58.2
120.145487528	58.3
120.669387755	58.4
121.102040816	59.1
121.542970521	59.2
122.089795918	59.3
122.514285714	59.4
122.946938775	60.1
123.355102040	60.2
123.869387755	60.3
124.318367346	60.4
124.791836734	61.1
125.322448979	61.2
125.747664399	61.3
126.367346938	61.4
126.945487528	62.1
127.439274376	62.2
127.918367346	62.3
128.448979591	62.4
128.955102040	63.1
129.469387755	63.2
129.951020408	63.3
130.496145124	63.4
130.955102040	64.1
131.534693877	64.2
132.032653061	64.3
132.489795918	64.4
132.995918367	65.1
133.485714285	65.2
134.089795918	65.3
134.745396825	65.4
135.510204081	66.1
136.106122448	66.2
136.846802721	66.3
137.462131519	66.4
138.158730158	67.1
138.704399092	67.2
139.261678004	67.3
139.716848072	67.4
140.248662131	68.1
140.800000000	68.2
141.314285714	68.3
141.763356009	68.4
142.261224489	69.1
142.733061224	69.2
143.208163265	69.3
143.690884353	69.4
144.228571428	70.1
144.734693877	70.2
145.265306122	70.3
145.804081632	70.4
146.274104308	71.1
146.866213151	71.2
147.350317460	71.3
147.969160997	71.4
148.571428571	72.1
149.142857142	72.2
149.745487528	72.3
150.277551020	72.4
150.905963718	73.1
151.453061224	73.2
152.040816326	73.3
152.693877551	73.4
153.198934240	74.1
153.784104308	74.2
154.359183673	74.3
154.897959183	74.4
155.469206349	75.1
156.090340136	75.2
156.757913832	75.3
157.404081632	75.4
158.116281179	76.1
158.836099773	76.2
159.379591836	76.3
160.130612244	76.4
160.914285714	77.1
161.651519274	77.2
162.481632653	77.3
163.216326530	77.4
163.980068027	78.1
164.636734693	78.2
165.248979591	78.3
165.942857142	78.4
166.661224489	79.1
167.303174603	79.2
167.893877551	79.3
168.481632653	79.4
169.021632653	80.1
169.608163265	80.2
170.295147392	80.3
170.889795918	80.4
171.458276643	81.1
172.040816326	81.2
172.718321995	81.3
173.330612244	81.4
174.016326530	82.1
174.702040816	82.2
175.346938775	82.3
175.955102040	82.4
176.681632653	83.1
177.371428571	83.2
177.944240362	83.3
178.546938775	83.4
179.110204081	84.1
179.706122448	84.2
180.293877551	84.3
180.987755102	84.4
181.665306122	85.1
182.285714285	85.2
182.963265306	85.3
183.608163265	85.4
184.228571428	86.1
184.848979591	86.2
185.542857142	86.3
186.160090702	86.4
186.791836734	87.1
187.542857142	87.2
188.155102040	87.3
188.718367346	87.4
189.240816326	88.1
189.885714285	88.2
190.465306122	88.3
191.118367346	88.4
191.902040816	89.1
192.611950113	89.2
193.216575963	89.3
193.853061224	89.4
194.444897959	90.1
195.200000000	90.2
195.926530612	90.3
196.767346938	90.4
197.640816326	91.1
198.205532879	91.2
198.727981859	91.3
199.330612244	91.4
199.888979591	92.1
200.376802721	92.2
200.997732426	92.3
201.567346938	92.4
202.138775510	93.1
202.662335600	93.2
203.191836734	93.3
203.689795918	93.4
204.326530612	94.1
204.832653061	94.2
205.371428571	94.3
205.951020408	94.4
206.448979591	95.1
206.965260770	95.2
207.444897959	95.3
207.926530612	95.4
208.440816326	96.1
208.909455782	96.2
209.444897959	96.3
209.925578231	96.4
210.407619047	97.1
210.955102040	97.2
211.436734693	97.3
211.963356009	97.4
212.489795918	98.1
212.971428571	98.2
213.501678004	98.3
214.070566893	98.4
214.612244897	99.1
215.063219954	99.2
215.574058956	99.3
216.081632653	99.4
216.669387755	100.1
217.183673469	100.2
217.681269841	100.3
218.192108843	100.4
218.813242630	101.1
219.346938775	101.2
219.811700680	101.3
220.386394557	101.4
220.966893424	102.1
221.526530612	102.2
222.029206349	102.3
222.534240362	102.4
223.068299319	103.1
223.706848072	103.2
224.211882086	103.3
224.670476190	103.4
225.210340136	104.1
225.761814058	104.2
226.272653061	104.3
226.748662131	104.4
227.253696145	105.1
227.834195011	105.2
228.321814058	105.3
228.821043083	105.4
229.360907029	106.1
229.929795918	106.2
230.521904761	106.3
231.172063492	106.4
231.897687074	107.1
232.454965986	107.2
232.916303854	107.3
233.447619047	107.4
234.004897959	108.1
234.544761904	108.2
235.002131519	108.3
235.461950113	108.4
236.065668934	109.1
236.576507936	109.2
237.075736961	109.3
237.563356009	109.4
238.109024943	110.1
238.625668934	110.2
239.083968253	110.3
239.589297052	110.4
240.094331065	111.1
240.610975056	111.2
241.075374149	111.3
241.522086167	111.4
242.024557823	112.1
242.503401360	112.2
242.944580498	112.3
243.391564625	112.4
243.855963718	113.1
244.343582766	113.2
244.807981859	113.3
245.289795918	113.4
245.754195011	114.1
246.241814058	114.2
246.706213151	114.3
247.199637188	114.4
247.640816326	115.1
248.081995464	115.2
248.528979591	115.3
248.975963718	115.4
249.422947845	116.1
249.893151927	116.2
250.316916099	116.3
250.770816326	116.4
251.222494331	117.1
251.698503401	117.2
252.133877551	117.3
252.586666666	117.4
253.074285714	118.1
253.469024943	118.2
253.927619047	118.3
254.357188208	118.4
254.819659863	119.1
255.216326530	119.2
255.645895691	119.3
256.081269841	119.4
256.563083900	120.1
256.928798185	120.2
257.399002267	120.3
257.753106575	120.4
258.258140589	121.1
258.623854875	121.2
259.070839002	121.3
259.471111111	121.4
259.929977324	122.1
260.342131519	122.2
260.771700680	122.3
261.172244897	122.4
261.630249433	123.1
262.046643990	123.2
262.478367346	123.3
262.849886621	123.4
263.331700680	124.1
263.697414965	124.2
264.167619047	124.3
264.614603174	124.4
265.044172335	125.1
265.386666666	125.2
265.996190476	125.3
266.471995464	125.4
266.988843537	126.1
267.503537414	126.2
268.080181405	126.3
268.538775510	126.4
268.950929705	127.1
269.479183673	127.2
269.902947845	127.3
270.326712018	127.4
270.756281179	128.1
271.173854875	128.2
271.714104308	128.3
272.137868480	128.4
272.619682539	129.1
273.060861678	129.2
273.600725623	129.3
274.059319727	129.4
274.599183673	130.1
275.040362811	130.2
275.562811791	130.3
276.067845804	130.4
276.567074829	131.1
277.025668934	131.2
277.530702947	131.3
278.076371882	131.4
278.511746031	132.1
279.051609977	132.2
279.486984126	132.3
279.910748299	132.4
280.439002267	133.1
280.888321995	133.2
281.437460317	133.3
281.965714285	133.4
282.778412698	134.1
283.341496598	134.2
283.933605442	134.3
284.421224489	134.4
284.926258503	135.1
285.402267573	135.2
285.855056689	135.3
286.331065759	135.4
286.731609977	136.1
287.201814058	136.2
287.648798185	136.3
288.084172335	136.4
288.583900226	137.1
289.105850340	137.2
289.616689342	137.3
290.127528344	137.4
290.655782312	138.1
291.271111111	138.2
291.776145124	138.3
292.246349206	138.4
292.786213151	139.1
293.244807256	139.2
293.778866213	139.3
294.243265306	139.4
294.713469387	140.1
295.154648526	140.2
295.630657596	140.3
296.153106575	140.4
296.762630385	141.1
297.418594104	141.2
297.999092970	141.3
298.480907029	141.4
299.014965986	142.1
299.589659863	142.2
300.106303854	142.3
300.617142857	142.4
301.145396825	143.1
301.708480725	143.2
302.236734693	143.3
302.764988662	143.4
303.264217687	144.1
303.920181405	144.2
304.535510204	144.3
305.086984126	144.4
305.719727891	145.1
306.224761904	145.2
306.747210884	145.3
307.223219954	145.4
307.710839002	146.1
308.186848072	146.2
308.662857142	146.3
309.121451247	146.4
309.620680272	147.1
310.050249433	147.2
310.532063492	147.3
311.024058956	147.4
311.478276643	148.1
311.989115646	148.2
312.436099773	148.3
312.906303854	148.4
313.451972789	149.1
313.997641723	149.2
314.456235827	149.3
314.938049886	149.4
315.396643990	150.1
315.884263038	150.2
316.354467120	150.3
316.847891156	150.4
317.364535147	151.1
317.805714285	151.2
318.339773242	151.3
318.809977324	151.4
319.320816326	152.1
319.796825396	152.2
320.301859410	152.3
320.824308390	152.4
321.340952380	153.1
321.933061224	153.2
322.385850340	153.3
322.832834467	153.4
323.303038548	154.1
323.837097505	154.2
324.347936507	154.3
324.835555555	154.4
325.311564625	155.1
325.799183673	155.2
326.333242630	155.3
326.803446712	155.4
327.267845804	156.1
327.790294784	156.2
328.272108843	156.3
328.748117913	156.4
329.276371882	157.1
329.885895691	157.2
330.344489795	157.3
330.814693877	157.4
331.395192743	158.1
331.917641723	158.2
332.503945578	158.3
333.043809523	158.4
333.580158730	159.1
334.210612244	159.2
334.750476190	159.3
335.319365079	159.4
335.766349206	160.1
336.242358276	160.2
336.712562358	160.3
337.172312925	160.4
337.629750566	161.1
338.112925170	161.2
338.848798185	161.3
339.330612244	161.4
340.015600907	162.1
340.926984126	162.2
341.391383219	162.3
341.931247165	162.4
342.563990929	163.1
343.066099773	163.2
343.632108843	163.3
344.160362811	163.4
344.677006802	164.1
345.205260770	164.2
345.693219954	164.3
346.261768707	164.4
346.830657596	165.1
347.335691609	165.2
347.836009070	165.3
348.403809523	165.4
348.874013605	166.1
349.547392290	166.2
350.023401360	166.3
350.551655328	166.4
351.062494331	167.1
351.666213151	167.2
352.165442176	167.3
352.705306122	167.4
353.204535147	168.1
353.854693877	168.2
354.394557823	168.3
354.957641723	168.4
355.764535147	169.1
356.345034013	169.2
356.867482993	169.3
357.424761904	169.4
358.063310657	170.1
358.817959183	170.2
359.340408163	170.3
359.909297052	170.4
360.472380952	171.1
360.994829931	171.2
361.482448979	171.3
362.033922902	171.4
362.480907029	172.1
363.119455782	172.2
363.676734693	172.3
364.222403628	172.4
364.721632653	173.1
365.342766439	173.2
365.859410430	173.3
366.318004535	173.4
366.747573696	174.1
367.386122448	174.2
367.844716553	174.3
368.292585034	174.4
368.848979591	175.1
369.365623582	175.2
369.847437641	175.3
370.311836734	175.4
370.840090702	176.1
371.321904761	176.2
371.739863945	176.3
372.239092970	176.4
372.831201814	177.1
373.266077097	177.2
373.823854875	177.3
374.369523809	177.4
374.973242630	178.1
375.588571428	178.2
376.134240362	178.3
376.592834467	178.4
377.150113378	179.1
377.643537414	179.2
378.113741496	179.3
378.543310657	179.4
379.019319727	180.1
379.524353741	180.2
380.006167800	180.3
380.511201814	180.4
380.981405895	181.1
381.492244897	181.2
381.927619047	181.3
382.479092970	181.4
383.047981859	182.1
383.698140589	182.2
384.191564625	182.3
384.748843537	182.4
385.387392290	183.1
386.014331065	183.2
386.490340136	183.3
387.099863945	183.4
387.583696145	184.1
388.156371882	184.2
388.614965986	184.3
389.207074829	184.4
389.752743764	185.1
390.327437641	185.2
390.826666666	185.3
391.308253968	185.4
391.883174603	186.1
392.492698412	186.2
392.922267573	186.3
393.415691609	186.4
393.903310657	187.1
394.437369614	187.2
394.890158730	187.3
395.377777777	187.4
395.917641723	188.1
396.457505668	188.2
396.823219954	188.3
397.258594104	188.4
397.763628117	189.1
398.320907029	189.2
398.796916099	189.3
399.275056689	189.4
399.836009070	190.1
400.329546485	190.2
400.811247165	190.3
401.298866213	190.4
401.856145124	191.1
402.517913832	191.2
402.947482993	191.3
403.475736961	191.4
404.056235827	192.1
404.572879818	192.2
405.048888888	192.3
405.559727891	192.4
406.186666666	193.1
406.710997732	193.2
407.341859410	193.3
407.881723356	193.4
408.501541950	194.1
409.106575963	194.2
409.785759637	194.3
410.720362811	194.4
411.713015873	195.1
412.316734693	195.2
412.810158730	195.3
413.216961451	195.4
413.738956916	196.1
414.203356009	196.2
414.690975056	196.3
415.143764172	196.4
415.631383219	197.1
416.136417233	197.2
416.571791383	197.3
417.036190476	197.4
417.518004535	198.1
418.028843537	198.2
418.452607709	198.3
418.911201814	198.4
419.474285714	199.1
420.043174603	199.2
420.478548752	199.3
420.937142857	199.4
421.355102040	200.1
421.784671201	200.2
422.185215419	200.3
422.591564625	200.4
423.050158730	201.1
423.555192743	201.2
424.007981859	201.3
424.437551020	201.4
424.971609977	202.1
425.470839002	202.2
425.964263038	202.3
426.643446712	202.4
427.073015873	203.1
427.624489795	203.2
428.025034013	203.3
428.495238095	203.4
428.965442176	204.1
429.435646258	204.2
429.789750566	204.3
430.230929705	204.4
430.654693877	205.1
431.136507936	205.2
431.519637188	205.3
431.908571428	205.4
432.303310657	206.1
432.779319727	206.2
433.127619047	206.3
433.522358276	206.4
433.940317460	207.1
434.433741496	207.2
434.811065759	207.3
435.170975056	207.4
435.571519274	208.1
435.931428571	208.2
436.337777777	208.3
436.726712018	208.4
437.104036281	209.1
437.533605442	209.2
437.881904761	209.3
438.247619047	209.4
438.636553287	210.1
439.054512471	210.2
439.402811791	210.3
439.768526077	210.4
440.163265306	211.1
440.575419501	211.2
440.917913832	211.3
441.283628117	211.4
441.655147392	212.1
442.026666666	212.2
442.374965986	212.3
442.734875283	212.4
443.118004535	213.1
443.512743764	213.2
443.866848072	213.3
444.209342403	213.4
444.575056689	214.1
444.963990929	214.2
445.323900226	214.3
445.689614512	214.4
446.020498866	215.1
446.469183673	215.2
446.862222222	215.3
447.256757369	215.4
447.634285714	216.1
448.063854875	216.2
448.403197278	216.3
448.830113378	216.4
449.195827664	217.1
449.607981859	217.2
450.043356009	217.3
450.426485260	217.4
450.774784580	218.1
451.204353741	218.2
451.674557823	218.3
452.226031746	218.4
452.707845804	219.1
453.328979591	219.2
453.880453514	219.3
454.373877551	219.4
454.791836734	220.1
455.262040816	220.2
455.772879818	220.3
456.231473922	220.4
456.632018140	221.1
457.073197278	221.2
457.520181405	221.3
458.071655328	221.4
458.459682539	222.1
459.000453514	222.2
459.464852607	222.3
460.017074829	222.4
460.578344671	223.1
461.084444444	223.2
461.606893424	223.3
462.082902494	223.4
462.558911564	224.1
463.023310657	224.2
463.609614512	224.3
464.155283446	224.4
464.660317460	225.1
465.205986394	225.2
465.647165532	225.3
466.140589569	225.4
466.587573696	226.1
467.069387755	226.2
467.603446712	226.3
468.201360544	226.4
468.752834467	227.1
469.333333333	227.2
469.966077097	227.3
470.465306122	227.4
470.970340136	228.1
471.539229024	228.2
472.090702947	228.3
472.665396825	228.4
473.135600907	229.1
473.681269841	229.2
474.237074829	229.3
474.718662131	229.4
475.245804988	230.1
475.758571428	230.2
476.365283446	230.3
476.868208616	230.4
477.413877551	231.1
478.052426303	231.2
478.586485260	231.3
479.190204081	231.4
479.730068027	232.1
480.362811791	232.2
481.007165532	232.3
481.601791383	232.4
482.371337868	233.1
483.066394557	233.2
483.654240362	233.3
484.275374149	233.4
484.873287981	234.1
485.459659863	234.2
486.167800453	234.3
486.899229024	234.4
487.613242630	235.1
488.321451247	235.2
488.878730158	235.3
489.511473922	235.4
490.115192743	236.1
490.776961451	236.2
491.427120181	236.3
492.158548752	236.4
492.910770975	237.1
493.771950113	237.2
494.503764172	237.3
495.223582766	237.4
496.050861678	238.1
497.127619047	238.2
497.800997732	238.3
498.404716553	238.4
499.200000000	239.1
499.867573696	239.2
500.482902494	239.3
501.167891156	239.4
501.905124716	240.1
502.561088435	240.2
503.124172335	240.3
503.716281179	240.4
504.273560090	241.1
504.894693877	241.2
505.631927437	241.3
506.247256235	241.4
506.827755102	242.1
507.419863945	242.2
508.093242630	242.3
508.733764172	242.4
509.410975056	243.1
510.101768707	243.2
510.775147392	243.3
511.460136054	243.4
512.179954648	244.1
512.824308390	244.2
513.416417233	244.3
514.066575963	244.4
514.658684807	245.1
515.279818594	245.2
515.929977324	245.3
516.568526077	245.4
517.247709750	246.1
517.886258503	246.2
518.542222222	246.3
519.140136054	246.4
519.755464852	247.1
520.405623582	247.2
521.038367346	247.3
521.674013605	247.4
522.280634920	248.1
522.919183673	248.2
523.528707482	248.3
524.149841269	248.4
524.817414965	249.1
525.490793650	249.2
526.111927437	249.3
526.709002267	249.4
527.360000000	250.1
527.981133786	250.2
528.648707482	250.3
529.333696145	250.4
529.983854875	251.1
530.715283446	251.2
531.365442176	251.3
532.062040816	251.4
532.723809523	252.1
533.443628117	252.2
534.186666666	252.3
535.034195011	252.4
535.783038548	253.1
536.457687074	253.2
536.955646258	253.3
537.553560090	253.4
538.250158730	254.1
538.770181405	254.2
539.370521541	254.3
539.904580498	254.4
540.595374149	255.1
541.193287981	255.2
541.721541950	255.3
542.412335600	255.4
543.068299319	256.1
543.793922902	256.2
544.316371882	256.3
544.943310657	256.4
545.488979591	257.1
546.179773242	257.2
546.777687074	257.3
547.346575963	257.4
547.961904761	258.1
548.594648526	258.2
549.175147392	258.3
549.715011337	258.4
550.382585034	259.1
551.032743764	259.2
551.578412698	259.3
552.199546485	259.4
552.814875283	260.1
553.465034013	260.2
554.109387755	260.3
554.707301587	260.4
555.281995464	261.1
555.978594104	261.2
556.541678004	261.3
557.157006802	261.4
557.981315192	262.1
558.625668934	262.2
559.235192743	262.3
559.850521541	262.4
560.506485260	263.1
561.150839002	263.2
561.754557823	263.3
562.358276643	263.4
563.101315192	264.1
563.786303854	264.2
564.395827664	264.3
565.057596371	264.4
566.015419501	265.1
566.746848072	265.2
567.391201814	265.3
567.994920634	265.4
568.627664399	266.1
569.283628117	266.2
569.904761904	266.3
570.578140589	266.4
571.239909297	267.1
571.948117913	267.2
572.575056689	267.3
573.242630385	267.4
573.974058956	268.1
574.682267573	268.2
575.402086167	268.3
576.168344671	268.4
576.841723356	269.1
577.532517006	269.2
578.229115646	269.3
578.832834467	269.4
579.442358276	270.1
580.005442176	270.2
580.626575963	270.3
581.241904761	270.4
581.909478458	271.1
582.594467120	271.2
583.198185941	271.3
583.836734693	271.4
584.492698412	272.1
585.131247165	272.2
585.711746031	272.3
586.332879818	272.4
586.942403628	273.1
587.627392290	273.2
588.202086167	273.3
588.823219954	273.4
589.438548752	274.1
590.053877551	274.2
590.622766439	274.3
591.267120181	274.4
591.882448979	275.1
592.526802721	275.2
593.211791383	275.3
593.894761904	275.4
594.784943310	276.1
595.465873015	276.2
596.170294784	276.3
596.973424036	276.4
597.658412698	277.1
598.384036281	277.2
599.121269841	277.3
599.846893424	277.4
600.526077097	278.1
601.257505668	278.2
602.070204081	278.3
602.969977324	278.4
604.003265306	279.1
604.705351473	279.2
605.329410430	279.3
606.079206349	279.4
606.998639455	280.1
607.718458049	280.2
608.483106575	280.3
609.552562358	280.4
611.102766439	281.1
