2.368000000	1.376	1
3.744000000	0.956	2
4.700000000	0.333979	3
5.033979167	1.29135	4
6.325333333	1.248	5
7.573333333	0.233333	6
7.806666667	0.146667	7
7.953333333	0.196	8
8.149333333	0.264	9
8.413333333	0.279177	10
8.692510417	1.02749	11
9.720000000	0.338667	12
10.058666667	1.39733	13
11.456000000	1.69733	14
13.153333333	0.372	15
13.525333333	0.308	16
13.833333333	0.304021	17
14.137354167	0.942646	18
15.080000000	0.346729	19
15.426729167	1.2666	20
16.693333333	1.52533	21
18.218666667	1.54933	22
19.768000000	1.272	23
21.040000000	0.226667	24
21.266666667	0.269333	25
21.536000000	2.912	26
24.448000000	1.312	27
25.760000000	0.993333	28
26.753333333	0.350667	29
27.104000000	2.5401	30
29.644104167	1.19323	31
30.837333333	0.426667	32
31.264000000	0.36	33
31.624000000	0.408	34
32.032000000	0.661333	35
32.693333333	1.824	36
34.517333333	1.23733	37
35.754666667	0.885333	38
36.640000000	0.298667	39
36.938666667	1.216	40
38.154666667	0.885333	41
39.040000000	0.384	42
39.424000000	1.13067	43
40.554666667	0.901333	44
41.456000000	0.346667	45
41.802666667	1.216	46
43.018666667	1.48267	47
44.501333333	2.18667	48
46.688000000	0.768	49
47.456000000	0.650667	50
48.106666667	0.554667	51
48.661333333	0.565333	52
49.226666667	0.522667	53
49.749333333	0.597333	54
50.346666667	0.576	55
50.922666667	0.586667	56
51.509333333	0.544	57
52.053333333	0.597333	58
52.650666667	0.501333	59
53.152000000	0.565333	60
53.717333333	0.618667	61
54.336000000	0.597333	62
54.933333333	0.522667	63
55.456000000	0.576	64
56.032000000	0.565333	65
56.597333333	0.354667	66
56.952000000	0.416	67
57.368000000	0.36	68
57.728000000	0.344	69
58.072000000	0.344	70
58.416000000	0.357333	71
58.773333333	0.64	72
59.413333333	0.544	73
59.957333333	0.544	74
60.501333333	0.597333	75
61.098666667	0.397333	76
61.496000000	0.368	77
61.864000000	0.411542	78
62.275541667	0.420458	79
62.696000000	0.28	80
62.976000000	0.446396	81
63.422395833	1.69471	82
65.117104167	0.922896	83
66.040000000	0.413333	84
66.453333333	0.234667	85
66.688000000	0.248969	86
66.936968750	0.791031	87
67.728000000	0.325333	88
68.053333333	1.0859	89
69.139229167	1.29277	90
70.432000000	0.330667	91
70.762666667	0.205333	92
70.968000000	0.2395	93
71.207500000	0.7365	94
71.944000000	0.333333	95
72.277333333	1.0302	96
73.307531250	1.1535	97
74.461031250	1.50605	98
75.967083333	0.216917	99
76.184000000	0.249979	100
76.433979167	0.472688	101
76.906666667	0.970667	102
77.877333333	0.290667	103
78.168000000	0.306667	104
78.474666667	2.38805	105
80.862718750	2.93461	106
83.797333333	1.07733	107
84.874666667	0.773333	108
85.648000000	0.314667	109
85.962666667	1.056	110
87.018666667	1.056	111
88.074666667	0.237333	112
88.312000000	0.12	113
88.432000000	0.133333	114
88.565333333	0.266667	115
88.832000000	0.277333	116
89.109333333	0.786667	117
89.896000000	0.282521	118
90.178520833	1.20281	119
91.381333333	0.544	120
91.925333333	0.608	121
92.533333333	1.14133	122
93.674666667	0.522667	123
94.197333333	0.586667	124
94.784000000	1.088	125
95.872000000	0.490667	126
96.362666667	0.578135	127
96.940802083	1.08586	128
98.026666667	1.29067	129
99.317333333	1.33333	130
100.650666667	1.36533	131
102.016000000	0.650667	132
102.666666667	0.533333	133
103.200000000	0.544	134
103.744000000	0.576	135
104.320000000	1.03467	136
105.354666667	0.512	137
105.866666667	0.518104	138
106.384770833	0.484562	139
106.869333333	0.512	140
107.381333333	0.469333	141
107.850666667	0.533333	142
108.384000000	1.024	143
109.408000000	0.522667	144
109.930666667	0.565333	145
110.496000000	0.576	146
111.072000000	0.544	147
111.616000000	0.426667	148
112.042666667	0.544	149
112.586666667	0.48	150
113.066666667	0.501333	151
113.568000000	0.462698	152
114.030697917	0.501375	153
114.532072917	0.56126	154
115.093333333	0.426667	155
115.520000000	0.48	156
116.000000000	0.490667	157
116.490666667	0.490667	158
116.981333333	0.405333	159
117.386666667	0.586667	160
117.973333333	0.548115	161
118.521447917	0.529219	162
119.050666667	0.462938	163
119.513604167	0.422396	164
119.936000000	0.501333	165
120.437333333	0.48	166
120.917333333	0.426667	167
121.344000000	0.416	168
121.760000000	0.48	169
122.240000000	0.48	170
122.720000000	0.437333	171
123.157333333	0.405333	172
123.562666667	0.458667	173
124.021333333	0.469333	174
124.490666667	0.448	175
124.938666667	0.4265	176
125.365166667	0.490833	177
125.856000000	1.464	178
127.320000000	0.264	179
127.584000000	0.184	180
127.768000000	0.242667	181
128.010666667	1.024	182
129.034666667	0.475771	183
129.510437500	0.681562	184
130.192000000	0.266187	185
130.458187500	0.173812	186
130.632000000	0.263563	187
130.895562500	1.06368	188
131.959239583	0.58476	189
132.544000000	1.688	190
134.232000000	0.488	191
134.720000000	0.984	192
135.704000000	0.319979	193
136.023979167	0.264021	194
136.288000000	0.241073	195
136.529072917	0.742927	196
137.272000000	0.274667	197
137.546666667	0.253333	198
137.800000000	0.205333	199
138.005333333	0.226667	200
138.232000000	0.227885	201
138.459885417	0.252115	202
138.712000000	0.232	203
138.944000000	0.72	204
139.664000000	0.272	205
139.936000000	0.8	206
140.736000000	0.234667	207
140.970666667	0.749333	208
141.720000000	0.320927	209
142.040927083	1.05507	210
143.096000000	0.274667	211
143.370666667	0.853333	212
144.224000000	0.277333	213
144.501333333	0.544	214
145.045333333	0.306667	215
145.352000000	0.312	216
145.664000000	0.696	217
146.360000000	0.168	218
146.528000000	0.192	219
146.720000000	0.384	220
147.104000000	0.277333	221
147.381333333	0.258667	222
147.640000000	0.253333	223
147.893333333	0.778667	224
148.672000000	0.277333	225
148.949333333	0.770667	226
149.720000000	0.238542	227
149.958541667	0.881458	228
150.840000000	0.276531	229
151.116531250	8.85147	230
159.968000000	0.311698	231
160.279697917	0.272302	232
160.552000000	0.216	233
160.768000000	0.256	234
161.024000000	0.296198	235
161.320197917	0.271802	236
161.592000000	0.238865	237
161.830864583	0.289135	238
162.120000000	0.354667	239
162.474666667	0.309333	240
162.784000000	0.309333	241
163.093333333	0.930667	242
164.024000000	0.338667	243
164.362666667	0.941333	244
165.304000000	0.328	245
165.632000000	1.064	246
166.696000000	0.376	247
167.072000000	1.056	248
168.128000000	0.330667	249
168.458666667	0.293333	250
168.752000000	0.4	251
169.152000000	0.629333	252
169.781333333	0.314667	253
170.096000000	0.656	254
170.752000000	0.394667	255
171.146666667	0.261333	256
171.408000000	0.4	257
171.808000000	0.725333	258
172.533333333	0.322667	259
172.856000000	0.632	260
173.488000000	0.325333	261
173.813333333	1.10667	262
174.920000000	0.365333	263
175.285333333	1.03467	264
176.320000000	0.326063	265
176.646062500	1.19394	266
177.840000000	0.389333	267
178.229333333	1.248	268
179.477333333	4.07467	269
183.552000000	5.54667	270
189.098666667	0.821333	271
189.920000000	0.746667	272
190.666666667	0.736	273
191.402666667	0.789333	274
192.192000000	0.746667	275
192.938666667	0.693333	276
193.632000000	0.704	277
194.336000000	0.736	278
195.072000000	0.668063	279
195.740062500	0.750604	280
196.490666667	0.768	281
197.258666667	0.736	282
197.994666667	0.746667	283
198.741333333	0.725333	284
199.466666667	0.789333	285
200.256000000	0.757333	286
201.013333333	0.8	287
201.813333333	1.58631	288
203.399645833	0.742479	289
204.142125000	0.796542	290
204.938666667	0.704	291
205.642666667	0.704	292
206.346666667	0.704	293
207.050666667	0.789333	294
207.840000000	0.48	295
208.320000000	0.297469	296
208.617468750	0.886531	297
209.504000000	0.8	298
210.304000000	0.906667	299
211.210666667	0.365333	300
211.576000000	0.402667	301
211.978666667	0.803792	302
212.782458333	0.774875	303
213.557333333	0.789333	304
214.346666667	0.749135	305
215.095802083	1.5122	306
216.608000000	0.725333	307
217.333333333	0.757333	308
218.090666667	11.6907	309
229.781333333	1.41867	310
231.200000000	1.02267	311
232.222666667	0.364	312
232.586666667	1.44	313
234.026666667	3.34933	314
237.376000000	0.821333	315
238.197333333	0.661333	316
238.858666667	0.608	317
239.466666667	0.631771	318
240.098437500	0.744229	319
240.842666667	0.714667	320
241.557333333	0.576	321
242.133333333	0.624802	322
242.758135417	0.655198	323
243.413333333	0.618667	324
244.032000000	0.672	325
244.704000000	0.59774	326
245.301739583	0.52226	327
245.824000000	0.682667	328
246.506666667	0.599896	329
247.106562500	0.658771	330
247.765333333	0.714667	331
248.480000000	0.650667	332
249.130666667	0.693333	333
249.824000000	0.629333	334
250.453333333	0.661333	335
251.114666667	0.64	336
251.754666667	0.597333	337
252.352000000	0.601094	338
252.953093750	0.76424	339
253.717333333	0.650667	340
254.368000000	0.629333	341
254.997333333	0.932	342
255.929333333	0.401333	343
256.330666667	1.33333	344
257.664000000	1.344	345
259.008000000	2.288	346
261.296000000	0.261333	347
261.557333333	1.248	348
262.805333333	1.28	349
264.085333333	1.44	350
265.525333333	1.25867	351
266.784000000	0.373333	352
267.157333333	0.177333	353
267.334666667	0.164	354
267.498666667	0.293333	355
267.792000000	0.261333	356
268.053333333	1.02667	357
269.080000000	0.338667	358
269.418666667	1.39733	359
270.816000000	1.424	360
272.240000000	0.652031	361
272.892031250	1.15597	362
274.048000000	1.312	363
275.360000000	1.216	364
276.576000000	1.376	365
277.952000000	1.184	366
279.136000000	1.25867	367
280.394666667	1.42533	368
281.820000000	0.388	369
282.208000000	1.19467	370
283.402666667	1.152	371
284.554666667	0.608	372
285.162666667	1.39867	373
286.561333333	0.393333	374
286.954666667	1.16267	375
288.117333333	0.842667	376
288.960000000	0.330667	377
289.290666667	1.184	378
290.474666667	0.762667	379
291.237333333	0.368	380
291.605333333	1.152	381
292.757333333	0.785333	382
293.542666667	0.349969	383
293.892635417	1.14736	384
295.040000000	0.808	385
295.848000000	0.322667	386
296.170666667	1.19467	387
297.365333333	0.909333	388
298.274666667	0.349333	389
298.624000000	0.672	390
299.296000000	0.544	391
299.840000000	0.48	392
300.320000000	0.618667	393
300.938666667	0.60374	394
301.542406250	0.526927	395
302.069333333	0.522667	396
302.592000000	0.558	397
303.150000000	0.593635	398
303.743635417	0.531365	399
304.275000000	0.535667	400
304.810666667	0.560552	401
305.371218750	0.594448	402
305.965666667	0.572688	403
306.538354167	0.469646	404
307.008000000	0.629333	405
307.637333333	0.536427	406
308.173760417	0.583573	407
308.757333333	0.469333	408
309.226666667	0.650667	409
309.877333333	0.634198	410
310.511531250	0.603135	411
311.114666667	0.437333	412
311.552000000	0.64	413
312.192000000	0.586667	414
312.778666667	0.604792	415
313.383458333	0.525875	416
313.909333333	0.650667	417
314.560000000	0.554667	418
315.114666667	0.661333	419
315.776000000	0.725333	420
316.501333333	1.23333	421
317.734666667	0.377333	422
318.112000000	0.742667	423
318.854666667	0.313333	424
319.168000000	0.237333	425
319.405333333	0.314094	426
319.719427083	0.665906	427
320.385333333	0.276	428
320.661333333	0.274667	429
320.936000000	0.194667	430
321.130666667	0.253333	431
321.384000000	0.258667	432
321.642666667	0.236	433
321.878666667	0.233333	434
322.112000000	0.774667	435
322.886666667	0.249333	436
323.136000000	0.814667	437
323.950666667	0.267135	438
324.217802083	0.880865	439
325.098666667	0.309333	440
325.408000000	0.864	441
326.272000000	0.917333	442
327.189333333	0.362667	443
327.552000000	0.597333	444
328.149333333	0.421333	445
328.570666667	0.282667	446
328.853333333	0.781333	447
329.634666667	0.309031	448
329.943697917	0.381635	449
330.325333333	0.266667	450
330.592000000	0.788	451
331.380000000	0.281833	452
331.661833333	0.772833	453
332.434666667	0.312	454
332.746666667	0.836	455
333.582666667	0.316	456
333.898666667	1.112	457
335.010666667	0.338667	458
335.349333333	1.99467	459
337.344000000	0.405333	460
337.749333333	0.901333	461
338.650666667	0.325333	462
338.976000000	0.337333	463
339.313333333	0.245583	464
339.558916667	0.809083	465
340.368000000	0.271073	466
340.639072917	0.251594	467
340.890666667	0.229333	468
341.120000000	0.284	469
341.404000000	0.292	470
341.696000000	0.277333	471
341.973333333	0.256	472
342.229333333	0.910667	473
343.140000000	0.305333	474
343.445333333	0.704	475
344.149333333	0.736	476
344.885333333	1.69867	477
346.584000000	0.349333	478
346.933333333	1.05067	479
347.984000000	0.293333	480
348.277333333	0.285333	481
348.562666667	0.242219	482
348.804885417	0.812448	483
349.617333333	0.288323	484
349.905656250	0.22501	485
350.130666667	0.301896	486
350.432562500	0.230104	487
350.662666667	0.228	488
350.890666667	0.266667	489
351.157333333	0.282271	490
351.439604167	0.856396	491
352.296000000	0.376	492
352.672000000	1.052	493
353.724000000	0.537333	494
354.261333333	0.746667	495
355.008000000	0.661333	496
355.669333333	0.576	497
356.245333333	0.565333	498
356.810666667	0.552281	499
357.362947917	0.631719	500
357.994666667	0.576	501
358.570666667	0.650667	502
359.221333333	0.597333	503
359.818666667	0.586667	504
360.405333333	0.618667	505
361.024000000	1.29067	506
362.314666667	0.618667	507
362.933333333	0.576	508
363.509333333	0.618667	509
364.128000000	0.576	510
364.704000000	0.661333	511
365.365333333	1.86667	512
367.232000000	0.608	513
367.840000000	1.84533	514
369.685333333	0.597333	515
370.282666667	3.232	516
373.514666667	0.586667	517
374.101333333	0.618667	518
374.720000000	0.571292	519
375.291291667	0.623375	520
375.914666667	0.586667	521
376.501333333	0.661333	522
377.162666667	0.333333	523
377.496000000	0.338667	524
377.834666667	0.576	525
378.410666667	0.576	526
378.986666667	0.597333	527
379.584000000	0.32	528
379.904000000	0.32	529
380.224000000	0.618667	530
380.842666667	0.554667	531
381.397333333	0.618667	532
382.016000000	0.672	533
382.688000000	0.672	534
383.360000000	4.14933	535
387.509333333	0.704	536
388.213333333	0.672	537
388.885333333	3.904	538
392.789333333	0.64	539
393.429333333	0.576	540
394.005333333	1.32267	541
395.328000000	0.661333	542
395.989333333	0.586667	543
396.576000000	1.38667	544
397.962666667	0.746667	545
398.709333333	2.05867	546
400.768000000	0.789333	547
401.557333333	2.13333	548
403.690666667	1.49462	549
405.185291667	1.36404	550
406.549333333	1.90933	551
408.458666667	1.16267	552
409.621333333	1.62133	553
411.242666667	0.973333	554
412.216000000	0.413333	555
412.629333333	1.17333	556
413.802666667	1.184	557
414.986666667	0.3	558
415.286666667	0.14	559
415.426666667	0.157333	560
415.584000000	0.337333	561
415.921333333	0.287385	562
416.208718750	0.953948	563
417.162666667	0.359417	564
417.522083333	1.17658	565
418.698666667	1.52533	566
420.224000000	0.359313	567
420.583312500	0.303354	568
420.886666667	0.308	569
421.194666667	0.924	570
422.118666667	0.324	571
422.442666667	1.30133	572
423.744000000	1.376	573
425.120000000	1.52533	574
426.645333333	0.930667	575
427.576000000	0.304	576
427.880000000	0.456	577
428.336000000	2.54474	578
430.880739583	1.31126	579
432.192000000	0.884	580
433.076000000	0.374667	581
433.450666667	2.34667	582
435.797333333	1.25401	583
437.051343750	0.392656	584
437.444000000	0.392	585
437.836000000	0.382667	586
438.218666667	0.590229	587
438.808895833	1.7991	588
440.608000000	1.0785	589
441.686500000	0.834833	590
442.521333333	0.326667	591
442.848000000	1.11456	592
443.962562500	0.836104	593
444.798666667	0.332	594
445.130666667	1.04533	595
446.176000000	0.816	596
446.992000000	0.325333	597
447.317333333	1.152	598
448.469333333	1.312	599
449.781333333	1.93867	600
451.720000000	0.578667	601
452.298666667	0.554667	602
452.853333333	0.520344	603
453.373677083	0.610323	604
453.984000000	0.522062	605
454.506062500	0.501938	606
455.008000000	0.554667	607
455.562666667	0.608	608
456.170666667	0.508292	609
456.678958333	0.611708	610
457.290666667	0.533333	611
457.824000000	0.565333	612
458.389333333	0.608	613
458.997333333	0.578687	614
459.576020833	0.51924	615
460.095260417	0.491406	616
460.586666667	0.618667	617
461.205333333	0.354667	618
461.560000000	0.356	619
461.916000000	0.366667	620
462.282666667	0.314667	621
462.597333333	0.401333	622
462.998666667	0.350667	623
463.349333333	0.629333	624
463.978666667	0.533333	625
464.512000000	0.533333	626
465.045333333	0.64	627
465.685333333	0.421333	628
466.106666667	0.373333	629
466.480000000	0.364	630
466.844000000	0.392	631
467.236000000	0.326667	632
467.562666667	0.336958	633
467.899625000	1.68971	634
469.589333333	0.932	635
470.521333333	0.326667	636
470.848000000	0.28	637
471.128000000	0.213854	638
471.341854167	0.756813	639
472.098666667	0.317333	640
472.416000000	1.13388	641
473.549875000	1.33946	642
474.889333333	0.310667	643
475.200000000	0.184	644
475.384000000	0.232	645
475.616000000	0.766667	646
476.382666667	0.385333	647
476.768000000	0.962198	648
477.730197917	1.17114	649
478.901333333	1.536	650
480.437333333	0.248	651
480.685333333	0.256156	652
480.941489583	0.487844	653
481.429333333	0.962667	654
482.392000000	0.272	655
482.664000000	0.333333	656
482.997333333	2.656	657
485.653333333	2.86933	658
488.522666667	1.23733	659
489.760000000	0.809333	660
490.569333333	0.3	661
490.869333333	1.04533	662
491.914666667	1.03467	663
492.949333333	0.261333	664
493.210666667	0.121333	665
493.332000000	0.183	666
493.515000000	0.283667	667
493.798666667	0.228	668
494.026666667	0.761333	669
494.788000000	0.358667	670
495.146666667	1.17333	671
496.320000000	0.554667	672
496.874666667	0.682667	673
497.557333333	1.19467	674
498.752000000	0.533333	675
499.285333333	0.586667	676
499.872000000	1.07404	677
500.946041667	0.515292	678
501.461333333	0.550313	679
502.011645833	1.09235	680
503.104000000	1.17333	681
504.277333333	1.248	682
505.525333333	1.26933	683
506.794666667	0.544	684
507.338666667	0.533333	685
507.872000000	0.512	686
508.384000000	0.586667	687
508.970666667	1.04104	688
510.011708333	0.526958	689
510.538666667	0.490667	690
511.029333333	0.522667	691
511.552000000	0.512	692
512.064000000	0.48	693
512.544000000	0.597333	694
513.141333333	0.978094	695
514.119427083	0.504573	696
514.624000000	0.554667	697
515.178666667	0.618667	698
515.797333333	0.437333	699
516.234666667	0.458667	700
516.693333333	0.544	701
517.237333333	0.512	702
517.749333333	0.448	703
518.197333333	0.469333	704
518.666666667	0.501333	705
519.168000000	0.522667	706
519.690666667	0.458667	707
520.149333333	0.455667	708
520.605000000	0.483	709
521.088000000	0.48	710
521.568000000	0.512	711
522.080000000	0.458667	712
522.538666667	0.565333	713
523.104000000	0.520375	714
523.624375000	0.468125	715
524.092500000	0.465885	716
524.558385417	0.494115	717
525.052500000	0.5155	718
525.568000000	0.4445	719
526.012500000	0.4195	720
526.432000000	0.458667	721
526.890666667	0.475292	722
527.365958333	0.431375	723
527.797333333	0.426667	724
528.224000000	0.469333	725
528.693333333	0.458667	726
529.152000000	0.416	727
529.568000000	0.416	728
529.984000000	0.533333	729
530.517333333	1.41733	730
531.934666667	0.342667	731
532.277333333	0.226667	732
532.504000000	0.242667	733
532.746666667	1.056	734
533.802666667	0.467833	735
534.270500000	0.6975	736
534.968000000	0.264	737
535.232000000	0.221333	738
535.453333333	0.23351	739
535.686843750	1.0356	740
536.722447917	0.568219	741
537.290666667	1.63467	742
538.925333333	0.488	743
539.413333333	0.958667	744
540.372000000	0.3	745
540.672000000	0.272	746
540.944000000	0.232	747
541.176000000	0.708	748
541.884000000	0.26	749
542.144000000	0.234667	750
542.378666667	0.229531	751
542.608197917	0.218469	752
542.826666667	0.2425	753
543.069166667	0.196167	754
543.265333333	0.230667	755
543.496000000	0.796	756
544.292000000	0.273333	757
544.565333333	0.753333	758
545.318666667	0.270667	759
545.589333333	0.84	760
546.429333333	0.408	761
546.837333333	1.076	762
547.913333333	0.462667	763
548.376000000	0.704	764
549.080000000	0.267188	765
549.347187500	0.636813	766
549.984000000	0.318667	767
550.302666667	0.3	768
550.602666667	0.522667	769
551.125333333	0.269333	770
551.394666667	0.381333	771
551.776000000	0.402667	772
552.178666667	0.28	773
552.458666667	0.298667	774
552.757333333	0.32	775
553.077333333	0.8	776
553.877333333	0.279073	777
554.156406250	0.775594	778
554.932000000	0.278667	779
555.210666667	0.832	780
556.042666667	0.352	781
556.394666667	0.746667	782
557.141333333	1.13067	783
558.272000000	2.18533	784
560.457333333	0.351208	785
560.808541667	0.227458	786
561.036000000	0.265333	787
561.301333333	1.38667	788
562.688000000	0.288	789
562.976000000	0.262667	790
563.238666667	0.302573	791
563.541239583	0.780094	792
564.321333333	0.276	793
564.597333333	0.256	794
564.853333333	0.341333	795
565.194666667	0.209333	796
565.404000000	0.281333	797
565.685333333	0.278667	798
565.964000000	0.254667	799
566.218666667	0.258667	800
566.477333333	0.285333	801
566.762666667	0.312	802
567.074666667	0.381333	803
567.456000000	0.972	804
568.428000000	0.324	805
568.752000000	0.982667	806
569.734666667	0.366667	807
570.101333333	0.94	808
571.041333333	0.361333	809
571.402666667	1.06667	810
572.469333333	0.449094	811
572.918427083	0.950906	812
573.869333333	0.477333	813
574.346666667	0.714667	814
575.061333333	0.329333	815
575.390666667	0.364	816
575.754666667	1.02667	817
576.781333333	0.381333	818
577.162666667	0.449333	819
577.612000000	0.436	820
578.048000000	0.32	821
578.368000000	0.32	822
578.688000000	1.07067	823
579.758666667	0.358667	824
580.117333333	1.05067	825
581.168000000	0.314667	826
581.482666667	1.06667	827
582.549333333	0.405333	828
582.954666667	1.41467	829
584.369333333	0.494667	830
584.864000000	1.01333	831
585.877333333	1.984	832
587.861333333	2.42133	833
590.282666667	3.24267	834
593.525333333	0.890198	835
594.415531250	0.763135	836
595.178666667	0.768	837
595.946666667	0.778667	838
596.725333333	0.746667	839
597.472000000	0.725333	840
598.197333333	0.693333	841
598.890666667	0.704	842
599.594666667	0.725333	843
600.320000000	0.757333	844
601.077333333	0.736	845
601.813333333	0.8	846
602.613333333	0.736	847
603.349333333	0.810667	848
604.160000000	0.757333	849
604.917333333	0.821333	850
605.738666667	0.874667	851
606.613333333	1.568	852
608.181333333	0.8	853
608.981333333	0.746667	854
609.728000000	0.746667	855
610.474666667	0.768	856
611.242666667	0.682667	857
611.925333333	0.8	858
612.725333333	0.4	859
613.125333333	0.389333	860
613.514666667	0.896	861
614.410666667	0.949333	862
615.360000000	0.885333	863
616.245333333	0.436	864
616.681333333	0.449333	865
617.130666667	0.8	866
617.930666667	0.8	867
618.730666667	0.778667	868
619.509333333	0.796708	869
620.306041667	1.51796	870
621.824000000	0.725333	871
622.549333333	0.789333	872
623.338666667	1.49333	873
624.832000000	0.789333	874
625.621333333	0.757333	875
626.378666667	1.49333	876
627.872000000	0.725333	877
628.597333333	0.821333	878
629.418666667	1.58933	879
631.008000000	0.795427	880
631.803427083	0.87924	881
632.682666667	2.464	882
635.146666667	0.874667	883
636.021333333	0.938667	884
636.960000000	1.16267	885
638.122666667	0.861333	886
638.984000000	0.802667	887
639.786666667	0.704	888
640.490666667	0.96	889
641.450666667	0.949333	890
642.400000000	1.6	891
644.000000000	0.981333	892
644.981333333	0.874667	893
645.856000000	2.19467	894
648.050666667	0.597333	895
648.648000000	3.04267	896
651.690666667	3.02933	897
654.720000000	2.85867	898
657.578666667	3.02933	899
660.608000000	1.504	900
662.112000000	1.46133	901
663.573333333	1.6	902
665.173333333	1.536	903
666.709333333	8.51467	904
675.224000000	1.032	905
676.256000000	1.52533	906
677.781333333	1.44	907
679.221333333	1.504	908
680.725333333	1.44	909
682.165333333	1.568	910
683.733333333	3.2	911
686.933333333	0.874667	912
687.808000000	1.10933	913
688.917333333	1.61067	914
690.528000000	1.42136	915
691.949364583	1.44797	916
693.397333333	1.45067	917
694.848000000	1.54667	918
696.394666667	1.54103	919
697.935697917	1.42382	920
699.359520833	1.37648	921
700.736000000	1.408	922
702.144000000	1.37205	923
703.516052083	1.44395	924
704.960000000	1.38667	925
706.346666667	1.57867	926
707.925333333	1.89867	927
709.824000000	1.824	928
711.648000000	0.981333	929
712.629333333	0.810667	930
713.440000000	0.810667	931
714.250666667	0.906667	932
715.157333333	2.67069	933
717.828020833	1.00931	934
718.837333333	1.07733	935
719.914666667	1.38667	936
721.301333333	3.968	937
725.269333333	5.73686	938
731.006197917	0	939
