4.236734693	0	1.1
5.420408163	50.6897	1.2
6.538752834	53.6507	2.1
7.640816326	54.4433	2.2
8.816326530	51.0417	3.1
9.910204081	54.8507	3.2
11.110204081	50	4.1
12.228571428	53.6496	4.2
13.542857142	45.6522	5.1
14.669387755	53.2609	5.2
15.779591836	54.0441	6.1
16.873469387	54.8507	6.2
17.983900226	54.0331	7.1
19.220952380	48.5024	7.2
20.601383219	43.4647	8.1
21.681791383	55.5346	8.2
23.058140589	43.5936	9.1
24.302040816	48.2354	9.2
25.462494331	51.7039	10.1
26.599319727	52.7786	10.2
27.746938775	52.2822	11.1
28.906122448	51.7606	11.2
30.032653061	53.2609	12.1
31.346938775	45.6522	12.2
32.485691609	52.6892	13.1
33.518367346	58.1015	13.2
34.677551020	51.7606	14.1
35.714285714	57.874	14.2
36.848979591	52.8777	15.1
37.910204081	56.5385	15.2
38.996825396	55.217	16.1
40.110340136	53.8834	16.2
41.379591836	47.2719	17.1
42.759183673	43.4911	17.2
43.779591836	58.8	18.1
44.824489795	57.4219	18.2
45.967346938	52.5	19.1
46.946938775	61.25	19.2
48.048979591	54.4444	20.1
49.110204081	56.5385	20.2
50.187755102	55.6818	21.1
51.175510204	60.7438	21.2
52.261224489	55.2632	22.1
53.281632653	58.8	22.2
54.391836734	54.0441	23.1
55.379591836	60.7438	23.2
56.343424036	62.2515	24.1
57.322448979	61.2855	24.2
58.228571428	66.2162	25.1
59.175510204	63.3621	25.2
60.089795918	65.625	26.1
61.061224489	61.7647	26.2
62.081632653	58.8	27.1
62.995918367	65.625	27.2
63.951020408	62.8205	28.1
64.835918367	67.8044	28.2
65.820408163	60.9453	29.1
66.726530612	66.2162	29.2
67.730612244	59.7561	30.1
68.693877551	62.2881	30.2
69.624489795	64.4737	31.1
70.546938775	65.0443	31.2
71.444897959	66.8182	32.1
72.595918367	52.1277	32.2
73.631814058	57.9209	33.1
74.800000000	51.3617	33.2
76.277551020	40.6077	34.1
77.493877551	49.3289	34.2
78.571428571	55.6818	35.1
79.567346938	60.2459	35.2
80.538775510	61.7647	36.1
81.575510204	57.874	36.2
82.669387755	54.8507	37.1
83.730612244	56.5385	37.2
84.824489795	54.8507	38.1
85.926530612	54.4444	38.2
86.889795918	62.2881	39.1
87.828571428	63.913	39.2
88.826598639	60.1186	40.1
89.828571428	59.8819	40.2
90.987755102	51.7606	41.1
92.277551020	46.519	41.2
93.542857142	47.4194	42.1
94.644897959	54.4444	42.2
95.551020408	66.2162	43.1
96.555102040	59.7561	43.2
97.517278911	62.3586	44.1
98.514285714	60.1801	44.2
99.453061224	63.913	45.1
100.481632653	58.3333	45.2
101.493877551	59.2742	46.1
102.514285714	58.8	46.2
103.453061224	63.913	47.1
104.408163265	62.8205	47.2
105.314285714	66.2162	48.1
106.244897959	64.4737	48.2
107.139501133	67.0688	49.1
108.048979591	65.9719	49.2
109.028571428	61.25	50.1
110.040816326	59.2742	50.2
110.963265306	65.0443	51.1
111.885714285	65.0443	51.2
112.791836734	66.2162	52.1
113.697959183	66.2162	52.2
114.588571428	67.3694	53.1
115.477551020	67.4931	53.2
116.408163265	64.4737	54.1
117.273469387	69.3396	54.2
118.118616780	70.9935	55.1
119.044897959	64.7751	55.2
119.885714285	71.3592	56.1
120.759183673	68.6916	56.2
121.624489795	69.3396	57.1
122.604081632	61.25	57.2
123.869387755	47.4194	58.1
124.938775510	56.1069	58.2
125.878185941	63.8698	59.1
126.791836734	65.6706	59.2
127.648979591	70	60.1
128.604081632	62.8205	60.2
129.502040816	66.8182	61.1
130.642154195	52.6263	61.2
131.832811791	50.3923	62.1
132.922448979	55.0642	62.2
133.893877551	61.7647	63.1
134.897959183	59.7561	63.2
135.951020408	56.9767	64.1
136.922448979	61.7647	64.2
137.885714285	62.2881	65.1
138.848979591	62.2881	65.2
140.146938775	46.2264	66.1
141.542857142	42.9825	66.2
142.995918367	41.2921	67.1
144.122448979	53.2609	67.2
145.142857142	58.8	68.1
146.155623582	59.2437	68.2
147.224489795	56.1342	69.1
148.292970521	56.1545	69.2
149.371428571	55.635	70.1
150.416326530	57.4219	70.2
151.534693877	53.6496	71.1
152.671655328	52.7722	71.2
154.081632653	42.5539	72.1
155.273469387	50.3425	72.2
156.481632653	49.6622	73.1
157.665306122	50.6897	73.2
158.865306122	50	74.1
160.048979591	50.6897	74.2
161.224489795	51.0417	75.1
162.383673469	51.7606	75.2
163.738775510	44.2771	76.1
165.065124716	45.237	76.2
166.702040816	36.6543	77.1
168.538775510	32.6667	77.2
170.081632653	38.8889	78.1
171.222970521	52.5699	78.2
172.391836734	51.3318	79.1
173.575510204	50.6897	79.2
174.653061224	55.6818	80.1
175.746938775	54.8507	80.2
176.963265306	49.3289	81.1
178.081632653	53.6496	81.2
179.208163265	53.2609	82.1
180.351020408	52.5	82.2
181.453061224	54.4444	83.1
182.661224489	49.6622	83.2
183.787755102	53.2609	84.1
184.906122448	53.6496	84.2
186.204081632	46.2264	85.1
187.393922902	50.4269	85.2
188.669387755	47.0417	86.1
189.779591836	54.0441	86.2
190.897959183	53.6496	87.1
192.089795918	50.3425	87.2
193.200000000	54.0441	88.1
194.375510204	51.0417	88.2
195.510204081	52.8777	89.1
196.775510204	47.4194	89.2
198.003741496	48.8507	90.1
199.289795918	46.6543	90.2
200.897959183	37.3096	1.1
201.979773242	55.4624	1.2
203.131337868	52.103	2.1
204.302040816	51.2513	2.2
205.502040816	50	3.1
206.653061224	52.1277	3.2
207.735986394	55.4055	4.1
208.922448979	50.5705	4.2
210.163265306	48.3553	5.1
211.387755102	49	5.2
212.528752834	52.5856	6.1
213.637346938	54.1226	6.2
214.922448979	46.6889	7.1
216.130612244	49.6622	7.2
217.330612244	50	8.1
218.506122448	51.0417	8.2
219.789637188	46.7466	9.1
220.955102040	51.4816	9.2
222.097959183	52.5	10.1
223.240816326	52.5	10.2
224.408163265	51.3986	11.1
225.502040816	54.8507	11.2
226.620408163	53.6496	12.1
227.902040816	46.8153	12.2
229.084988662	50.7207	13.1
230.097959183	59.2317	13.2
231.224489795	53.2609	14.1
232.277551020	56.9767	14.2
233.395918367	53.6496	15.1
234.465306122	56.1069	15.2
235.551020408	55.2632	16.1
236.653061224	54.4444	16.2
237.918367346	47.4194	17.1
239.297959183	43.4911	17.2
240.310204081	59.2742	18.1
241.346938775	57.874	18.2
242.391836734	57.4219	19.1
243.477551020	55.2632	19.2
244.489795918	59.2742	20.1
245.591836734	54.4444	20.2
246.718367346	53.2609	21.1
247.738775510	58.8	21.2
248.800000000	56.5385	22.1
249.836734693	57.874	22.2
250.881632653	57.4219	23.1
251.885714285	59.7561	23.2
252.897959183	59.2742	24.1
253.861224489	62.2881	24.2
254.775510204	65.625	25.1
255.779591836	59.7561	25.2
256.718367346	63.913	26.1
257.648979591	64.4737	26.2
258.677551020	58.3333	27.1
259.600204081	65.0299	27.2
260.555102040	62.8339	28.1
261.395918367	71.3592	28.2
262.367346938	61.7647	29.1
263.252585034	67.7784	29.2
264.212244897	62.5222	30.1
265.134693877	65.0443	30.2
266.057142857	65.0443	31.1
266.930612244	68.6916	31.2
267.861224489	64.4737	32.1
268.987755102	53.2609	32.2
269.991836734	59.7561	33.1
271.191836734	50	33.2
272.685714285	40.1639	34.1
273.837188208	52.1071	34.2
274.889795918	57.0013	35.1
275.918367346	58.3333	35.2
276.857142857	63.913	36.1
277.844897959	60.7438	36.2
278.832653061	60.7438	37.1
279.863424036	58.2089	37.2
280.897959183	57.9971	38.1
282.000000000	54.4444	38.2
282.914285714	65.625	39.1
283.902040816	60.7438	39.2
284.922448979	58.8	40.1
285.861541950	63.8914	40.2
286.906122448	57.4393	41.1
288.065306122	51.7606	41.2
289.306122448	48.3553	42.1
290.370226757	56.3854	42.2
291.338775510	61.9484	43.1
292.277551020	63.913	43.2
293.191836734	65.625	44.1
294.171428571	61.25	44.2
295.093877551	65.0443	45.1
296.024489795	64.4737	45.2
297.004081632	61.25	46.1
297.969909297	62.1229	46.2
298.914285714	63.534	47.1
299.836734693	65.0443	47.2
300.742857142	66.2162	48.1
301.673469387	64.4737	48.2
302.563265306	67.4312	49.1
303.428571428	69.3396	49.2
304.391836734	62.2881	50.1
305.420408163	58.3333	50.2
306.359183673	63.913	51.1
307.265306122	66.2162	51.2
308.187755102	65.0443	52.1
309.142857142	62.8205	52.2
310.048979591	66.2162	53.1
310.955102040	66.2162	53.2
311.869387755	65.625	54.1
312.767346938	66.8182	54.2
313.591836734	72.7723	55.1
314.506122448	65.625	55.2
315.379591836	68.6916	56.1
316.285714285	66.2162	56.2
317.151020408	69.3396	57.1
318.106122448	62.8205	57.2
319.306122448	50	58.1
320.375510204	56.1069	58.2
321.297959183	65.0443	59.1
322.244897959	63.3621	59.2
323.103877551	69.8503	60.1
324.065306122	62.4071	60.2
324.971201814	66.2328	61.1
326.068390022	54.6852	61.2
327.151020408	55.4206	62.1
328.198820861	57.2628	62.2
329.151020408	63.012	63.1
330.089795918	63.913	63.2
331.126530612	57.874	64.1
332.073469387	63.3621	64.2
332.938775510	69.3396	65.1
333.926530612	60.7438	65.2
335.085714285	51.7606	66.1
336.473469387	43.2353	66.2
337.951020408	40.6077	67.1
339.110204081	51.7606	67.2
340.318367346	49.6622	68.1
341.395918367	55.6818	68.2
342.448979591	56.9767	69.1
343.395918367	63.3621	69.2
344.457142857	56.5385	70.1
345.608163265	52.1277	70.2
346.783673469	51.0417	71.1
347.975510204	50.3425	71.2
349.404081632	42	72.1
350.628571428	49	72.2
351.706553287	55.6596	73.1
352.832653061	53.2812	73.2
354.146938775	45.6522	74.1
355.259614512	53.9241	74.2
356.457142857	50.1032	75.1
357.608163265	52.1277	75.2
358.848979591	48.3553	76.1
360.473469387	36.9347	76.2
362.043718820	38.2105	77.1
364.008163265	30.543	77.2
365.477551020	40.8333	78.1
366.685714285	49.6622	78.2
367.861224489	51.0417	79.1
369.061224489	50	79.2
370.097959183	57.874	80.1
371.232653061	52.8777	80.2
372.367346938	52.8777	81.1
373.510204081	52.5	81.2
374.620408163	54.0441	82.1
375.746938775	53.2609	82.2
376.914285714	51.3986	83.1
378.097959183	50.6897	83.2
379.202040816	54.3438	84.1
380.359591836	51.8336	84.2
381.632653061	47.1305	85.1
382.873469387	48.3553	85.2
384.236734693	44.012	86.1
385.338775510	54.4444	86.2
386.440816326	54.4444	87.1
387.624489795	50.6897	87.2
388.759183673	52.8777	88.1
389.918367346	51.7606	88.2
391.020408163	54.4444	89.1
392.171428571	52.1277	89.2
393.257641723	55.2378	90.1
394.473469387	49.3491	90.2
395.795918367	45.3704	91.1
396.987755102	50.3425	91.2
398.130612244	52.5	92.1
399.306122448	51.0417	92.2
400.448979591	52.5	93.1
401.665306122	49.3289	93.2
402.832653061	51.3986	94.1
403.926530612	54.8507	94.2
405.053061224	53.2609	95.1
406.124648526	55.9917	95.2
407.218027210	54.8758	96.1
408.261224489	57.5155	96.2
409.306122448	57.4219	97.1
410.348072562	57.5843	97.2
411.404081632	56.8177	98.1
412.466689342	56.4649	98.2
413.608140589	52.5647	99.1
414.661224489	56.9755	99.2
415.804081632	52.5	100.1
417.012244897	49.6622	100.2
418.130612244	53.6496	101.1
419.314285714	50.6897	101.2
420.424489795	54.0441	102.1
421.608163265	50.6897	102.2
422.765532879	51.8417	103.1
423.954807256	50.4509	103.2
425.061224489	54.2291	104.1
426.253061224	50.3425	104.2
427.355102040	54.4444	105.1
428.546938775	50.3425	105.2
429.632653061	55.2632	106.1
430.808163265	51.0417	106.2
432.000000000	50.3425	107.1
433.077551020	55.6818	107.2
434.141882086	56.3734	108.1
435.275396825	52.9327	108.2
436.440816326	51.4836	109.1
437.616326530	51.0417	109.2
438.742857142	53.2609	110.1
439.779591836	57.874	110.2
440.832653061	56.9767	111.1
441.844897959	59.2742	111.2
442.906122448	56.5385	112.1
443.902040816	60.2459	112.2
444.910068027	59.5222	113.1
445.902040816	60.4855	113.2
446.906122448	59.7561	114.1
447.951020408	57.4219	114.2
448.930158730	61.2784	115.1
449.956281179	58.4726	115.2
450.938775510	61.0691	116.1
451.983673469	57.4219	116.2
452.987755102	59.7561	117.1
454.000000000	59.2742	117.2
455.061224489	56.5385	118.1
455.988072562	64.7355	118.2
456.963265306	61.5263	119.1
457.926530612	62.2881	119.2
458.906122448	61.25	120.1
459.861700680	62.7892	120.2
460.838752834	61.4092	121.1
461.795918367	62.6851	121.2
462.784421768	60.6978	122.1
463.787755102	59.8007	122.2
464.751020408	62.2881	123.1
465.757437641	59.6174	123.2
466.729818594	61.7042	124.1
467.714285714	60.9467	124.2
468.669387755	62.8205	125.1
469.689795918	58.8	125.2
470.971428571	46.8153	126.1
472.081632653	54.0441	126.2
473.012244897	64.4737	127.1
473.975510204	62.2881	127.2
474.897959183	65.0443	128.1
475.836734693	63.913	128.2
476.808163265	61.7647	129.1
477.779591836	61.7647	129.2
478.848979591	56.1069	130.1
479.853061224	59.7561	130.2
480.808163265	62.8205	131.1
481.706122448	66.8182	131.2
482.742857142	57.874	132.1
483.763265306	58.8	132.2
484.751020408	60.7438	133.1
485.795918367	57.4219	133.2
487.289795918	40.1639	134.1
488.432653061	52.5	134.2
489.485714285	56.9767	135.1
490.497959183	59.2742	135.2
491.542857142	57.4219	136.1
492.506122448	62.2881	136.2
493.591836734	55.2632	137.1
494.677551020	55.2632	137.2
495.812244897	52.8777	138.1
497.036734693	49	138.2
498.089795918	56.9767	139.1
499.151020408	56.5385	139.2
500.171428571	58.8	140.1
501.248979591	55.6818	140.2
502.661224489	42.4855	141.1
503.900612244	48.411	141.2
504.938775510	57.7944	142.1
506.016326530	55.6818	142.2
507.012244897	60.2459	143.1
508.106122448	54.8507	143.2
509.346938775	48.3553	144.1
510.440816326	54.8507	144.2
511.559183673	53.6496	145.1
512.669387755	54.0441	145.2
513.706122448	57.874	146.1
514.742857142	57.874	146.2
515.755102040	59.2742	147.1
516.791836734	57.874	147.2
517.795918367	59.7561	148.1
518.881632653	55.2632	148.2
519.907392290	58.4932	149.1
521.061224489	52.0006	149.2
522.138775510	55.6818	150.1
523.224489795	55.2632	150.2
524.334693877	54.0441	151.1
525.453061224	53.6496	151.2
526.538775510	55.2632	152.1
527.600000000	56.5385	152.2
528.865306122	47.4194	153.1
529.934693877	56.1069	153.2
530.955102040	58.8	154.1
532.122448979	51.3986	154.2
533.224489795	54.4444	155.1
534.253061224	58.3333	155.2
535.314285714	56.5385	156.1
536.359183673	57.4219	156.2
537.453061224	54.8507	157.1
538.546938775	54.8507	157.2
539.738775510	50.3425	158.1
541.061224489	45.3704	158.2
542.161564625	54.5286	159.1
543.371428571	49.5924	159.2
544.402698412	58.1807	160.1
545.509931972	54.1891	160.2
546.507414965	60.1514	161.1
547.673469387	51.4556	161.2
549.244716553	38.1862	162.1
550.465306122	49.1566	162.2
551.581065759	53.775	163.1
552.702040816	53.5248	163.2
553.787755102	55.2632	164.1
554.971428571	50.6897	164.2
556.097959183	53.2609	165.1
557.139773242	57.5919	165.2
558.280975056	52.5762	166.1
559.453061224	51.1908	166.2
560.514285714	56.5385	167.1
561.534693877	58.8	167.2
562.742857142	49.6622	168.1
563.730612244	60.7438	168.2
564.961383219	48.7499	169.1
566.138775510	50.9601	169.2
567.365396825	48.9149	170.1
568.538775510	51.1344	170.2
569.689795918	52.1277	171.1
570.742857142	56.9767	171.2
571.803537414	56.5675	172.1
572.817165532	59.1933	172.2
573.885714285	56.1509	173.1
574.915714285	58.2524	173.2
575.942857142	58.4145	174.1
577.017120181	55.8522	174.2
578.065306122	57.2418	175.1
579.061224489	60.2459	175.2
580.130612244	56.1069	176.1
581.110204081	61.25	176.2
582.114285714	59.7561	177.1
583.167664399	56.9596	177.2
584.293877551	53.2759	178.1
585.510204081	49.3289	178.2
586.553900226	57.488	179.1
587.575510204	58.7308	179.2
588.734693877	51.7606	180.1
589.771428571	57.874	180.2
590.849297052	55.6654	181.1
591.942857142	54.8667	181.2
593.036734693	54.8507	182.1
594.076530612	57.7036	182.2
595.142857142	56.2679	183.1
596.212244897	56.1069	183.2
597.346938775	52.8777	184.1
598.367346938	58.8	184.2
599.377959183	59.37	185.1
600.391836734	59.1787	185.2
601.330612244	63.913	186.1
602.302040816	61.7647	186.2
603.240816326	63.913	187.1
604.195918367	62.8205	187.2
605.224489795	58.3333	188.1
606.089795918	69.3396	188.2
607.077551020	60.7438	189.1
608.002653061	64.8577	189.2
608.995918367	60.4068	190.1
609.902040816	66.2162	190.2
610.813129251	65.8553	191.1
611.809614512	60.2116	191.2
612.767346938	62.648	192.1
613.697959183	64.4737	192.2
614.653061224	62.8205	193.1
615.755102040	54.4444	193.2
616.865306122	54.0441	194.1
618.024489795	51.7606	194.2
619.689795918	36.0294	195.1
620.922448979	48.6755	195.2
621.959183673	57.874	196.1
623.020408163	56.5385	196.2
623.983673469	62.2881	197.1
624.971428571	60.7438	197.2
626.032653061	56.5385	198.1
627.167346938	52.8777	198.2
628.261224489	54.8507	199.1
629.265306122	59.7561	199.2
630.261224489	60.2459	200.1
631.273469387	59.2742	200.2
632.280952380	59.5544	201.1
633.273469387	60.4524	201.2
634.383673469	54.0441	202.1
635.632653061	48.0392	202.2
636.848979591	49.3289	203.1
637.967346938	53.6496	203.2
638.897959183	64.4737	204.1
639.894149659	60.2294	204.2
640.881473922	60.7703	205.1
641.833537414	63.021	205.2
642.791836734	62.6109	206.1
643.755124716	62.2867	206.2
644.840816326	55.2643	207.1
645.853061224	59.2742	207.2
646.775510204	65.0443	208.1
647.763265306	60.7438	208.2
648.653061224	67.4312	209.1
649.673469387	58.8	209.2
650.612244897	63.913	210.1
651.542857142	64.4737	210.2
652.563265306	58.8	211.1
653.576371882	59.2238	211.2
654.478095238	66.5393	212.1
655.485714285	59.5463	212.2
656.359183673	68.6916	213.1
657.269977324	65.8766	213.2
658.187755102	65.3753	214.1
659.060113378	68.7791	214.2
660.013968253	62.9026	215.1
660.922448979	66.0443	215.2
661.804081632	68.0556	216.1
662.702607709	66.776	216.2
663.607120181	66.3341	217.1
664.497959183	67.3522	217.2
665.379591836	68.0556	218.1
666.330000000	63.1308	218.2
667.575510204	48.173	219.1
668.693877551	53.6496	219.2
669.608163265	65.625	220.1
670.506122448	66.8182	220.2
671.371428571	69.3396	221.1
672.270272108	66.7524	221.2
673.257142857	60.7982	222.1
674.253061224	60.2459	222.2
675.461224489	49.6622	223.1
676.408163265	63.3621	223.2
677.453061224	57.4219	224.1
678.440816326	60.7438	224.2
679.493877551	56.9767	225.1
680.465306122	61.7647	225.2
681.379591836	65.625	226.1
682.367346938	60.7438	226.2
683.746938775	43.4911	227.1
685.235986394	40.2942	227.2
686.612244897	43.5965	228.1
687.840498866	48.8498	228.2
688.946938775	54.228	229.1
690.098208616	52.1164	229.2
691.139569160	57.6169	230.1
692.204081632	56.3638	230.2
693.268775510	56.3542	231.1
694.448979591	50.8387	231.2
695.518367346	56.1069	232.1
696.666349206	52.2656	232.2
697.965192743	46.1949	233.1
699.167346938	49.9104	233.2
700.375510204	49.6622	234.1
701.510204081	52.8777	234.2
702.685714285	51.0417	235.1
703.836734693	52.1277	235.2
704.897959183	56.5385	236.1
706.065306122	51.3986	236.2
707.387755102	45.3704	237.1
708.795532879	42.6204	237.2
710.097959183	46.0679	238.1
711.836734693	34.507	238.2
713.159183673	45.3704	239.1
714.383673469	49	239.2
715.554172335	51.2602	240.1
716.742857142	50.476	240.2
717.844897959	54.4444	241.1
718.938775510	54.8507	241.2
720.048979591	54.0441	242.1
721.126530612	55.6818	242.2
722.253061224	53.2609	243.1
723.420408163	51.3986	243.2
724.620408163	50	244.1
725.812244897	50.3425	244.2
726.955102040	52.5	245.1
728.114285714	51.7606	245.2
729.395918367	46.8153	246.1
730.685714285	46.519	246.2
731.885714285	50	247.1
733.077551020	50.3425	247.2
734.269387755	50.3425	248.1
735.395918367	53.2609	248.2
736.595918367	50	249.1
737.771428571	51.0417	249.2
738.914285714	52.5	250.1
740.138775510	49	250.2
741.322448979	50.6897	251.1
742.473469387	52.1277	251.2
743.594807256	53.5075	252.1
744.767346938	51.171	252.2
746.130612244	44.012	253.1
747.330612244	50	253.2
748.515170068	50.6518	254.1
749.746938775	48.7104	254.2
751.004081632	47.7273	255.1
752.293877551	46.519	255.2
753.640816326	44.5455	256.1
754.963265306	45.3704	256.2
756.155102040	50.3425	257.1
757.425260770	47.2382	257.2
758.612244897	50.5483	258.1
759.787755102	51.0417	258.2
760.979591836	50.3425	259.1
762.351020408	43.75	259.2
763.575510204	49	260.1
764.832653061	47.7273	260.2
765.918367346	55.2632	261.1
767.110204081	50.3425	261.2
768.473469387	44.012	262.1
769.697959183	49	262.2
770.897959183	50	263.1
772.212244897	45.6522	263.2
773.371428571	51.7606	264.1
774.702040816	45.092	264.2
776.024489795	45.3704	265.1
777.379591836	44.2771	265.2
778.520362811	52.596	266.1
779.722448979	49.9132	266.2
780.857142857	52.8777	267.1
782.089795918	48.6755	267.2
783.297959183	49.6622	268.1
784.514285714	49.3289	268.2
785.706122448	50.3425	269.1
786.873469387	51.3986	269.2
787.951020408	55.6818	270.1
789.053061224	54.4444	270.2
790.269387755	49.3289	271.1
791.420408163	52.1277	271.2
792.628571428	49.6622	272.1
793.746938775	53.6496	272.2
794.955102040	49.6622	273.1
796.081632653	53.2609	273.2
797.281632653	50	274.1
798.400000000	53.6496	274.2
799.502040816	54.4444	275.1
800.677551020	51.0417	275.2
802.106122448	42	276.1
803.679070294	38.1449	276.2
805.028571428	44.4609	277.1
806.188526077	51.7262	277.2
807.412244897	49.0309	278.1
808.693877551	46.8153	278.2
810.106122448	42.4855	279.1
811.360000000	47.8516	279.2
812.538775510	50.9003	280.1
813.910204081	43.75	280.2
815.746938775	32.6667	281.1
