0.545668934	0.638549	1
1.184217687	0.754649	2
1.938866213	0.16254	3
2.101405896	0.13932	4
2.240725624	0.1161	5
2.356825397	0.12771	6
2.484535147	0.116599	7
2.601133787	0.115601	8
2.716734694	0.10449	9
2.821224490	0.13932	10
2.960544218	0.603719	11
3.564263039	0.12771	12
3.691972789	0.136644	13
3.828616780	0.118776	14
3.947392290	0.0812698	15
4.028662132	0.16254	16
4.191201814	0.10449	17
4.295691610	0.10449	18
4.400181406	0.15093	19
4.551111111	0.557279	20
5.108390023	0.0928798	21
5.201269841	0.177596	22
5.378866213	0.553832	23
5.932698413	0.12771	24
6.060408163	0.144444	25
6.204852608	0.122585	26
6.327437642	0.1161	27
6.443537415	0.12771	28
6.571247166	0.0928798	29
6.664126984	0.1161	30
6.780226757	0.167256	31
6.947482993	0.134603	32
7.082086168	0.0928798	33
7.174965986	0.18576	34
7.360725624	0.568889	35
7.929614512	0.24381	36
8.173424036	0.2322	37
8.405623583	0.22059	38
8.626213152	0.22059	39
8.846802721	0.22059	40
9.067392290	0.22059	41
9.287981859	0.22059	42
9.508571429	0.441179	43
9.949750567	0.2322	44
10.181950113	0.22059	45
10.402539683	0.221224	46
10.623764172	0.219955	47
10.843718821	0.22059	48
11.064308390	0.16254	49
11.226848073	0.371519	50
11.598367347	0.25	51
11.848367347	0.237619	52
12.085986395	0.417959	53
12.503945578	0.24381	54
12.747755102	0.19737	55
12.945124717	0.2322	56
13.177324263	0.17415	57
13.351473923	0.232154	58
13.583628118	0.150975	59
13.734603175	0.15093	60
13.885532880	0.22059	61
14.106122449	0.17415	62
14.280272109	0.22059	63
14.500861678	0.281406	64
14.782267574	0.206213	65
14.988480726	0.244558	66
15.233038549	0.126961	67
15.360000000	0.0928798	68
15.452879819	0.197642	69
15.650521542	0.150658	70
15.801179138	0.10449	71
15.905668934	0.178299	72
16.083968254	0.13517	73
16.219138322	0.0928798	74
16.312018141	0.0464399	75
16.358458050	0.18576	76
16.544217687	0.17415	77
16.718367347	0.20898	78
16.927346939	0.16254	79
17.089886621	0.10449	80
17.194376417	0.18576	81
17.380136054	0.13932	82
17.519455782	0.10449	83
17.623945578	0.176281	84
17.800226757	0.113968	85
17.914195011	0.10449	86
18.018684807	0.0696599	87
18.088344671	0.16254	88
18.250884354	0.20898	89
18.459863946	0.22059	90
18.680453515	0.15093	91
18.831383220	0.0464399	92
18.877823129	0.0696599	93
18.947482993	0.20898	94
19.156462585	0.19737	95
19.353832200	0.24381	96
19.597641723	0.12771	97
19.725351474	0.0696599	98
19.795011338	0.0580499	99
19.853061224	0.15093	100
20.003990930	0.1161	101
20.120090703	0.10449	102
20.224580499	0.193469	103
20.418049887	0.12	104
20.538049887	0.0928798	105
20.630929705	0.0696599	106
20.700589569	0.15102	107
20.851609977	0.139229	108
20.990839002	0.1161	109
21.106938776	0.176735	110
21.283673469	0.101905	111
21.385578231	0.0812698	112
21.466848073	0.0696599	113
21.536507937	0.155102	114
21.691609977	0.158367	115
21.849977324	0.10449	116
21.954467120	0.16254	117
22.117006803	0.13932	118
22.256326531	0.0696599	119
22.325986395	0.0812698	120
22.407256236	0.15093	121
22.558185941	0.1161	122
22.674285714	0.16254	123
22.836825397	0.17424	124
23.011065760	0.127619	125
23.138684807	0.0928798	126
23.231564626	0.0812698	127
23.312834467	0.1161	128
23.428934240	0.12771	129
23.556643991	0.1161	130
23.672743764	0.155964	131
23.828707483	0.122676	132
23.951383220	0.0928798	133
24.044263039	0.0464399	134
24.090702948	0.128458	135
24.219160998	0.150181	136
24.369342404	0.1161	137
24.485442177	0.12771	138
24.613151927	0.16254	139
24.775691610	0.0812698	140
24.856961451	0.0348299	141
24.891791383	0.175624	142
25.067414966	0.161066	143
25.228480726	0.0928798	144
25.321360544	0.0348299	145
25.356190476	0.116463	146
25.472653061	0.150567	147
25.623219955	0.10449	148
25.727709751	0.0464399	149
25.774149660	0.150227	150
25.924376417	0.116803	151
26.041179138	0.0812698	152
26.122448980	0.0812698	153
26.203718821	0.12771	154
26.331428571	0.17415	155
26.505578231	0.13932	156
26.644897959	0.17415	157
26.819047619	0.20898	158
27.028027211	0.24381	159
27.271836735	0.13932	160
27.411156463	0.10449	161
27.515646259	0.0464399	162
27.562086168	0.12771	163
27.689795918	0.12771	164
27.817505669	0.0812698	165
27.898775510	0.0580499	166
27.956825397	0.17415	167
28.130975057	0.13932	168
28.270294785	0.0928798	169
28.363174603	0.0696599	170
28.432834467	0.152676	171
28.585510204	0.230454	172
28.815963719	0.24381	173
29.059773243	0.15093	174
29.210702948	0.0696599	175
29.280362812	0.0580499	176
29.338412698	0.13932	177
29.477732426	0.10449	178
29.582222222	0.12771	179
29.709931973	0.0812698	180
29.791201814	0.10449	181
29.895691610	0.15093	182
30.046621315	0.0812698	183
30.127891156	0.0580499	184
30.185941043	0.16254	185
30.348480726	0.22059	186
30.569070295	0.22059	187
30.789659864	0.16254	188
30.952199546	0.0812698	189
31.033469388	0.0464399	190
31.079909297	0.15093	191
31.230839002	0.2322	192
31.463038549	0.196712	193
31.659750567	0.174807	194
31.834557823	0.0580499	195
31.892607710	0.0580499	196
31.950657596	0.153878	197
32.104535147	0.136372	198
32.240907029	0.0580499	199
32.298956916	0.0464399	200
32.345396825	0.19737	201
32.542766440	0.12771	202
32.670476190	0.0812698	203
32.751746032	0.0580499	204
32.809795918	0.164059	205
32.973854875	0.18424	206
33.158095238	0.0580499	207
33.216145125	0.0580499	208
33.274195011	0.18966	209
33.463854875	0.216689	210
33.680544218	0.234853	211
33.915396825	0.206327	212
34.121723356	0.2322	213
34.353922902	0.443333	214
34.797256236	0.380975	215
35.178231293	0.22059	216
35.398820862	0.242585	217
35.641405896	0.175374	218
35.816780045	0.288481	219
36.105260771	0.442948	220
36.548208617	0.406349	221
36.954557823	0.267029	222
37.221587302	0.20898	223
37.430566893	0.22059	224
37.651156463	0.2322	225
37.883356009	0.455918	226
38.339274376	0.4239	227
38.763174603	0.199909	228
38.963083900	0.26619	229
39.229274376	0.174989	230
39.404263039	0.247823	231
39.652086168	0.553265	232
40.205351474	0.882358	233
41.087709751	0.917188	234
42.004897959	0.915873	235
42.920770975	0.628254	236
43.549024943	1.18422	237
44.733242630	0.16254	238
44.895782313	0.156485	239
45.052267574	0.133764	240
45.186031746	0.10449	241
45.290521542	0.15093	242
45.441451247	0.13932	243
45.580770975	0.10449	244
45.685260771	0.212426	245
45.897687075	0.716372	246
46.614058957	0.12771	247
46.741768707	0.150181	248
46.891950113	0.116848	249
47.008798186	0.1161	250
47.124897959	0.151927	251
47.276825397	0.149932	252
47.426757370	0.10449	253
47.531247166	0.169841	254
47.701088435	0.619637	255
48.320725624	0.16254	256
48.483265306	0.16254	257
48.645804989	0.638549	258
49.284353741	0.13932	259
49.423673469	0.19737	260
49.621043084	0.650159	261
50.271201814	0.15093	262
50.422131519	0.24381	263
50.665941043	0.626939	264
51.292879819	0.17415	265
51.467029478	0.20898	266
51.676009070	0.626939	267
52.302947846	0.13932	268
52.442267574	0.158639	269
52.600907029	0.12	270
52.720907029	0.15093	271
52.871836735	0.16254	272
53.034376417	0.12771	273
53.162086168	0.16254	274
53.324625850	0.189955	275
53.514580499	0.158345	276
53.672925170	0.17415	277
53.847074830	0.22059	278
54.067664399	0.545669	279
54.613333333	0.17415	280
54.787482993	0.15093	281
54.938412698	0.169955	282
55.108367347	0.143515	283
55.251882086	0.15093	284
55.402811791	0.188299	285
55.591111111	0.11356	286
55.704671202	0.1161	287
55.820770975	0.17415	288
55.994920635	0.557279	289
56.552199546	0.17415	290
56.726349206	0.16873	291
56.895079365	0.133129	292
57.028208617	0.15093	293
57.179138322	0.163379	294
57.342517007	0.103651	295
57.446167800	0.13932	296
57.585487528	0.10449	297
57.689977324	0.429569	298
58.119546485	0.15093	299
58.270476190	0.1161	300
58.386575964	0.16254	301
58.549115646	0.441179	302
58.990294785	0.12771	303
59.118004535	0.16254	304
59.280544218	0.16254	305
59.443083900	0.406349	306
59.849433107	0.12771	307
59.977142857	0.1161	308
60.093242630	0.16254	309
60.255782313	0.255419	310
60.511201814	0.24381	311
60.755011338	0.255419	312
61.010430839	0.278639	313
61.289070295	0.661769	314
61.950839002	0.1161	315
62.066938776	0.191497	316
62.258435374	0.168413	317
62.426848073	0.13932	318
62.566167800	0.168707	319
62.734875283	0.121542	320
62.856417234	0.0812698	321
62.937687075	0.13932	322
63.077006803	0.427052	323
63.504058957	0.176667	324
63.680725624	0.15093	325
63.831655329	0.18576	326
64.017414966	0.15093	327
64.168344671	0.12771	328
64.296054422	0.13932	329
64.435374150	0.1161	330
64.551473923	0.13932	331
64.690793651	0.10449	332
64.795283447	0.508141	333
65.303424036	0.130408	334
65.433832200	0.12771	335
65.561541950	0.170113	336
65.731655329	0.465329	337
66.196984127	0.165646	338
66.362630385	0.255419	339
66.618049887	0.17415	340
66.792199546	0.12771	341
66.919909297	0.12771	342
67.047619048	0.158141	343
67.205759637	0.132109	344
67.337868481	0.1161	345
67.453968254	0.18576	346
67.639727891	0.15093	347
67.790657596	0.13932	348
67.929977324	0.16254	349
68.092517007	0.12771	350
68.220226757	0.15093	351
68.371156463	0.220272	352
68.591428571	0.139637	353
68.731065760	0.1161	354
68.847165533	0.13932	355
68.986485261	0.1161	356
69.102585034	0.15093	357
69.253514739	0.22059	358
69.474104308	0.17415	359
69.648253968	0.1161	360
69.764353741	0.17415	361
69.938503401	0.13932	362
70.077823129	0.12771	363
70.205532880	0.2322	364
70.437732426	0.13932	365
70.577052154	0.1161	366
70.693151927	0.189909	367
70.883061224	0.15839	368
71.041451247	0.15093	369
71.192380952	0.15093	370
71.343310658	0.12771	371
71.471020408	0.13932	372
71.610340136	0.17415	373
71.784489796	0.12771	374
71.912199546	0.16254	375
72.074739229	0.19737	376
72.272108844	0.13932	377
72.411428571	0.13932	378
72.550748299	0.143447	379
72.694195011	0.135193	380
72.829387755	0.16254	381
72.991927438	0.182063	382
73.173990930	0.177846	383
73.351836735	0.13932	384
73.491156463	0.137642	385
73.628798186	0.129388	386
73.758185941	0.17415	387
73.932335601	0.20898	388
74.141315193	0.12771	389
74.269024943	0.12771	390
74.396734694	0.191293	391
74.588027211	0.157007	392
74.745034014	0.13932	393
74.884353741	0.267029	394
75.151383220	0.13932	395
75.290702948	0.0928798	396
75.383582766	0.10449	397
75.488072562	0.154717	398
75.642789116	0.170363	399
75.813151927	0.0812698	400
75.894421769	0.0696599	401
75.964081633	0.15093	402
76.115011338	0.16254	403
76.277551020	0.0580499	404
76.335600907	0.0812698	405
76.416870748	0.200612	406
76.617482993	0.136077	407
76.753560091	0.0812698	408
76.834829932	0.0696599	409
76.904489796	0.139592	410
77.044081633	0.150658	411
77.194739229	0.0696599	412
77.264399093	0.0580499	413
77.322448980	0.16254	414
77.484988662	0.12771	415
77.612698413	0.0928798	416
77.705578231	0.0464399	417
77.752018141	0.2322	418
77.984217687	0.20898	419
78.193197279	0.255419	420
78.448616780	0.18576	421
78.634376417	0.274399	422
78.908775510	0.27127	423
79.180045351	0.267029	424
79.447074830	0.19737	425
79.644444444	0.2322	426
79.876643991	0.13932	427
80.015963719	0.0464399	428
80.062403628	0.0580499	429
80.120453515	0.163379	430
80.283832200	0.0920408	431
80.375873016	0.0812698	432
80.457142857	0.0696599	433
80.526802721	0.189705	434
80.716507937	0.205034	435
80.921541950	0.26254	436
81.184081633	0.236689	437
81.420770975	0.22059	438
81.641360544	0.1161	439
81.757460317	0.0580499	440
81.815510204	0.0812698	441
81.896780045	0.16254	442
82.059319728	0.12771	443
82.187029478	0.0812698	444
82.268299320	0.0464399	445
82.314739229	0.19737	446
82.512108844	0.20898	447
82.721088435	0.2322	448
82.953287982	0.15093	449
83.104217687	0.0464399	450
83.150657596	0.0928798	451
83.243537415	0.15093	452
83.394467120	0.18576	453
83.580226757	0.0696599	454
83.649886621	0.0464399	455
83.696326531	0.1161	456
83.812426304	0.18576	457
83.998185941	0.24381	458
84.241995465	0.22059	459
84.462585034	0.246304	460
84.708888889	0.113605	461
84.822494331	0.0928798	462
84.915374150	0.0464399	463
84.961814059	0.157823	464
85.119637188	0.109206	465
85.228843537	0.0812698	466
85.310113379	0.0580499	467
85.368163265	0.180635	468
85.548798186	0.190884	469
85.739682540	0.232494	470
85.972176871	0.197075	471
86.169251701	0.24102	472
86.410272109	0.165329	473
86.575600907	0.0812698	474
86.656870748	0.0580499	475
86.714920635	0.12805	476
86.842970522	0.17381	477
87.016780045	0.0812698	478
87.098049887	0.0580499	479
87.156099773	0.12771	480
87.283809524	0.24381	481
87.527619048	0.20898	482
87.736598639	0.2322	483
87.968798186	0.2322	484
88.200997732	0.16254	485
88.363537415	0.1161	486
88.479637188	0.0696599	487
88.549297052	0.20898	488
88.758276644	0.18576	489
88.944036281	0.242494	490
89.186530612	0.187075	491
89.373605442	0.10449	492
89.478095238	0.10449	493
89.582585034	0.20898	494
89.791564626	0.24381	495
90.035374150	0.278639	496
90.314013605	0.313469	497
90.627482993	0.371519	498
90.999002268	0.336689	499
91.335691610	0.371519	500
91.707210884	0.255419	501
91.962630385	0.278639	502
92.241269841	0.2322	503
92.473469388	0.2322	504
92.705668934	0.2322	505
92.937868481	0.24381	506
93.181678005	0.301859	507
93.483537415	0.288458	508
93.771995465	0.280431	509
94.052426304	0.323107	510
94.375532880	0.269002	511
94.644535147	0.348299	512
94.992834467	0.267029	513
95.259863946	0.371519	514
95.631383220	1.09134	515
96.722721088	0.267029	516
96.989750567	0.278639	517
97.268390023	0.287778	518
97.556167800	0.188231	519
97.744399093	0.1161	520
97.860498866	0.0928798	521
97.953378685	0.16254	522
98.115918367	0.16254	523
98.278458050	0.12771	524
98.406167800	0.0812698	525
98.487437642	0.17415	526
98.661587302	0.16254	527
98.824126984	0.12771	528
98.951836735	0.0696599	529
99.021496599	0.278639	530
99.300136054	0.20898	531
99.509115646	0.0812698	532
99.590385488	0.0812698	533
99.671655329	0.16254	534
99.834195011	0.10449	535
99.938684807	0.13932	536
100.078004535	0.0696599	537
100.147664399	0.184943	538
100.332607710	0.209796	539
100.542403628	0.19737	540
100.739773243	0.0812698	541
100.821043084	0.255419	542
101.076462585	0.22059	543
101.297052154	0.15093	544
101.447981859	0.0812698	545
101.529251701	0.2322	546
101.761451247	0.20898	547
101.970430839	0.0928798	548
102.063310658	0.0928798	549
102.156190476	0.16254	550
102.318730159	0.17415	551
102.492879819	0.0928798	552
102.585759637	0.0812698	553
102.667029478	0.21068	554
102.877709751	0.160839	555
103.038548753	0.0580499	556
103.096598639	0.0812698	557
103.177868481	0.19381	558
103.371678005	0.1661	559
103.537777778	0.1161	560
103.653877551	0.0580499	561
103.711927438	0.198912	562
103.910839002	0.184218	563
104.095056689	0.1161	564
104.211156463	0.0696599	565
104.280816327	0.270204	566
104.551020408	0.147755	567
104.698775510	0.0812698	568
104.780045351	0.0580499	569
104.838095238	0.186984	570
105.025079365	0.172925	571
105.198004535	0.1161	572
105.314104308	0.10449	573
105.418594104	0.2322	574
105.650793651	0.17415	575
105.824943311	0.18576	576
106.010702948	0.255419	577
106.266122449	0.20898	578
106.475102041	0.15093	579
106.626031746	0.278639	580
106.904671202	0.16254	581
107.067210884	0.15093	582
107.218140590	0.278866	583
107.497006803	0.185533	584
107.682539683	0.10449	585
107.787029478	0.0928798	586
107.879909297	0.201905	587
108.081814059	0.204444	588
108.286258503	0.255419	589
108.541678005	0.19737	590
108.739047619	0.17415	591
108.913197279	0.2322	592
109.145396825	0.24381	593
109.389206349	0.22059	594
109.609795918	0.19737	595
109.807165533	0.510839	596
110.318004535	0.928798	597
111.246802721	0.313469	598
111.560272109	0.255419	599
111.815691610	0.290249	600
112.105941043	0.22059	601
112.326530612	0.301859	602
112.628390023	0.290249	603
112.918639456	0.227392	604
113.146031746	0.237007	605
113.383038549	0.311066	606
113.694104308	0.234603	607
113.928707483	0.267029	608
114.195736961	0.24381	609
114.439546485	0.325079	610
114.764625850	0.313469	611
115.078095238	0.441179	612
115.519274376	0.348299	613
115.867573696	0.348299	614
116.215873016	0.255419	615
116.471292517	0.267029	616
116.738321995	0.24381	617
116.982131519	0.267029	618
117.249160998	0.255419	619
117.504580499	0.283605	620
117.788185941	0.192404	621
117.980589569	0.22059	622
118.201179138	0.267029	623
118.468208617	0.2322	624
118.700408163	0.24381	625
118.944217687	0.267029	626
119.211247166	0.267029	627
119.478276644	0.301859	628
119.780136054	0.417959	629
120.198095238	0.13932	630
120.337414966	0.417959	631
120.755374150	0.10449	632
120.859863946	0.406349	633
121.266213152	0.13932	634
121.405532880	0.429569	635
121.835102041	0.13932	636
121.974421769	0.406349	637
122.380770975	0.16254	638
122.543310658	0.278639	639
122.821950113	0.278163	640
123.100113379	0.267506	641
123.367619048	0.306213	642
123.673832200	0.320726	643
123.994557823	0.325079	644
124.319637188	0.882358	645
125.201995465	0.309093	646
125.511088435	0.283016	647
125.794104308	0.299955	648
126.094058957	0.257324	649
126.351383220	0.394739	650
126.746122449	0.882358	651
127.628480726	0.336689	652
127.965170068	0.267029	653
128.232199546	0.24381	654
128.476009070	0.301859	655
128.777868481	0.394739	656
129.172607710	0.824308	657
129.996916100	0.336689	658
130.333605442	0.15093	659
130.484535147	0.313469	660
130.798004535	0.278639	661
131.076643991	0.380204	662
131.456848073	0.850453	663
132.307301587	0.301859	664
132.609160998	0.940408	665
133.549569161	0.499229	666
134.048798186	1.06812	667
135.116916100	0.452789	668
135.569705215	0.255419	669
135.825124717	0.296054	670
136.121179138	0.272834	671
136.394013605	0.267029	672
136.661043084	0.255419	673
136.916462585	0.24381	674
137.160272109	0.24381	675
137.404081633	0.268866	676
137.672947846	0.218753	677
137.891700680	0.297234	678
138.188934240	0.248435	679
138.437369615	0.291587	680
138.728956916	0.242472	681
138.971428571	0.359909	682
139.331337868	0.731429	683
140.062766440	0.557279	684
140.620045351	0.917188	685
141.537233560	0.267029	686
141.804263039	0.754649	687
142.558911565	0.274581	688
142.833492063	0.271088	689
143.104580499	0.278639	690
143.383219955	0.24381	691
143.627029478	0.24381	692
143.870839002	0.267029	693
144.137868481	0.267029	694
144.404897959	0.267029	695
144.671927438	0.255419	696
144.927346939	0.290249	697
145.217596372	0.24381	698
145.461405896	0.313469	699
145.774875283	0.302789	700
146.077664399	0.27771	701
146.355374150	0.337732	702
146.693106576	0.265986	703
146.959092971	0.441179	704
147.400272109	1.47447	705
148.874739229	1.69506	706
150.569795918	0.385193	707
150.954988662	0.323016	708
151.278004535	0.13932	709
151.417324263	0.12771	710
151.545034014	0.17415	711
151.719183673	0.12771	712
151.846893424	0.0928798	713
151.939773243	0.15093	714
152.090702948	0.12771	715
152.218412698	0.13932	716
152.357732426	0.12771	717
152.485442177	0.359909	718
152.845351474	0.13932	719
152.984671202	0.0812698	720
153.065941043	0.16254	721
153.228480726	0.10449	722
153.332970522	0.0928798	723
153.425850340	0.195918	724
153.621768707	0.0943311	725
153.716099773	0.19737	726
153.913469388	0.081746	727
153.995215420	0.363379	728
154.358594104	0.112154	729
154.470748299	0.12771	730
154.598458050	0.18576	731
154.784217687	0.1161	732
154.900317460	0.12771	733
155.028027211	0.12771	734
155.155736961	0.12771	735
155.283446712	0.1161	736
155.399546485	0.181224	737
155.580770975	0.085805	738
155.666575964	0.0928798	739
155.759455782	0.16254	740
155.921995465	0.13932	741
156.061315193	0.1161	742
156.177414966	0.16254	743
156.339954649	0.12771	744
156.467664399	0.1161	745
156.583764172	0.18576	746
156.769523810	0.1161	747
156.885623583	0.1161	748
157.001723356	0.19737	749
157.199092971	0.12771	750
157.326802721	0.12771	751
157.454512472	0.154059	752
157.608571429	0.112971	753
157.721541950	0.1161	754
157.837641723	0.183583	755
158.021224490	0.106667	756
158.127891156	0.0928798	757
158.220770975	0.13932	758
158.360090703	0.13932	759
158.499410431	0.1161	760
158.615510204	0.17415	761
158.789659864	0.1161	762
158.905759637	0.12771	763
159.033469388	0.15093	764
159.184399093	0.1161	765
159.300498866	0.1161	766
159.416598639	0.12771	767
159.544308390	0.1161	768
159.660408163	0.10449	769
159.764897959	0.149546	770
159.914444444	0.129093	771
160.043537415	0.12771	772
160.171247166	0.15093	773
160.322176871	0.1161	774
160.438276644	0.0928798	775
160.531156463	0.16254	776
160.693696145	0.10449	777
160.798185941	0.15093	778
160.949115646	0.144785	779
161.093900227	0.0990249	780
161.192925170	0.13932	781
161.332244898	0.14	782
161.472244898	0.10381	783
161.576054422	0.13932	784
161.715374150	0.144172	785
161.859546485	0.0996372	786
161.959183673	0.15093	787
162.110113379	0.135465	788
162.245578231	0.119955	789
162.365532880	0.10449	790
162.470022676	0.186395	791
162.656417234	0.103855	792
162.760272109	0.12771	793
162.887981859	0.16254	794
163.050521542	0.10449	795
163.155011338	0.10449	796
163.259501134	0.18576	797
163.445260771	0.1161	798
163.561360544	0.10449	799
163.665850340	0.15093	800
163.816780045	0.12771	801
163.944489796	0.10449	802
164.048979592	0.13932	803
164.188299320	0.12771	804
164.316009070	0.10449	805
164.420498866	0.18576	806
164.606258503	0.1161	807
164.722358277	0.1161	808
164.838458050	0.13932	809
164.977777778	0.12771	810
165.105487528	0.10449	811
165.209977324	0.13932	812
165.349297052	0.1161	813
165.465396825	0.12771	814
165.593106576	0.17415	815
165.767256236	0.13932	816
165.906575964	0.1161	817
166.022675737	0.17415	818
166.196825397	0.1161	819
166.312925170	0.10449	820
166.417414966	0.17415	821
166.591564626	0.1161	822
166.707664399	0.16254	823
166.870204082	0.116327	824
166.986530612	0.127483	825
167.114013605	0.1161	826
167.230113379	0.15093	827
167.381043084	0.12771	828
167.508752834	0.13932	829
167.648072562	0.19737	830
167.845442177	0.12771	831
167.973151927	0.1161	832
168.089251701	0.15093	833
168.240181406	0.12771	834
168.367891156	0.13932	835
168.507210884	0.154785	836
168.661995465	0.147075	837
168.809070295	0.1161	838
168.925170068	0.15093	839
169.076099773	0.12771	840
169.203809524	0.12771	841
169.331519274	0.145079	842
169.476598639	0.11034	843
169.586938776	0.12771	844
169.714648526	0.182041	845
169.896689342	0.108209	846
170.004897959	0.12771	847
170.132607710	0.15093	848
170.283537415	0.1161	849
170.399637188	0.0812698	850
170.480907029	0.20898	851
170.689886621	0.1161	852
170.805986395	0.0928798	853
170.898866213	0.16254	854
171.061405896	0.10449	855
171.165895692	0.1161	856
171.281995465	0.166395	857
171.448390023	0.123855	858
171.572244898	0.1161	859
171.688344671	0.13932	860
171.827664399	0.12771	861
171.955374150	0.12771	862
172.083083900	0.17415	863
172.257233560	0.1161	864
172.373333333	0.1161	865
172.489433107	0.13932	866
172.628752834	0.12771	867
172.756462585	0.1161	868
172.872562358	0.146417	869
173.018979592	0.132222	870
173.151201814	0.12771	871
173.278911565	0.129456	872
173.408367347	0.102744	873
173.511111111	0.1161	874
173.627210884	0.206395	875
173.833605442	0.118685	876
173.952290249	0.16254	877
174.114829932	0.198027	878
174.312857143	0.510181	879
174.823038549	0.464399	880
175.287437642	0.10449	881
175.391927438	0.12771	882
175.519637188	0.16254	883
175.682176871	0.12771	884
175.809886621	0.10449	885
175.914376417	0.13932	886
176.053696145	0.12771	887
176.181405896	0.13932	888
176.320725624	0.1161	889
176.436825397	0.13932	890
176.576145125	0.12771	891
176.703854875	0.13932	892
176.843174603	0.12771	893
176.970884354	0.0928798	894
177.063764172	0.12771	895
177.191473923	0.1161	896
177.307573696	0.10449	897
177.412063492	0.15093	898
177.562993197	0.12771	899
177.690702948	0.1161	900
177.806802721	0.17415	901
177.980952381	0.1161	902
178.097052154	0.12771	903
178.224761905	0.1161	904
178.340861678	0.1161	905
178.456961451	0.1161	906
178.573061224	0.13932	907
178.712380952	0.10449	908
178.816870748	0.12771	909
178.944580499	0.148254	910
179.092834467	0.107166	911
179.200000000	0.10449	912
179.304489796	0.13932	913
179.443809524	0.1161	914
179.559909297	0.15093	915
179.710839002	0.10449	916
179.815328798	0.10449	917
179.919818594	0.1161	918
180.035918367	0.13932	919
180.175238095	0.22059	920
180.395827664	0.278821	921
180.674648526	1.23048	922
181.905124717	0.24381	923
182.148934240	0.255419	924
182.404353741	0.267029	925
182.671383220	0.441179	926
183.112562358	0.661769	927
183.774331066	0.267029	928
184.041360544	0.20898	929
184.250340136	0.267029	930
184.517369615	0.510839	931
185.028208617	0.429569	932
185.457777778	0.12771	933
185.585487528	0.15093	934
185.736417234	0.15093	935
185.887346939	0.16254	936
186.049886621	0.13932	937
186.189206349	0.17322	938
186.362426304	0.117029	939
186.479455782	0.13932	940
186.618775510	0.17415	941
186.792925170	0.13932	942
186.932244898	0.0928798	943
187.025124717	0.22059	944
187.245714286	0.13932	945
187.385034014	0.13932	946
187.524353741	0.126508	947
187.650861678	0.117302	948
187.768163265	0.16254	949
187.930702948	0.17415	950
188.104852608	0.450726	951
188.555578231	0.447619	952
189.003197279	0.158163	953
189.161360544	0.1161	954
189.277460317	0.151406	955
189.428866213	0.138844	956
189.567709751	0.10449	957
189.672199546	0.12771	958
189.799909297	0.13932	959
189.939229025	0.13932	960
190.078548753	0.12771	961
190.206258503	0.15093	962
190.357188209	0.12771	963
190.484897959	0.118322	964
190.603219955	0.137098	965
190.740317460	0.13932	966
190.879637188	0.138231	967
191.017868481	0.210068	968
191.227936508	0.278639	969
191.506575964	0.940408	970
192.446984127	0.499229	971
192.946213152	0.464399	972
193.410612245	0.12771	973
193.538321995	0.15093	974
193.689251701	0.12771	975
193.816961451	0.1161	976
193.933061224	0.13932	977
194.072380952	0.476009	978
194.548390023	0.522449	979
195.070839002	0.10449	980
195.175328798	0.13932	981
195.314648526	0.12771	982
195.442358277	0.17415	983
195.616507937	0.0928798	984
195.709387755	0.580499	985
196.289886621	0.12771	986
196.417596372	0.13932	987
196.556916100	0.580499	988
197.137414966	0.12771	989
197.265124717	0.176077	990
197.441201814	0.659841	991
198.101043084	0.384263	992
198.485306122	1.54299	993
200.028299320	0.31381	994
200.342108844	0.231859	995
200.573968254	0.267029	996
200.840997732	0.476009	997
201.317006803	0.743039	998
202.060045351	0.255419	999
202.315464853	0.255419	1000
202.570884354	0.290249	1001
202.861133787	0.545669	1002
203.406802721	0.777869	1003
204.184671202	0.301859	1004
204.486530612	0.290249	1005
204.776780045	0.325079	1006
205.101859410	1.25388	1007
206.355736961	0.20898	1008
206.564716553	0.2322	1009
206.796916100	0.260317	1010
207.057233560	1.26059	1011
208.317823129	0.307846	1012
208.625668934	0.295873	1013
208.921541950	0.301859	1014
209.223401361	1.32354	1015
210.546938776	0.429569	1016
210.976507937	0.383129	1017
211.359637188	0.476009	1018
211.835646259	0.406349	1019
212.241995465	0.383129	1020
212.625124717	0.2322	1021
212.857324263	0.2322	1022
213.089523810	0.2322	1023
213.321723356	0.267029	1024
213.588752834	0.20898	1025
213.797732426	0.291179	1026
214.088911565	0.23127	1027
214.320181406	0.260771	1028
214.580952381	0.215238	1029
214.796190476	0.267029	1030
215.063219955	0.19737	1031
215.260589569	0.24381	1032
215.504399093	0.20898	1033
215.713378685	0.290249	1034
216.003628118	0.19737	1035
216.200997732	0.24381	1036
216.444807256	0.2322	1037
216.677006803	0.255419	1038
216.932426304	0.18576	1039
217.118185941	0.2322	1040
217.350385488	0.19737	1041
217.547755102	0.278821	1042
217.826575964	0.197188	1043
218.023764172	0.278639	1044
218.302403628	0.17415	1045
218.476553288	0.254535	1046
218.731088435	0.233084	1047
218.964172336	0.290249	1048
219.254421769	0.2322	1049
219.486621315	0.452789	1050
219.939410431	0.301859	1051
220.241269841	0.336689	1052
220.577959184	0.18576	1053
220.763718821	0.0812698	1054
220.844988662	0.0812698	1055
220.926258503	0.16254	1056
221.088798186	0.18576	1057
221.274557823	0.0580499	1058
221.332607710	0.0580499	1059
221.390657596	0.138889	1060
221.529546485	0.104921	1061
221.634467120	0.0580499	1062
221.692517007	0.0580499	1063
221.750566893	0.13932	1064
221.889886621	0.15093	1065
222.040816327	0.20898	1066
222.249795918	0.16254	1067
222.412335601	0.10449	1068
222.516825397	0.0464399	1069
222.563265306	0.167392	1070
222.730657596	0.134467	1071
222.865124717	0.10449	1072
222.969614512	0.0464399	1073
223.016054422	0.13932	1074
223.155374150	0.10449	1075
223.259863946	0.0696599	1076
223.329523810	0.0580499	1077
223.387573696	0.102676	1078
223.490249433	0.152744	1079
223.642993197	0.20127	1080
223.844263039	0.158639	1081
224.002902494	0.0580499	1082
224.060952381	0.0812698	1083
224.142222222	0.121088	1084
224.263310658	0.111111	1085
224.374421769	0.0928798	1086
224.467301587	0.0464399	1087
224.513741497	0.116667	1088
224.630408163	0.150363	1089
224.780770975	0.0928798	1090
224.873650794	0.0464399	1091
224.920090703	0.0973696	1092
225.017460317	0.14644	1093
225.163900227	0.0580499	1094
225.221950113	0.0464399	1095
225.268390023	0.12771	1096
225.396099773	0.1161	1097
225.512199546	0.10449	1098
225.616689342	0.0348299	1099
225.651519274	0.12771	1100
225.779229025	0.1161	1101
225.895328798	0.0580499	1102
225.953378685	0.0464399	1103
225.999818594	0.0928798	1104
226.092698413	0.10449	1105
226.197188209	0.0812698	1106
226.278458050	0.0464399	1107
226.324897959	0.16254	1108
226.487437642	0.24381	1109
226.731247166	0.336689	1110
227.067936508	0.16254	1111
227.230476190	0.0580499	1112
227.288526077	0.0580499	1113
227.346575964	0.16254	1114
227.509115646	0.1161	1115
227.625215420	0.0696599	1116
227.694875283	0.0696599	1117
227.764535147	0.16254	1118
227.927074830	0.1161	1119
228.043174603	0.0580499	1120
228.101224490	0.0464399	1121
228.147664399	0.15093	1122
228.298594104	0.17415	1123
228.472743764	0.16254	1124
228.635283447	0.16254	1125
228.797823129	0.0812698	1126
228.879092971	0.0812698	1127
228.960362812	0.16254	1128
229.122902494	0.13932	1129
229.262222222	0.0696599	1130
229.331882086	0.0696599	1131
229.401541950	0.12771	1132
229.529251701	0.10449	1133
229.633741497	0.0812698	1134
229.715011338	0.0464399	1135
229.761451247	0.1161	1136
229.877551020	0.16254	1137
230.040090703	0.17415	1138
230.214240363	0.15093	1139
230.365170068	0.0812698	1140
230.446439909	0.0464399	1141
230.492879819	0.16254	1142
230.655419501	0.13932	1143
230.794739229	0.0696599	1144
230.864399093	0.0580499	1145
230.922448980	0.128118	1146
231.050566893	0.127302	1147
231.177868481	0.0464399	1148
231.224308390	0.0696599	1149
231.293968254	0.12771	1150
231.421678005	0.1161	1151
231.537777778	0.0696599	1152
231.607437642	0.0696599	1153
231.677097506	0.1161	1154
231.793197279	0.1161	1155
231.909297052	0.0928798	1156
232.002176871	0.0464399	1157
232.048616780	0.12771	1158
232.176326531	0.1161	1159
232.292426304	0.0812698	1160
232.373696145	0.0580499	1161
232.431746032	0.113356	1162
232.545102041	0.118844	1163
232.663945578	0.0580499	1164
232.721995465	0.0580499	1165
232.780045351	0.1161	1166
232.896145125	0.638549	1167
233.534693878	0.2322	1168
233.766893424	0.267029	1169
234.033922902	0.20898	1170
234.242902494	0.256689	1171
234.499591837	0.1961	1172
234.695691610	0.19737	1173
234.893061224	0.20898	1174
235.102040816	0.267029	1175
235.369070295	0.2322	1176
235.601269841	0.246984	1177
235.848253968	0.205805	1178
236.054058957	0.18576	1179
236.239818594	0.19737	1180
236.437188209	0.24381	1181
236.680997732	0.17415	1182
236.855147392	0.383129	1183
237.238276644	0.325079	1184
237.563356009	0.13932	1185
237.702675737	0.325079	1186
238.027755102	0.15093	1187
238.178684807	0.313469	1188
238.492154195	0.12771	1189
238.619863946	0.348299	1190
238.968163265	0.13932	1191
239.107482993	0.348299	1192
239.455782313	0.12771	1193
239.583492063	0.24381	1194
239.827301587	0.24381	1195
240.071111111	0.22059	1196
240.291700680	0.267029	1197
240.558730159	0.255419	1198
240.814149660	0.336689	1199
241.150839002	0.708209	1200
241.859047619	0.290249	1201
242.149297052	0.22059	1202
242.369886621	0.235351	1203
242.605238095	0.205828	1204
242.811065760	0.383129	1205
243.194195011	0.731429	1206
243.925623583	0.301859	1207
244.227482993	0.2322	1208
244.459682540	0.2322	1209
244.691882086	0.2322	1210
244.924081633	0.359909	1211
245.283990930	0.719819	1212
246.003809524	0.24381	1213
246.247619048	0.24381	1214
246.491428571	0.20898	1215
246.700408163	0.290249	1216
246.990657596	0.348299	1217
247.338956916	0.731429	1218
248.070385488	0.336689	1219
248.407074830	0.743039	1220
249.150113379	0.359909	1221
249.510022676	0.870748	1222
250.380770975	0.313469	1223
250.694240363	0.290249	1224
250.984489796	0.301859	1225
251.286349206	0.545669	1226
251.832018141	0.603719	1227
252.435736961	0.15093	1228
252.586666667	0.12771	1229
252.714376417	0.10449	1230
252.818866213	0.10449	1231
252.923356009	0.17415	1232
253.097505669	0.0928798	1233
253.190385488	0.15093	1234
253.341315193	0.157302	1235
253.498616780	0.597347	1236
254.095963719	0.12771	1237
254.223673469	0.17415	1238
254.397823129	0.10449	1239
254.502312925	0.1161	1240
254.618412698	0.151565	1241
254.769977324	0.103855	1242
254.873832200	0.18576	1243
255.059591837	0.1161	1244
255.175691610	0.580499	1245
255.756190476	0.12771	1246
255.883900227	0.153946	1247
256.037845805	0.542653	1248
256.580498866	0.13932	1249
256.719818594	0.155079	1250
256.874897959	0.10034	1251
256.975238095	0.13932	1252
257.114557823	0.184059	1253
257.298616780	0.10619	1254
257.404807256	0.13932	1255
257.544126984	0.136372	1256
257.680498866	0.119048	1257
257.799546485	0.15093	1258
257.950476190	0.158549	1259
258.109024943	0.22458	1260
258.333605442	0.278639	1261
258.612244898	0.22059	1262
258.832834467	0.19737	1263
259.030204082	0.15093	1264
259.181133787	0.12771	1265
259.308843537	0.17415	1266
259.482993197	0.0928798	1267
259.575873016	0.15093	1268
259.726802721	0.146961	1269
259.873764172	0.108458	1270
259.982222222	0.10449	1271
260.086712018	0.0580499	1272
260.144761905	0.168912	1273
260.313673469	0.167778	1274
260.481451247	0.278639	1275
260.760090703	0.13932	1276
260.899410431	0.1161	1277
261.015510204	0.163469	1278
261.178979592	0.15	1279
261.328979592	0.15093	1280
261.479909297	0.10771	1281
261.587619048	0.0780499	1282
261.665668934	0.1161	1283
261.781768707	0.10449	1284
261.886258503	0.12771	1285
262.013968254	0.22059	1286
262.234557823	0.2322	1287
262.466757370	0.1161	1288
262.582857143	0.10449	1289
262.687346939	0.0580499	1290
262.745396825	0.158073	1291
262.903469388	0.190227	1292
263.093696145	0.2322	1293
263.325895692	0.1161	1294
263.441995465	0.0696599	1295
263.511655329	0.0812698	1296
263.592925170	0.15093	1297
263.743854875	0.16254	1298
263.906394558	0.15093	1299
264.057324263	0.1161	1300
264.173424036	0.10449	1301
264.277913832	0.0696599	1302
264.347573696	0.0812698	1303
264.428843537	0.13932	1304
264.568163265	0.12771	1305
264.695873016	0.10449	1306
264.800362812	0.17415	1307
264.974512472	0.12771	1308
265.102222222	0.0928798	1309
265.195102041	0.0464399	1310
265.241541950	0.17415	1311
265.415691610	0.13932	1312
265.555011338	0.10449	1313
265.659501134	0.17415	1314
265.833650794	0.0812698	1315
265.914920635	0.10449	1316
266.019410431	0.0580499	1317
266.077460317	0.17415	1318
266.251609977	0.16254	1319
266.414149660	0.10449	1320
266.518639456	0.203741	1321
266.722380952	0.121338	1322
266.843718821	0.10449	1323
266.948208617	0.0812698	1324
267.029478458	0.113469	1325
267.142947846	0.11873	1326
267.261678005	0.12771	1327
267.389387755	0.173039	1328
267.562426304	0.128821	1329
267.691247166	0.0812698	1330
267.772517007	0.0696599	1331
267.842176871	0.0928798	1332
267.935056689	0.13932	1333
268.074376417	0.10449	1334
268.178866213	0.12771	1335
268.306575964	0.1161	1336
268.422675737	0.10449	1337
268.527165533	0.0812698	1338
268.608435374	0.151882	1339
268.760317460	0.126757	1340
268.887074830	0.0928798	1341
268.979954649	0.0580499	1342
269.038004535	0.1161	1343
269.154104308	0.15093	1344
269.305034014	0.0812698	1345
269.386303855	0.0580499	1346
269.444353741	0.13932	1347
269.583673469	0.12771	1348
269.711383220	0.0696599	1349
269.781043084	0.0696599	1350
269.850702948	0.17415	1351
270.024852608	0.13932	1352
270.164172336	0.17415	1353
270.338321995	0.16254	1354
270.500861678	0.2322	1355
270.733061224	0.194739	1356
270.927800454	0.14195	1357
271.069750567	0.0696599	1358
271.139410431	0.0696599	1359
271.209070295	0.13932	1360
271.348390023	0.12771	1361
271.476099773	0.0696599	1362
271.545759637	0.0696599	1363
271.615419501	0.1161	1364
271.731519274	0.15093	1365
271.882448980	0.0928798	1366
271.975328798	0.0464399	1367
272.021768707	0.17415	1368
272.195918367	0.255419	1369
272.451337868	0.223719	1370
272.675056689	0.13619	1371
272.811247166	0.0580499	1372
272.869297052	0.0696599	1373
272.938956916	0.13932	1374
273.078276644	0.1161	1375
273.194376417	0.0812698	1376
273.275646259	0.0580499	1377
273.333696145	0.13932	1378
273.473015873	0.15093	1379
273.623945578	0.0812698	1380
273.705215420	0.0580499	1381
273.763265306	0.156553	1382
273.919818594	0.203356	1383
274.123174603	0.25941	1384
274.382585034	0.135329	1385
274.517913832	0.0696599	1386
274.587573696	0.0580499	1387
274.645623583	0.16746	1388
274.813083900	0.215669	1389
275.028752834	0.214535	1390
275.243287982	0.145374	1391
275.388662132	0.0696599	1392
275.458321995	0.0580499	1393
275.516371882	0.163492	1394
275.679863946	0.103537	1395
275.783401361	0.1161	1396
275.899501134	0.0580499	1397
275.957551020	0.146236	1398
276.103786848	0.167234	1399
276.271020408	0.0696599	1400
276.340680272	0.0696599	1401
276.410340136	0.10449	1402
276.514829932	0.15093	1403
276.665759637	0.0812698	1404
276.747029478	0.0696599	1405
276.816689342	0.17415	1406
276.990839002	0.22059	1407
277.211428571	0.24381	1408
277.455238095	0.24381	1409
277.699047619	0.231655	1410
277.930702948	0.406893	1411
278.337596372	0.406349	1412
278.743945578	0.22059	1413
278.964535147	0.22059	1414
279.185124717	0.22059	1415
279.405714286	0.226349	1416
279.632063492	0.447029	1417
280.079092971	0.417959	1418
280.497052154	0.22059	1419
280.717641723	0.2322	1420
280.949841270	0.2322	1421
281.182040816	0.22059	1422
281.402630385	0.441156	1423
281.843786848	0.410295	1424
282.254081633	0.228277	1425
282.482358277	0.199796	1426
282.682154195	0.218163	1427
282.900317460	0.238118	1428
283.138435374	0.539751	1429
283.678185941	0.882358	1430
284.560544218	0.870748	1431
285.431292517	0.940408	1432
286.371700680	0.626939	1433
286.998639456	1.3932	1434
288.391836735	0.15093	1435
288.542766440	0.13932	1436
288.682086168	0.0928798	1437
288.774965986	0.16254	1438
288.937505669	0.134422	1439
289.071927438	0.132608	1440
289.204535147	0.16254	1441
289.367074830	0.16254	1442
289.529614512	0.708209	1443
290.237823129	0.13932	1444
290.377142857	0.13932	1445
290.516462585	0.12771	1446
290.644172336	0.1161	1447
290.760272109	0.16254	1448
290.922811791	0.10449	1449
291.027301587	0.13932	1450
291.166621315	0.195646	1451
291.362267574	0.582222	1452
291.944489796	0.16254	1453
292.107029478	0.15093	1454
292.257959184	0.626939	1455
292.884897959	0.17415	1456
293.059047619	0.15093	1457
293.209977324	0.650159	1458
293.860136054	0.13932	1459
293.999455782	0.19737	1460
294.196825397	0.696599	1461
294.893424036	0.12771	1462
295.021133787	0.22059	1463
295.241723356	0.592109	1464
295.833832200	0.13932	1465
295.973151927	0.13932	1466
296.112471655	0.12771	1467
296.240181406	0.15093	1468
296.391111111	0.16254	1469
296.553650794	0.18576	1470
296.739410431	0.1161	1471
296.855510204	0.140068	1472
296.995578231	0.138571	1473
297.134149660	0.16254	1474
297.296689342	0.278639	1475
297.575328798	0.633741	1476
298.209070295	0.144127	1477
298.353197279	0.16254	1478
298.515736961	0.14898	1479
298.664716553	0.10644	1480
298.771156463	0.19737	1481
298.968526077	0.13932	1482
299.107845805	0.1161	1483
299.223945578	0.13932	1484
299.363265306	0.13932	1485
299.502585034	0.568889	1486
300.071473923	0.13932	1487
300.210793651	0.12771	1488
300.338503401	0.12771	1489
300.466213152	0.17415	1490
300.640362812	0.1161	1491
300.756462585	0.10449	1492
300.860952381	0.17415	1493
301.035102041	0.1161	1494
301.151201814	0.359909	1495
301.511111111	0.13932	1496
301.650430839	0.12771	1497
301.778140590	0.15093	1498
301.929070295	0.406349	1499
302.335419501	0.12771	1500
302.463129252	0.13932	1501
302.602448980	0.13932	1502
302.741768707	0.429569	1503
303.171337868	0.13932	1504
303.310657596	0.1161	1505
303.426757370	0.13932	1506
303.566077098	0.20898	1507
303.775056689	0.2322	1508
304.007256236	0.267029	1509
304.274285714	0.267029	1510
304.541315193	0.661769	1511
305.203083900	0.15093	1512
305.354013605	0.19737	1513
305.551383220	0.15093	1514
305.702312925	0.12771	1515
305.830022676	0.12771	1516
305.957732426	0.1161	1517
306.073832200	0.12771	1518
306.201541950	0.1161	1519
306.317641723	0.417959	1520
306.735600907	0.13932	1521
306.874920635	0.12771	1522
307.002630385	0.19737	1523
307.200000000	0.1161	1524
307.316099773	0.1161	1525
307.432199546	0.19737	1526
307.629569161	0.1161	1527
307.745668934	0.12771	1528
307.873378685	0.1161	1529
307.989478458	0.352766	1530
308.342244898	0.146463	1531
308.488707483	0.15093	1532
308.639637188	0.18576	1533
308.825396825	0.394739	1534
309.220136054	0.19737	1535
309.417505669	0.16254	1536
309.580045351	0.2322	1537
309.812244898	0.15093	1538
309.963174603	0.0928798	1539
310.056054422	0.18576	1540
310.241814059	0.1161	1541
310.357913832	0.15093	1542
310.508843537	0.147778	1543
310.656621315	0.130862	1544
310.787482993	0.15093	1545
310.938412698	0.127188	1546
311.065600907	0.105011	1547
311.170612245	0.12771	1548
311.298321995	0.205442	1549
311.503764172	0.131247	1550
311.635011338	0.16254	1551
311.797551020	0.144921	1552
311.942471655	0.122109	1553
312.064580499	0.13932	1554
312.203900227	0.19737	1555
312.401269841	0.1161	1556
312.517369615	0.17415	1557
312.691519274	0.15093	1558
312.842448980	0.13932	1559
312.981768707	0.16254	1560
313.144308390	0.16254	1561
313.306848073	0.12771	1562
313.434557823	0.13932	1563
313.573877551	0.17415	1564
313.748027211	0.15093	1565
313.898956916	0.15093	1566
314.049886621	0.22059	1567
314.270476190	0.13932	1568
314.409795918	0.16254	1569
314.572335601	0.15093	1570
314.723265306	0.1161	1571
314.839365079	0.1161	1572
314.955464853	0.255419	1573
315.210884354	0.13932	1574
315.350204082	0.13932	1575
315.489523810	0.16254	1576
315.652063492	0.13932	1577
315.791383220	0.10449	1578
315.895873016	0.255419	1579
316.151292517	0.18576	1580
316.337052154	0.0580499	1581
316.395102041	0.12771	1582
316.522811791	0.12771	1583
316.650521542	0.10449	1584
316.755011338	0.0928798	1585
316.847891156	0.10449	1586
316.952380952	0.17415	1587
317.126530612	0.16254	1588
317.289070295	0.16254	1589
317.451609977	0.18576	1590
317.637369615	0.18576	1591
317.823129252	0.13932	1592
317.962448980	0.359909	1593
318.322358277	0.20898	1594
318.531337868	0.1161	1595
318.647437642	0.17415	1596
318.821587302	0.18576	1597
319.007346939	0.15093	1598
319.158276644	0.10449	1599
319.262766440	0.0580499	1600
319.320816327	0.18576	1601
319.506575964	0.1161	1602
319.622675737	0.0928798	1603
319.715555556	0.0696599	1604
319.785215420	0.17415	1605
319.959365079	0.17415	1606
320.133514739	0.10449	1607
320.238004535	0.0580499	1608
320.296054422	0.16254	1609
320.458594104	0.1161	1610
320.574693878	0.0928798	1611
320.667573696	0.0812698	1612
320.748843537	0.17415	1613
320.922993197	0.15093	1614
321.073922902	0.12771	1615
321.201632653	0.0580499	1616
321.259682540	0.267029	1617
321.526712018	0.12771	1618
321.654421769	0.13932	1619
321.793741497	0.0928798	1620
321.886621315	0.19737	1621
322.083990930	0.13932	1622
322.223310658	0.0348299	1623
322.258140590	0.10449	1624
322.362630385	0.208141	1625
322.570770975	0.151769	1626
322.722539683	0.0928798	1627
322.815419501	0.0696599	1628
322.885079365	0.20898	1629
323.094058957	0.15093	1630
323.244988662	0.1161	1631
323.361088435	0.0928798	1632
323.453968254	0.22059	1633
323.674557823	0.16254	1634
323.837097506	0.10449	1635
323.941587302	0.0696599	1636
324.011247166	0.18576	1637
324.197006803	0.1161	1638
324.313106576	0.1161	1639
324.429206349	0.0464399	1640
324.475646259	0.13127	1641
324.606916100	0.15898	1642
324.765895692	0.1161	1643
324.881995465	0.0696599	1644
324.951655329	0.17415	1645
325.125804989	0.20898	1646
325.334784580	0.1161	1647
325.450884354	0.0812698	1648
325.532154195	0.22059	1649
325.752743764	0.13932	1650
325.892063492	0.10449	1651
325.996553288	0.10449	1652
326.101043084	0.17415	1653
326.275192744	0.19737	1654
326.472562358	0.0812698	1655
326.553832200	0.0696599	1656
326.623492063	0.19737	1657
326.820861678	0.17415	1658
326.995011338	0.1161	1659
327.111111111	0.0696599	1660
327.180770975	0.2322	1661
327.412970522	0.20898	1662
327.621950113	0.10449	1663
327.726439909	0.0812698	1664
327.807709751	0.2322	1665
328.039909297	0.19737	1666
328.237278912	0.13932	1667
328.376598639	0.10449	1668
328.481088435	0.20898	1669
328.690068027	0.19737	1670
328.887437642	0.15093	1671
329.038367347	0.0812698	1672
329.119637188	0.278639	1673
329.398276644	0.22059	1674
329.618866213	0.15093	1675
329.769795918	0.10449	1676
329.874285714	0.255419	1677
330.129705215	0.267029	1678
330.396734694	0.10449	1679
330.501224490	0.17415	1680
330.675374150	0.417959	1681
331.093333333	0.534059	1682
331.627392290	0.16254	1683
331.789931973	0.522449	1684
332.312380952	0.16254	1685
332.474920635	0.499229	1686
332.974149660	0.18576	1687
333.159909297	0.510839	1688
333.670748299	0.19737	1689
333.868117914	0.383129	1690
334.251247166	0.133515	1691
334.384761905	0.0609524	1692
334.445714286	0.0609524	1693
334.506666667	0.14	1694
334.646666667	0.121224	1695
334.767891156	0.0870748	1696
334.854965986	0.0609524	1697
334.915918367	0.194467	1698
335.110385488	0.110295	1699
335.220680272	0.0609524	1700
335.281632653	0.0870748	1701
335.368707483	0.101587	1702
335.470294785	0.0986848	1703
335.568979592	0.0957823	1704
335.664761905	0.0435374	1705
335.708299320	0.191565	1706
335.899863946	0.121905	1707
336.021768707	0.0783673	1708
336.100136054	0.0435374	1709
336.143673469	0.17415	1710
336.317823129	0.113197	1711
336.431020408	0.0957823	1712
336.526802721	0.0696599	1713
336.596462585	0.147778	1714
336.744240363	0.130862	1715
336.875102041	0.0696599	1716
336.944761905	0.0870748	1717
337.031836735	0.099161	1718
337.130997732	0.0924036	1719
337.223401361	0.10449	1720
337.327891156	0.13932	1721
337.467210884	0.113197	1722
337.580408163	0.0435374	1723
337.623945578	0.0783673	1724
337.702312925	0.171247	1725
337.873560091	0.124807	1726
337.998367347	0.0957823	1727
338.094149660	0.16254	1728
338.256689342	0.1161	1729
338.372789116	0.0696599	1730
338.442448980	0.0870748	1731
338.529523810	0.121905	1732
338.651428571	0.130612	1733
338.782040816	0.10449	1734
338.886530612	0.171247	1735
339.057777778	0.107392	1736
339.165170068	0.0783673	1737
339.243537415	0.10449	1738
339.348027211	0.12771	1739
339.475736961	0.0899773	1740
339.565714286	0.121905	1741
339.687619048	0.174104	1742
339.861723356	0.104535	1743
339.966258503	0.0783673	1744
340.044625850	0.0870748	1745
340.131700680	0.145125	1746
340.276825397	0.1161	1747
340.392925170	0.113197	1748
340.506122449	0.223492	1749
340.729614512	0.133515	1750
340.863129252	0.130612	1751
340.993741497	0.177052	1752
341.170793651	0.119002	1753
341.289795918	0.0957823	1754
341.385578231	0.0522449	1755
341.437823129	0.12771	1756
341.565532880	0.133515	1757
341.699047619	0.113197	1758
341.812244898	0.166258	1759
341.978503401	0.147211	1760
342.125714286	0.0696599	1761
342.195374150	0.0696599	1762
342.265034014	0.160045	1763
342.425079365	0.170839	1764
342.595918367	0.0696599	1765
342.665578231	0.0696599	1766
342.735238095	0.153832	1767
342.889070295	0.124807	1768
343.013877551	0.0870748	1769
343.100952381	0.0957823	1770
343.196734694	0.168345	1771
343.365079365	0.16254	1772
343.527619048	0.0957823	1773
343.623401361	0.0609524	1774
343.684353741	0.214785	1775
343.899138322	0.124807	1776
344.023945578	0.0783673	1777
344.102312925	0.0783673	1778
344.180680272	0.171247	1779
344.351927438	0.124807	1780
344.476734694	0.0783673	1781
344.555102041	0.0783673	1782
344.633469388	0.159637	1783
344.793106576	0.16254	1784
344.955646259	0.0522449	1785
345.007891156	0.0783673	1786
345.086258503	0.12873	1787
345.214988662	0.0889569	1788
345.303945578	0.113197	1789
345.417142857	0.0435374	1790
345.460680272	0.156735	1791
345.617414966	0.191565	1792
345.808979592	0.0696599	1793
345.878639456	0.0522449	1794
345.930884354	0.156916	1795
346.087800454	0.182676	1796
346.270476190	0.0522449	1797
346.322721088	0.0696599	1798
346.392380952	0.124444	1799
346.516825397	0.10195	1800
346.618775510	0.0957823	1801
346.714557823	0.0435374	1802
346.758095238	0.171247	1803
346.929342404	0.107392	1804
347.036734694	0.0870748	1805
347.123809524	0.0783673	1806
347.202176871	0.189229	1807
347.391405896	0.141655	1808
347.533061224	0.0696599	1809
347.602721088	0.0609524	1810
347.663673469	0.171247	1811
347.834920635	0.142222	1812
347.977142857	0.0870748	1813
348.064217687	0.0522449	1814
348.116462585	0.141995	1815
348.258458050	0.145351	1816
348.403809524	0.0609524	1817
348.464761905	0.0696599	1818
348.534421769	0.144649	1819
348.679070295	0.133991	1820
348.813061224	0.0522449	1821
348.865306122	0.0696599	1822
348.934965986	0.130612	1823
349.065578231	0.156735	1824
349.222312925	0.0696599	1825
349.291972789	0.0435374	1826
349.335510204	0.159637	1827
349.495147392	0.136417	1828
349.631564626	0.0609524	1829
349.692517007	0.0609524	1830
349.753469388	0.136417	1831
349.889886621	0.177052	1832
350.066938776	0.0609524	1833
350.127891156	0.0783673	1834
350.206258503	0.159637	1835
350.365895692	0.110295	1836
350.476190476	0.10449	1837
350.580680272	0.203175	1838
350.783854875	0.145125	1839
350.928979592	0.0783673	1840
351.007346939	0.10449	1841
351.111836735	0.150363	1842
351.262199546	0.145692	1843
351.407891156	0.121905	1844
351.529795918	0.159637	1845
351.689433107	0.188662	1846
351.878095238	0.121905	1847
352.000000000	0.0522449	1848
352.052244898	0.159637	1849
352.211882086	0.110295	1850
352.322176871	0.17415	1851
352.496326531	0.16229	1852
352.658616780	0.142472	1853
352.801088435	0.182857	1854
352.983945578	0.191565	1855
353.175510204	0.148027	1856
353.323537415	0.165442	1857
353.488979592	0.13932	1858
353.628299320	0.182857	1859
353.811156463	0.217687	1860
354.028843537	0.191565	1861
354.220408163	0.17415	1862
354.394557823	0.269932	1863
354.664489796	0.184966	1864
354.849455782	0.189456	1865
355.038911565	0.10449	1866
355.143401361	0.0609524	1867
355.204353741	0.177052	1868
355.381405896	0.16254	1869
355.543945578	0.0435374	1870
355.587482993	0.0783673	1871
355.665850340	0.145125	1872
355.810975057	0.133515	1873
355.944489796	0.0609524	1874
356.005442177	0.0522449	1875
356.057687075	0.125147	1876
356.182834467	0.101247	1877
356.284081633	0.0957823	1878
356.379863946	0.0522449	1879
356.432108844	0.133515	1880
356.565623583	0.145125	1881
356.710748299	0.0696599	1882
356.780408163	0.0435374	1883
356.823945578	0.105351	1884
356.929297052	0.112336	1885
357.041632653	0.0609524	1886
357.102585034	0.0348299	1887
357.137414966	0.154671	1888
357.292086168	0.115261	1889
357.407346939	0.0609524	1890
357.468299320	0.0696599	1891
357.537959184	0.121202	1892
357.659160998	0.105193	1893
357.764353741	0.0609524	1894
357.825306122	0.0696599	1895
357.894965986	0.122585	1896
358.017551020	0.121224	1897
358.138775510	0.0870748	1898
358.225850340	0.0348299	1899
358.260680272	0.150476	1900
358.411156463	0.119456	1901
358.530612245	0.0522449	1902
358.582857143	0.0696599	1903
358.652517007	0.119002	1904
358.771519274	0.124807	1905
358.896326531	0.0783673	1906
358.974693878	0.0348299	1907
359.009523810	0.138526	1908
359.148049887	0.096576	1909
359.244625850	0.0696599	1910
359.314285714	0.0435374	1911
359.357823129	0.151293	1912
359.509115646	0.101224	1913
359.610340136	0.0522449	1914
359.662585034	0.0435374	1915
359.706122449	0.145125	1916
359.851247166	0.0899773	1917
359.941224490	0.0522449	1918
359.993469388	0.0348299	1919
360.028299320	0.166236	1920
360.194535147	0.112404	1921
360.306938776	0.0783673	1922
360.385306122	0.0522449	1923
360.437551020	0.134898	1924
360.572448980	0.100204	1925
360.672653061	0.0696599	1926
360.742312925	0.0348299	1927
360.777142857	0.130612	1928
360.907755102	0.513741	1929
361.421496599	0.171247	1930
361.592743764	0.455692	1931
362.048435374	0.182857	1932
362.231292517	0.461497	1933
362.692789116	0.207506	1934
362.900294785	0.489093	1935
363.389387755	0.200272	1936
363.589659864	0.269932	1937
363.859591837	0.165442	1938
364.025034014	0.121905	1939
364.146938776	0.12771	1940
364.274648526	0.124807	1941
364.399455782	0.10449	1942
364.503945578	0.142222	1943
364.646167800	0.110295	1944
364.756462585	0.10449	1945
364.860952381	0.133515	1946
364.994467120	0.101587	1947
365.096054422	0.130612	1948
365.226666667	0.111179	1949
365.337845805	0.0803855	1950
365.418231293	0.121905	1951
365.540136054	0.15093	1952
365.691065760	0.101587	1953
365.792653061	0.0957823	1954
365.888435374	0.16254	1955
366.050975057	0.0899773	1956
366.140952381	0.0957823	1957
366.236734694	0.16254	1958
366.399274376	0.890249	1959
367.289523810	1.51302	1960
368.802539683	0	1961