10.470000000	1
11.050666667	2
11.820000000	3
11.946666667	4
12.106666667	5
12.260000000	6
12.406666667	7
12.525000000	8
12.613333333	9
12.860000000	10
13.037145833	11
13.680000000	12
13.866666667	13
14.048000000	14
14.206666667	15
14.306666667	16
14.474666667	17
14.600000000	18
14.820000000	19
14.965333333	20
15.540000000	21
15.820000000	22
16.000000000	23
16.640000000	24
16.806666667	25
16.973395833	26
17.126666667	27
17.260000000	28
17.429333333	29
17.560000000	30
17.740000000	31
17.845333333	32
17.953333333	33
18.100000000	34
18.315000000	35
19.100000000	36
19.370666667	37
19.613333333	38
19.882666667	39
20.120000000	40
20.331333333	41
20.566666667	42
21.053333333	43
21.346583333	44
21.566666667	45
21.813208333	46
22.046666667	47
22.301791667	48
22.546666667	49
23.026666667	50
23.264000000	51
23.513333333	52
23.986666667	53
24.245333333	54
24.520000000	55
24.768000000	56
25.013333333	57
25.261104167	58
25.473333333	59
25.749333333	60
25.980000000	61
26.176000000	62
26.426666667	63
26.688000000	64
27.157333333	65
27.400000000	66
27.648000000	67
28.181333333	68
28.340000000	69
28.493333333	70
28.642500000	71
28.793333333	72
28.926666667	73
29.109333333	74
29.226666667	75
29.386666667	76
29.565000000	77
29.686666667	78
29.840000000	79
29.984000000	80
30.280000000	81
30.555000000	82
31.012500000	83
31.206666667	84
31.456000000	85
31.957333333	86
32.213333333	87
32.446916667	88
32.726666667	89
32.981333333	90
33.472000000	91
33.941333333	92
34.180000000	93
34.439500000	94
34.660000000	95
34.933333333	96
35.413333333	97
35.904000000	98
36.186666667	99
36.426666667	100
36.646666667	101
36.874666667	102
37.106666667	103
37.379687500	104
37.613333333	105
37.856000000	106
38.120000000	107
38.377500000	108
38.837333333	109
39.073333333	110
39.285333333	111
39.790500000	112
40.526666667	113
40.833333333	114
41.086666667	115
41.325000000	116
41.586666667	117
41.850000000	118
42.060000000	119
42.553333333	120
42.820000000	121
43.033333333	122
43.274666667	123
43.526666667	124
43.754666667	125
44.046666667	126
44.526666667	127
44.810666667	128
45.040000000	129
45.290666667	130
45.546666667	131
45.757500000	132
46.000000000	133
46.466666667	134
46.741333333	135
47.020000000	136
47.280000000	137
47.493333333	138
47.752500000	139
48.000000000	140
48.285000000	141
48.540000000	142
48.775333333	143
49.020000000	144
49.252500000	145
49.540000000	146
49.792500000	147
50.053333333	148
50.336000000	149
50.586666667	150
50.900000000	151
51.637333333	152
53.733333333	153
54.442666667	154
55.933333333	155
56.536083333	156
57.100000000	157
57.666666667	158
58.177500000	159
58.773333333	160
59.309500000	161
59.862437500	162
60.397500000	163
60.926666667	164
61.200000000	165
61.410000000	166
61.660000000	167
61.882500000	168
62.173333333	169
62.460000000	170
63.037500000	171
63.680000000	172
64.326666667	173
64.466666667	174
64.717500000	175
64.860000000	176
65.026666667	177
65.207333333	178
65.426666667	179
65.580000000	180
65.706666667	181
66.393333333	182
66.560000000	183
66.730666667	184
66.873333333	185
67.060000000	186
67.264000000	187
67.433333333	188
67.566666667	189
67.726416667	190
68.284354167	191
68.460000000	192
68.620000000	193
68.810666667	194
69.300000000	195
69.466666667	196
69.633333333	197
69.824000000	198
70.053333333	199
70.304000000	200
70.606666667	201
70.901333333	202
71.488000000	203
72.133395833	204
72.886666667	205
73.053333333	206
73.205770833	207
73.353333333	208
73.493333333	209
73.702250000	210
73.860000000	211
74.060000000	212
74.240000000	213
75.000000000	214
75.153333333	215
75.277500000	216
75.426666667	217
75.593333333	218
75.766666667	219
75.966666667	220
76.160000000	221
76.298666667	222
77.020000000	223
77.173333333	224
77.320000000	225
77.962666667	226
78.592000000	227
79.082666667	228
79.584000000	229
80.128000000	230
81.226666667	231
82.293333333	232
83.433333333	233
84.522666667	234
85.760000000	235
86.848000000	236
88.206666667	237
89.706666667	238
90.706666667	239
91.424000000	240
92.810666667	241
93.353333333	242
94.080000000	243
94.260000000	244
94.442666667	245
94.593333333	246
94.713333333	247
94.869333333	248
95.411854167	249
96.073333333	250
96.266666667	251
96.405875000	252
96.533333333	253
96.673333333	254
97.397333333	255
97.950000000	256
98.566666667	257
98.733333333	258
98.890666667	259
99.040000000	260
99.153333333	261
99.328000000	262
99.882666667	263
100.506666667	264
100.653333333	265
100.852500000	266
101.000000000	267
101.146666667	268
101.355000000	269
101.936104167	270
102.600000000	271
102.773333333	272
102.901333333	273
103.033333333	274
103.200000000	275
103.372020833	276
103.954937500	277
104.920000000	278
105.514666667	279
106.733333333	280
107.968000000	281
108.533333333	282
109.206666667	283
110.474666667	284
111.872000000	285
112.180000000	286
112.433333333	287
112.640000000	288
112.820000000	289
113.033333333	290
113.220000000	291
113.473333333	292
113.700000000	293
113.856000000	294
114.080000000	295
114.240000000	296
114.410666667	297
114.580000000	298
114.753333333	299
114.944000000	300
115.120000000	301
115.333333333	302
115.541333333	303
115.720000000	304
115.940000000	305
116.130000000	306
116.280000000	307
116.506666667	308
116.700000000	309
116.893333333	310
117.073333333	311
117.246666667	312
117.880000000	313
118.485604167	314
119.084062500	315
119.593333333	316
120.346666667	317
120.580000000	318
121.013333333	319
121.313333333	320
121.589333333	321
121.866666667	322
122.146666667	323
123.333333333	324
123.745583333	325
124.080000000	326
124.386666667	327
124.646666667	328
124.981333333	329
126.160000000	330
126.581333333	331
126.993333333	332
127.488000000	333
127.740000000	334
127.960000000	335
128.234666667	336
128.426666667	337
128.593333333	338
128.768000000	339
128.953333333	340
129.126666667	341
129.290666667	342
129.473333333	343
129.726666667	344
129.877333333	345
130.053333333	346
130.246666667	347
130.388145833	348
130.553333333	349
130.760000000	350
130.971333333	351
131.113333333	352
131.353333333	353
131.530666667	354
131.673333333	355
131.880000000	356
132.067500000	357
132.200000000	358
132.433333333	359
132.640000000	360
133.246666667	361
133.391229167	362
133.873333333	363
133.994666667	364
134.446666667	365
134.592000000	366
135.060000000	367
135.232000000	368
135.640000000	369
135.840000000	370
136.193333333	371
136.544000000	372
136.753333333	373
137.066666667	374
137.320000000	375
137.749333333	376
138.410666667	377
138.944000000	378
139.541333333	379
140.213333333	380
140.666666667	381
141.475104167	382
142.186666667	383
142.965000000	384
143.800000000	385
144.213333333	386
144.573333333	387
144.813333333	388
145.506666667	389
146.520000000	390
146.912000000	391
147.180000000	392
147.480000000	393
147.846666667	394
148.213333333	395
149.153333333	396
149.553333333	397
149.880000000	398
150.073333333	399
150.400000000	400
150.800000000	401
151.760000000	402
152.160000000	403
153.153333333	404
153.573833333	405
154.626666667	406
155.160000000	407
155.546666667	408
155.913333333	409
156.293333333	410
156.653333333	411
156.913333333	412
157.266666667	413
157.573333333	414
157.920000000	415
158.193333333	416
158.602666667	417
158.860000000	418
159.453333333	419
159.873333333	420
160.206666667	421
160.672000000	422
160.960000000	423
161.333333333	424
161.566666667	425
161.895000000	426
162.133333333	427
162.433333333	428
162.726666667	429
163.088062500	430
163.360000000	431
163.640000000	432
164.066666667	433
164.366666667	434
165.266666667	435
165.533333333	436
165.993333333	437
166.300000000	438
166.620000000	439
166.924458333	440
167.246666667	441
167.966666667	442
168.686666667	443
169.626666667	444
170.160000000	445
171.693333333	446
172.222625000	447
172.780000000	448
173.453333333	449
173.746666667	450
173.880000000	451
174.090666667	452
174.213333333	453
174.313333333	454
174.474395833	455
174.613333333	456
174.766666667	457
175.413333333	458
175.553333333	459
175.673333333	460
175.872000000	461
175.980000000	462
176.133333333	463
176.265895833	464
176.380000000	465
176.540000000	466
177.109333333	467
177.246666667	468
177.366666667	469
177.578666667	470
177.686666667	471
177.826666667	472
177.984000000	473
178.093333333	474
178.246666667	475
178.960000000	476
179.872000000	477
180.720000000	478
181.236354167	479
182.500000000	480
183.018666667	481
184.280000000	482
184.726666667	483
185.685333333	484
186.517333333	485
187.306666667	486
187.754666667	487
188.192000000	488
188.981333333	489
189.393333333	490
189.813333333	491
190.592000000	492
190.986666667	493
191.406666667	494
192.202500000	495
192.640000000	496
192.800000000	497
193.045333333	498
193.200000000	499
193.373333333	500
193.613333333	501
193.766666667	502
194.000000000	503
194.153333333	504
194.346666667	505
194.549333333	506
194.753333333	507
194.922666667	508
195.100000000	509
195.262500000	510
195.446666667	511
195.645000000	512
195.846666667	513
196.053333333	514
196.233333333	515
196.426812500	516
196.580000000	517
196.777187500	518
196.953333333	519
197.107500000	520
197.293333333	521
197.497500000	522
197.680000000	523
197.898666667	524
198.040000000	525
198.208000000	526
198.446666667	527
198.683666667	528
205.930666667	529
206.240000000	530
206.581333333	531
206.880000000	532
207.247500000	533
207.936000000	534
208.920000000	535
209.261541667	536
209.520000000	537
209.930666667	538
210.666666667	539
211.740000000	540
212.166666667	541
212.440000000	542
212.753333333	543
213.113333333	544
213.306666667	545
213.613333333	546
213.892500000	547
214.160000000	548
214.386666667	549
214.653333333	550
214.893333333	551
215.193333333	552
215.380000000	553
215.693333333	554
215.940000000	555
219.850666667	556
220.437333333	557
221.153333333	558
221.313333333	559
221.493333333	560
221.613333333	561
221.726666667	562
221.910083333	563
222.420000000	564
223.153333333	565
223.293333333	566
223.433333333	567
223.566666667	568
223.700000000	569
223.850666667	570
224.405333333	571
225.093333333	572
225.260000000	573
225.418666667	574
226.166666667	575
226.300000000	576
226.462500000	577
227.200000000	578
227.360000000	579
227.493333333	580
227.820000000	581
228.213333333	582
228.513333333	583
228.874666667	584
229.140000000	585
229.440000000	586
230.085000000	587
231.086666667	588
231.477333333	589
231.773333333	590
232.106666667	591
232.693333333	592
233.613333333	593
233.928187500	594
234.206666667	595
234.506666667	596
235.168000000	597
236.100000000	598
236.448000000	599
236.726666667	600
237.090000000	601
237.749333333	602
238.706666667	603
239.061333333	604
239.340000000	605
239.637333333	606
240.256000000	607
241.153333333	608
241.513916667	609
241.800000000	610
242.182708333	611
243.080000000	612
243.488000000	613
244.346666667	614
244.666895833	615
245.466666667	616
245.812500000	617
246.593333333	618
246.953333333	619
247.706666667	620
248.074666667	621
248.906666667	622
249.180000000	623
250.006666667	624
250.360333333	625
251.180000000	626
251.562666667	627
252.380000000	628
252.832000000	629
253.706666667	630
254.493333333	631
254.700000000	632
254.895000000	633
255.026666667	634
255.173333333	635
255.337500000	636
255.480000000	637
255.666666667	638
255.840000000	639
256.573333333	640
256.760000000	641
256.886666667	642
257.086666667	643
257.233333333	644
257.360000000	645
257.506666667	646
257.653333333	647
257.826666667	648
258.633333333	649
258.793333333	650
258.954666667	651
259.106666667	652
259.246666667	653
259.413333333	654
259.586666667	655
259.773333333	656
259.896895833	657
260.080000000	658
260.226666667	659
260.373333333	660
260.560000000	661
260.713333333	662
260.873562500	663
261.033333333	664
261.200000000	665
261.397333333	666
261.713333333	667
262.133333333	668
262.893333333	669
263.060000000	670
263.221333333	671
263.333333333	672
263.486666667	673
263.686125000	674
263.813333333	675
263.933333333	676
264.093333333	677
264.880000000	678
265.060000000	679
265.215270833	680
265.353333333	681
265.506666667	682
265.704145833	683
265.826666667	684
265.973333333	685
266.208000000	686
266.933333333	687
267.133333333	688
267.264000000	689
267.426666667	690
267.600000000	691
267.765333333	692
267.966666667	693
268.113333333	694
268.269750000	695
268.426666667	696
268.593333333	697
268.768000000	698
268.953333333	699
269.153333333	700
269.340000000	701
269.493333333	702
269.646666667	703
269.806666667	704
270.688000000	705
271.372500000	706
271.897500000	707
272.490000000	708
273.130666667	709
273.845333333	710
274.133333333	711
274.464000000	712
274.720000000	713
274.933333333	714
275.213333333	715
275.606666667	716
276.245333333	717
276.853333333	718
277.400000000	719
278.037333333	720
278.593333333	721
279.206666667	722
279.916520833	723
280.651500000	724
281.526666667	725
281.873333333	726
282.113333333	727
282.380000000	728
282.753333333	729
283.126666667	730
284.080000000	731
284.482500000	732
284.746666667	733
285.006666667	734
285.720000000	735
286.673333333	736
287.050666667	737
287.260000000	738
287.553333333	739
287.860000000	740
288.277333333	741
289.266666667	742
289.666812500	743
290.713333333	744
291.146666667	745
292.393333333	746
292.820000000	747
293.220000000	748
293.793333333	749
294.766666667	750
295.040000000	751
295.320000000	752
295.583583333	753
295.840000000	754
296.102770833	755
296.353333333	756
296.933333333	757
297.223604167	758
297.453333333	759
297.706666667	760
297.933333333	761
298.206770833	762
298.460000000	763
298.980000000	764
299.296000000	765
299.520000000	766
300.053333333	767
300.386666667	768
300.573333333	769
300.842666667	770
301.086666667	771
301.344000000	772
301.586666667	773
301.866666667	774
302.073333333	775
302.357333333	776
303.160000000	777
303.445333333	778
303.673333333	779
303.925333333	780
304.166666667	781
304.416000000	782
304.653333333	783
305.186666667	784
305.463687500	785
305.686666667	786
305.932500000	787
306.140000000	788
306.400000000	789
306.653333333	790
307.186666667	791
307.456000000	792
307.726666667	793
308.200000000	794
308.496604167	795
308.713333333	796
308.949333333	797
309.186666667	798
309.430958333	799
309.686666667	800
309.941333333	801
310.140000000	802
310.400000000	803
310.660000000	804
310.965333333	805
311.475000000	806
311.713333333	807
312.024229167	808
312.490666667	809
312.653333333	810
312.800000000	811
312.952500000	812
313.120000000	813
313.273333333	814
313.440000000	815
313.586666667	816
313.746666667	817
313.898666667	818
314.033333333	819
314.206666667	820
314.389333333	821
314.606666667	822
314.820000000	823
315.328000000	824
315.526666667	825
315.765333333	826
316.224000000	827
316.473333333	828
316.746666667	829
317.053333333	830
317.344000000	831
317.877333333	832
318.368000000	833
318.633333333	834
318.890666667	835
319.120000000	836
319.392000000	837
319.872000000	838
320.347500000	839
320.620000000	840
320.874666667	841
321.120000000	842
321.397333333	843
321.633333333	844
321.845333333	845
322.126666667	846
322.368000000	847
322.613333333	848
322.897687500	849
323.387958333	850
323.646666667	851
323.914666667	852
324.428416667	853
325.153333333	854
325.386666667	855
325.686666667	856
325.984000000	857
326.206666667	858
326.467500000	859
326.700000000	860
327.173333333	861
327.424000000	862
327.680000000	863
327.946666667	864
328.226666667	865
328.437333333	866
328.720000000	867
329.200000000	868
329.461333333	869
329.753333333	870
329.977500000	871
330.240000000	872
330.435000000	873
330.700000000	874
330.933333333	875
331.746666667	876
332.000000000	877
332.233333333	878
332.501333333	879
332.733333333	880
333.024000000	881
333.280000000	882
333.546666667	883
333.813333333	884
334.080000000	885
334.326666667	886
334.540000000	887
334.833333333	888
335.114666667	889
335.426666667	890
335.753333333	891
336.546666667	892
337.173333333	893
338.686666667	894
339.369854167	895
340.926666667	896
341.551750000	897
342.090666667	898
342.702166667	899
343.170000000	900
343.765333333	901
344.330666667	902
344.906666667	903
345.440000000	904
345.962666667	905
346.206666667	906
346.464000000	907
346.706666667	908
346.957500000	909
347.180000000	910
347.445000000	911
348.106666667	912
348.697562500	913
349.313333333	914
349.453333333	915
349.653333333	916
349.800000000	917
349.926666667	918
350.160000000	919
350.333333333	920
350.493333333	921
350.720000000	922
351.346666667	923
351.480000000	924
351.648000000	925
351.800000000	926
351.953333333	927
352.170666667	928
352.326666667	929
352.500000000	930
352.714666667	931
353.220187500	932
353.406666667	933
353.553333333	934
353.738666667	935
354.250666667	936
354.386666667	937
354.573333333	938
354.770520833	939
354.993333333	940
355.210666667	941
355.493333333	942
355.786666667	943
356.456666667	944
357.082250000	945
357.933333333	946
358.060000000	947
358.189083333	948
358.326666667	949
358.460000000	950
358.606666667	951
358.753333333	952
358.933333333	953
359.206812500	954
359.866666667	955
360.013333333	956
360.217500000	957
360.366666667	958
360.600000000	959
360.736000000	960
360.853333333	961
361.080000000	962
361.322666667	963
362.040000000	964
362.186666667	965
362.346666667	966
363.050666667	967
363.733333333	968
364.277333333	969
364.789333333	970
365.397333333	971
366.538666667	972
367.722666667	973
368.913333333	974
370.058666667	975
371.286666667	976
372.382500000	977
373.833333333	978
375.605333333	979
376.288000000	980
376.821333333	981
377.461333333	982
379.413333333	983
380.010000000	984
381.961958333	985
382.634666667	986
384.749958333	987
385.537500000	988
387.221333333	989
389.830229167	990
390.013333333	991
390.160000000	992
390.287916667	993
390.426666667	994
390.606666667	995
390.762666667	996
390.900000000	997
391.006666667	998
391.162291667	999
391.293333333	1000
391.473333333	1001
391.594666667	1002
391.693333333	1003
391.846666667	1004
391.968000000	1005
392.093333333	1006
392.240000000	1007
392.384000000	1008
392.506666667	1009
392.620000000	1010
392.768000000	1011
392.880000000	1012
392.993333333	1013
393.120000000	1014
393.273333333	1015
393.406666667	1016
393.632000000	1017
394.386666667	1018
394.746666667	1019
395.366666667	1020
395.744000000	1021
396.020000000	1022
396.288000000	1023
396.573333333	1024
396.821333333	1025
397.093333333	1026
397.397333333	1027
398.093333333	1028
398.359000000	1029
398.606666667	1030
399.026666667	1031
399.255000000	1032
399.500000000	1033
399.900000000	1034
400.147500000	1035
400.433333333	1036
400.826666667	1037
401.062500000	1038
401.320000000	1039
401.568000000	1040
401.820000000	1041
402.090708333	1042
402.313333333	1043
402.645000000	1044
402.886666667	1045
403.114625000	1046
403.373333333	1047
403.664375000	1048
403.886666667	1049
404.152833333	1050
404.692500000	1051
404.940000000	1052
405.173333333	1053
405.413333333	1054
405.674666667	1055
405.933333333	1056
406.373333333	1057
406.602666667	1058
406.893333333	1059
407.157333333	1060
407.406666667	1061
407.625000000	1062
407.833333333	1063
408.326666667	1064
408.532500000	1065
408.786666667	1066
409.040000000	1067
409.886666667	1068
410.869333333	1069
411.802500000	1070
412.566666667	1071
412.885333333	1072
413.553333333	1073
413.835666667	1074
414.493333333	1075
414.886791667	1076
415.965000000	1077
417.152000000	1078
417.433333333	1079
417.696000000	1080
417.900000000	1081
418.080000000	1082
418.313333333	1083
418.496000000	1084
418.746666667	1085
418.976000000	1086
419.173333333	1087
419.456000000	1088
419.653333333	1089
419.850666667	1090
420.080000000	1091
420.282666667	1092
420.546666667	1093
420.778666667	1094
421.006666667	1095
421.257312500	1096
421.453333333	1097
421.642666667	1098
421.840000000	1099
422.069333333	1100
422.240000000	1101
422.485333333	1102
422.673333333	1103
422.912000000	1104
423.106666667	1105
423.317333333	1106
423.553333333	1107
423.754666667	1108
423.946666667	1109
424.206145833	1110
424.353333333	1111
424.493333333	1112
424.672000000	1113
424.800000000	1114
424.966666667	1115
425.126125000	1116
425.240000000	1117
425.380000000	1118
425.514666667	1119
425.640000000	1120
425.840000000	1121
425.962666667	1122
426.086666667	1123
426.220000000	1124
426.326666667	1125
426.520000000	1126
426.673333333	1127
426.784000000	1128
426.946666667	1129
427.066666667	1130
427.210666667	1131
427.340000000	1132
427.453333333	1133
427.610666667	1134
427.740000000	1135
427.900000000	1136
428.117333333	1137
428.293333333	1138
428.490666667	1139
428.706666667	1140
428.890666667	1141
429.093333333	1142
429.301333333	1143
429.526666667	1144
429.706666667	1145
429.893333333	1146
430.090666667	1147
430.240000000	1148
430.489083333	1149
430.686666667	1150
430.908520833	1151
431.973333333	1152
433.312000000	1153