3.026666667	1
3.089333333	2
3.168666667	3
3.255000000	4
3.346000000	5
3.437000000	6
3.539666667	7
3.626000000	8
3.714666667	9
3.808000000	10
3.901333333	11
3.992333333	12
4.078500000	13
4.167333333	14
4.251333333	15
4.342333333	16
4.435666667	17
4.526666667	18
4.645333333	19
4.725000000	20
4.809000000	21
4.893000000	22
4.977000000	23
5.072666667	24
5.189333333	25
5.282666667	26
5.364333333	27
5.462333333	28
5.553333333	29
5.639666667	30
5.716666667	31
5.835666667	32
5.922000000	33
5.999000000	34
6.096666667	35
6.176666667	36
6.276666667	37
6.372333333	38
6.456333333	39
6.554333333	40
6.624333333	41
6.706000000	42
6.794666667	43
6.885666667	44
6.960333333	45
7.042000000	46
7.133000000	47
7.228666667	48
7.329937500	49
7.424666667	50
7.506333333	51
7.578666667	52
7.679000000	53
7.774666667	54
7.882666667	55
7.996333333	56
8.096666667	57
8.204000000	58
8.316000000	59
8.423333333	60
8.528000000	61
8.624000000	62
8.719666667	63
8.829333333	64
8.936666667	65
9.023000000	66
9.140000000	67
9.244666667	68
9.345000000	69
9.438333333	70
9.550333333	71
9.655333333	72
9.781333333	73
9.877000000	74
9.986666667	75
10.087000000	76
10.196666667	77
10.299333333	78
10.421333333	79
10.511666667	80
10.609666667	81
10.710000000	82
10.816666667	83
10.900000000	84
11.001666667	85
11.102000000	86
11.186000000	87
11.288666667	88
11.386666667	89
11.482333333	90
11.578666667	91
11.676000000	92
11.781000000	93
11.886000000	94
11.991000000	95
12.110000000	96
12.224000000	97
12.336333333	98
12.432000000	99
12.532333333	100
12.642000000	101
12.749333333	102
12.858666667	103
12.966333333	104
13.080666667	105
13.169333333	106
13.272000000	107
13.374666667	108
13.477333333	109
13.582333333	110
13.680333333	111
13.778333333	112
13.876333333	113
13.967333333	114
14.064000000	115
14.179666667	116
14.315000000	117
14.438666667	118
14.543666667	119
14.662666667	120
14.780000000	121
14.868000000	122
14.966000000	123
15.075666667	124
15.171333333	125
15.269333333	126
15.372000000	127
15.474666667	128
15.579666667	129
15.691666667	130
15.794333333	131
15.906333333	132
16.016000000	133
16.128000000	134
16.223666667	135
16.354333333	136
16.471000000	137
16.569000000	138
16.666666667	139
16.783666667	140
16.893333333	141
17.019333333	142
17.395000000	143
17.690666667	144
17.798666667	145
17.850000000	146
17.901333333	147
17.994666667	148
18.092666667	149
18.153333333	150
18.209333333	151
18.314666667	152
18.419333333	153
18.466000000	154
18.526666667	155
18.615333333	156
18.706333333	157
18.750666667	158
18.785666667	159
18.864000000	160
18.967666667	161
19.016666667	162
19.051666667	163
19.140333333	164
19.238333333	165
19.296666667	166
19.341000000	167
19.440000000	168
19.532333333	169
19.579000000	170
19.623333333	171
19.712000000	172
19.803000000	173
19.852000000	174
19.884666667	175
19.978666667	176
20.066666667	177
20.120333333	178
20.181000000	179
20.267333333	180
20.351333333	181
20.407333333	182
20.451666667	183
20.546979167	184
20.647666667	185
20.748000000	186
20.836666667	187
20.925333333	188
20.968000000	189
21.023333333	190
21.146666667	191
21.231000000	192
21.329000000	193
21.420000000	194
21.520333333	195
21.606666667	196
21.707000000	197
21.793333333	198
21.882000000	199
21.968333333	200
22.054666667	201
22.134000000	202
22.232302083	203
22.318333333	204
22.400000000	205
22.481666667	206
22.561000000	207
22.659000000	208
22.750000000	209
22.852666667	210
22.941333333	211
23.037000000	212
23.114000000	213
23.198000000	214
23.312000000	215
23.394000000	216
23.480333333	217
23.571333333	218
23.648333333	219
23.767333333	220
23.877333333	221
23.968000000	222
24.061333333	223
24.150000000	224
24.236333333	225
24.306333333	226
24.378666667	227
24.553666667	228
24.714666667	229
24.868666667	230
25.012000000	231
25.113666667	232
25.225666667	233
25.356333333	234
25.487885417	235
25.613000000	236
25.746000000	237
25.860333333	238
25.988000000	239
26.138000000	240
26.287333333	241
26.429666667	242
26.596000000	243
26.735333333	244
26.887000000	245
27.024666667	246
27.168000000	247
27.309333333	248
27.458666667	249
27.598666667	250
27.744000000	251
27.890333333	252
28.016333333	253
28.133000000	254
28.266666667	255
28.403666667	256
28.778666667	257
28.891333333	258
28.991666667	259
29.099000000	260
29.205333333	261
29.365000000	262
29.565666667	263
29.759333333	264
29.930666667	265
30.079000000	266
30.512000000	267
30.657666667	268
30.797666667	269
30.991333333	270
31.184000000	271
31.328000000	272
31.488000000	273
31.604000000	274
31.676000000	275
31.776000000	276
31.880000000	277
32.028000000	278
32.218666667	279
32.704000000	280
32.828000000	281
32.952000000	282
33.072000000	283
33.194666667	284
33.316000000	285
33.452000000	286
33.568000000	287
33.770666667	288
34.298666667	289
34.404000000	290
34.524000000	291
34.636000000	292
34.757333333	293
34.885666667	294
35.012000000	295
35.156000000	296
35.301333333	297
35.828333333	298
35.947333333	299
36.092000000	300
36.213333333	301
36.332947917	302
36.453666667	303
36.584333333	304
36.708000000	305
36.837333333	306
39.384000000	307
39.664000000	308
39.920000000	309
40.202666667	310
40.464000000	311
40.736000000	312
40.980000000	313
41.296000000	314
41.592000000	315
41.872000000	316
42.120000000	317
42.437333333	318
43.557333333	319
44.581333333	320
46.437333333	321
47.609927083	322
47.892000000	323
48.112000000	324
48.368000000	325
48.624000000	326
49.754666667	327
50.869333333	328
51.140000000	329
51.418666667	330
51.696000000	331
51.984000000	332
53.200000000	333
54.309333333	334
54.600000000	335
54.890666667	336
55.116000000	337
55.370666667	338
55.962666667	339
56.634666667	340
57.754666667	341
58.052000000	342
58.346666667	343
58.640000000	344
58.928000000	345
59.268000000	346
59.610666667	347
60.288000000	348
61.188000000	349
61.514666667	350
62.165333333	351
63.232000000	352
63.728000000	353
63.989333333	354
64.101333333	355
64.202666667	356
64.384000000	357
64.576000000	358
64.661333333	359
64.757333333	360
64.938666667	361
65.120000000	362
65.194666667	363
65.306666667	364
65.546666667	365
65.733333333	366
65.818666667	367
65.909333333	368
66.122666667	369
66.325333333	370
66.421333333	371
66.528000000	372
66.698666667	373
66.912000000	374
67.008000000	375
67.114666667	376
67.344000000	377
67.578666667	378
67.674666667	379
67.770666667	380
67.962666667	381
68.170666667	382
68.250666667	383
68.352000000	384
68.554666667	385
68.730666667	386
68.965333333	387
69.120000000	388
69.280000000	389
69.450666667	390
69.818666667	391
70.069333333	392
70.229333333	393
70.422354167	394
71.400000000	395
71.706000000	396
72.309333333	397
73.152000000	398
73.482666667	399
74.090666667	400
75.018000000	401
75.132000000	402
75.234000000	403
75.540000000	404
75.624000000	405
75.702000000	406
76.056000000	407
76.146000000	408
76.242000000	409
76.692000000	410
76.794000000	411
76.860000000	412
77.226000000	413
77.298000000	414
77.382000000	415
77.718000000	416
77.796000000	417
77.886000000	418
78.420000000	419
78.498000000	420
78.576000000	421
78.960000000	422
79.038000000	423
79.146000000	424
79.524000000	425
79.614000000	426
79.722000000	427
80.178000000	428
80.298000000	429
80.400000000	430
80.666666667	431
80.874000000	432
80.964000000	433
81.072000000	434
81.274666667	435
81.654000000	436
82.200000000	437
82.392000000	438
82.581333333	439
82.764000000	440
82.956000000	441
83.162666667	442
83.352000000	443
83.514000000	444
83.728000000	445
83.904000000	446
84.066000000	447
84.272000000	448
84.420000000	449
84.618000000	450
84.800000000	451
84.984000000	452
85.122000000	453
85.386666667	454
85.530000000	455
85.644000000	456
85.752000000	457
85.883114583	458
86.010000000	459
86.130000000	460
86.274000000	461
86.384000000	462
86.970666667	463
87.108000000	464
87.210666667	465
87.355333333	466
87.482666667	467
87.621333333	468
87.733333333	469
87.854666667	470
87.968000000	471
88.533333333	472
88.676000000	473
88.806666667	474
88.932666667	475
89.056000000	476
89.175333333	477
89.287333333	478
89.399333333	479
89.530666667	480
89.651333333	481
89.768000000	482
89.880000000	483
90.000000000	484
90.113333333	485
90.239333333	486
90.360666667	487
90.480000000	488
90.608000000	489
90.729333333	490
90.836666667	491
90.960000000	492
91.093333333	493
91.210000000	494
91.331333333	495
91.461333333	496
91.574000000	497
91.709333333	498
91.835333333	499
91.968000000	500
92.087333333	501
92.199333333	502
92.316000000	503
92.453333333	504
92.572666667	505
92.694000000	506
92.824666667	507
92.967760417	508
93.104666667	509
93.235333333	510
93.356666667	511
93.472000000	512
93.590000000	513
93.706666667	514
93.818666667	515
93.957333333	516
94.098666667	517
94.215333333	518
94.327333333	519
94.437333333	520
94.560666667	521
94.672666667	522
94.798666667	523
94.928000000	524
95.069333333	525
95.186000000	526
95.316666667	527
95.450666667	528
95.573333333	529
95.699333333	530
95.820666667	531
95.952000000	532
96.082000000	533
96.208000000	534
96.324666667	535
96.469333333	536
96.609333333	537
96.726000000	538
96.852000000	539
96.995114583	540
97.127333333	541
97.248666667	542
97.379333333	543
97.504583333	544
97.626666667	545
97.766666667	546
97.888000000	547
98.048000000	548
98.196000000	549
98.322000000	550
98.452666667	551
98.586666667	552
98.718666667	553
98.844666667	554
98.966000000	555
99.077333333	556
99.194666667	557
99.325333333	558
99.479333333	559
99.642666667	560
99.787333333	561
99.904000000	562
99.997333333	563
100.298666667	564
101.336666667	565
101.722666667	566
102.266666667	567
102.810666667	568
103.354666667	569
103.879625000	570
104.421333333	571
105.573333333	572
106.133333333	573
107.200000000	574
107.760000000	575
108.837333333	576
109.402666667	577
110.501333333	578
111.088000000	579
112.880000000	580
113.642666667	581
115.386666667	1
115.481333333	2
115.593333333	3
115.700666667	4
115.784666667	5
115.892000000	6
116.008666667	7
116.088000000	8
116.186000000	9
116.279333333	10
116.368000000	11
116.484666667	12
116.579260417	13
116.680666667	14
116.788000000	15
116.900000000	16
117.007333333	17
117.114666667	18
117.240666667	19
117.310666667	20
117.408666667	21
117.502000000	22
117.600000000	23
117.688666667	24
117.797333333	25
117.889333333	26
117.978000000	27
118.066666667	28
118.160000000	29
118.239333333	30
118.352000000	31
118.440000000	32
118.528666667	33
118.598666667	34
118.692000000	35
118.776000000	36
118.869333333	37
118.972000000	38
119.060666667	39
119.144666667	40
119.233333333	41
119.322000000	42
119.424000000	43
119.527333333	44
119.639333333	45
119.756000000	46
119.872666667	47
119.961333333	48
120.054666667	49
120.148000000	50
120.250666667	51
120.348666667	52
120.423333333	53
120.502666667	54
120.608000000	55
120.708000000	56
120.782666667	57
120.876000000	58
120.950666667	59
121.053333333	60
121.152000000	61
121.254000000	62
121.366000000	63
121.482666667	64
121.585333333	65
121.683333333	66
121.792000000	67
121.902666667	68
121.996000000	69
122.112666667	70
122.215333333	71
122.322666667	72
122.434666667	73
122.528000000	74
122.630666667	75
122.742666667	76
122.850000000	77
122.966666667	78
123.082666667	79
123.176666667	80
123.270000000	81
123.368000000	82
123.452000000	83
123.554666667	84
123.648000000	85
123.755333333	86
123.862666667	87
123.974666667	88
124.082000000	89
124.184666667	90
124.298666667	91
124.404000000	92
124.516000000	93
124.637333333	94
124.730666667	95
124.824000000	96
124.908000000	97
124.996666667	98
125.071333333	99
125.169333333	100
125.244000000	101
125.360666667	102
125.456000000	103
125.561333333	104
125.645333333	105
125.766666667	106
125.874000000	107
125.976666667	108
126.090666667	109
126.210000000	110
126.336000000	111
126.457333333	112
126.588000000	113
126.723333333	114
126.842666667	115
126.933333333	116
127.022000000	117
127.138666667	118
127.232000000	119
127.339333333	120
127.446666667	121
127.554000000	122
127.652000000	123
127.754666667	124
127.848000000	125
127.964666667	126
128.062666667	127
128.156000000	128
128.235333333	129
128.328666667	130
128.412666667	131
128.515333333	132
128.613333333	133
128.706666667	134
128.809333333	135
128.940000000	136
129.052000000	137
129.168666667	138
129.285333333	139
129.434666667	140
129.560666667	141
129.705333333	142
129.957333333	143
130.272000000	144
130.377333333	145
130.434000000	146
130.498666667	147
130.615333333	148
130.713333333	149
130.776000000	150
130.825333333	151
130.944000000	152
131.044666667	153
131.100000000	154
131.147333333	155
131.250000000	156
131.352666667	157
131.394000000	158
131.432000000	159
131.525333333	160
131.632666667	161
131.670000000	162
131.707333333	163
131.819333333	164
131.908000000	165
131.952000000	166
131.987333333	167
132.069333333	168
132.169333333	169
132.222000000	170
132.267333333	171
132.365333333	172
132.449333333	173
132.498000000	174
132.538000000	175
132.634666667	176
132.748000000	177
132.798000000	178
132.864666667	179
132.976666667	180
133.079333333	181
133.128000000	182
133.177333333	183
133.269333333	184
133.364000000	185
133.434000000	186
133.532000000	187
133.611333333	188
133.650000000	189
133.690666667	190
133.760000000	191
133.858666667	192
133.938000000	193
134.054666667	194
134.143333333	195
134.236666667	196
134.346666667	197
134.437333333	198
134.526000000	199
134.628666667	200
134.731333333	201
134.815333333	202
134.906666667	203
134.992666667	204
135.062666667	205
135.165333333	206
135.244666667	207
135.328666667	208
135.402666667	209
135.487333333	210
135.571333333	211
135.660000000	212
135.748666667	213
135.828000000	214
135.925333333	215
136.014666667	216
136.112666667	217
136.210666667	218
136.322666667	219
136.439333333	220
136.554666667	221
136.640000000	222
136.733333333	223
136.836000000	224
136.934000000	225
137.013333333	226
137.120000000	227
137.260666667	228
137.386666667	229
137.526666667	230
137.653333333	231
137.788000000	232
137.923333333	233
138.054000000	234
138.216989583	235
138.338666667	236
138.455333333	237
138.590666667	238
138.725333333	239
138.894000000	240
139.043333333	241
139.188000000	242
139.349333333	243
139.505333333	244
139.640666667	245
139.794666667	246
139.968000000	247
140.116666667	248
140.238000000	249
140.382666667	250
140.517333333	251
140.667333333	252
140.802666667	253
140.942666667	254
141.088000000	255
141.218000000	256
141.653333333	257
141.759333333	258
141.876000000	259
141.960000000	260
142.106666667	261
142.254000000	262
142.440666667	263
142.608666667	264
142.794666667	265
142.930666667	266
143.360000000	267
143.528000000	268
143.700666667	269
143.845333333	270
144.037333333	271
144.176666667	272
144.298000000	273
144.414666667	274
144.512666667	275
144.657333333	276
144.797333333	277
144.914000000	278
145.063333333	279
145.578666667	280
145.693333333	281
145.852000000	282
145.968000000	283
146.132000000	284
146.284000000	285
146.404000000	286
146.548000000	287
146.688000000	288
147.274666667	289
147.384000000	290
147.464000000	291
147.556000000	292
147.648000000	293
147.780000000	294
147.928000000	295
148.068000000	296
148.229333333	297
148.770020833	298
148.892000000	299
149.048000000	300
149.172000000	301
149.322666667	302
149.460000000	303
149.568000000	304
149.680000000	305
149.824250000	306
152.560000000	307
152.832000000	308
153.092000000	309
153.392000000	310
153.656000000	311
153.936000000	312
154.220000000	313
154.485333333	314
154.812000000	315
155.069656250	316
155.324000000	317
155.653333333	318
156.848000000	319
157.925333333	320
159.797333333	321
161.072000000	322
161.346000000	323
161.605333333	324
161.862000000	325
162.150770833	326
163.336791667	327
164.554666667	328
164.838000000	329
165.091104167	330
165.354000000	331
165.614010417	332
166.853333333	333
167.994666667	334
168.276000000	335
168.517333333	336
168.750000000	337
169.015791667	338
169.589333333	339
170.245333333	340
171.440000000	341
171.714000000	342
172.021333333	343
172.302000000	344
172.624000000	345
172.986000000	346
173.364104167	347
174.058666667	348
174.942000000	349
175.306666667	350
175.946666667	351
176.934000000	352
177.461333333	353
177.750000000	354
177.888000000	355
177.960000000	356
178.170666667	357
178.386000000	358
178.470000000	359
178.542000000	360
178.730666667	361
178.926000000	362
179.004000000	363
179.112000000	364
179.333333333	365
179.544000000	366
179.628000000	367
179.718000000	368
179.920000000	369
180.138000000	370
180.228000000	371
180.330000000	372
180.501333333	373
180.708000000	374
180.798000000	375
180.900000000	376
181.168000000	377
181.392000000	378
181.482000000	379
181.548000000	380
181.749333333	381
181.944000000	382
182.022000000	383
182.118000000	384
182.330666667	385
182.526000000	386
182.712000000	387
182.885333333	388
183.072000000	389
183.270000000	390
183.610666667	391
183.858000000	392
184.044000000	393
184.202666667	394
185.142000000	395
185.504000000	396
186.138666667	397
186.954000000	398
187.274041667	399
187.888000000	400
188.766000000	401
188.862000000	402
188.952000000	403
189.384000000	404
189.480000000	405
189.540000000	406
189.936000000	407
190.020000000	408
190.086000000	409
190.500000000	410
190.578000000	411
190.650000000	412
191.022000000	413
191.112000000	414
191.196000000	415
191.604000000	416
191.664000000	417
191.748000000	418
192.228000000	419
192.294000000	420
192.378000000	421
192.846000000	422
192.948000000	423
193.050000000	424
193.380000000	425
193.482000000	426
193.602000000	427
193.908000000	428
194.034000000	429
194.112000000	430
194.405333333	431
194.622000000	432
194.730000000	433
194.826000000	434
195.034666667	435
195.426000000	436
195.972000000	437
196.170000000	438
196.371760417	439
196.566000000	440
196.770000000	441
196.944000000	442
197.148000000	443
197.328000000	444
197.514666667	445
197.706000000	446
197.880000000	447
198.054531250	448
198.240000000	449
198.402000000	450
198.618041667	451
198.792000000	452
198.954000000	453
199.168000000	454
199.308000000	455
199.440000000	456
199.578000000	457
199.701333333	458
199.824000000	459
199.950000000	460
200.094000000	461
200.224000000	462
200.805333333	463
200.952000000	464
201.066000000	465
201.192000000	466
201.324968750	467
201.438000000	468
201.552000000	469
201.672000000	470
201.819208333	471
202.357333333	472
202.494000000	473
202.638000000	474
202.758000000	475
202.853333333	476
202.986000000	477
203.118000000	478
203.214000000	479
203.354666667	480
203.484000000	481
203.586000000	482
203.700000000	483
203.824000000	484
203.946000000	485
204.078000000	486
204.192000000	487
204.314666667	488
204.450000000	489
204.576000000	490
204.684000000	491
204.821333333	492
204.942000000	493
205.080000000	494
205.200000000	495
205.326000000	496
205.464000000	497
205.590000000	498
205.692000000	499
205.808000000	500
205.926000000	501
206.046000000	502
206.172000000	503
206.376000000	504
206.496000000	505
206.598000000	506
206.730000000	507
206.874666667	508
207.006000000	509
207.144000000	510
207.270000000	511
207.397333333	512
207.516000000	513
207.636000000	514
207.750000000	515
207.904000000	516
208.020000000	517
208.128000000	518
208.236000000	519
208.377208333	520
208.500000000	521
208.632000000	522
208.752000000	523
208.896000000	524
209.034000000	525
209.142000000	526
209.262000000	527
209.408000000	528
209.532000000	529
209.652000000	530
209.784000000	531
209.930666667	532
210.042000000	533
210.156000000	534
210.282000000	535
210.425479167	536
210.552000000	537
210.690000000	538
210.828000000	539
210.960000000	540
211.098000000	541
211.224000000	542
211.344000000	543
211.488000000	544
211.638000000	545
211.776000000	546
211.908000000	547
212.048000000	548
212.172000000	549
212.286000000	550
212.418000000	551
212.549333333	552
212.688000000	553
212.808000000	554
212.928000000	555
213.036000000	556
213.210000000	557
213.354000000	558
213.444000000	559
213.669333333	560
213.834000000	561
213.990000000	562
214.140000000	563
214.309333333	564
215.376000000	565
215.754666667	566
216.325333333	567
216.874666667	568
217.413333333	569
217.968187500	570
218.634666667	571
219.770666667	572
220.368000000	573
221.504000000	574
222.165333333	575
223.242666667	576
223.808000000	577
224.970666667	578
225.557333333	579
227.466666667	580
228.261333333	581
230.026666667	582
230.127333333	583
230.220666667	584
230.323333333	585
230.430666667	586
230.533333333	587
230.640000000	588
230.743333333	589
230.850666667	590
230.962666667	591
231.074666667	592
231.158666667	593
231.280000000	594
231.387333333	595
231.466666667	596
231.578666667	597
231.690666667	598
231.788666667	599
231.872000000	600
231.961333333	601
232.031333333	602
232.124666667	603
232.213333333	604
232.306666667	605
232.389333333	606
232.479333333	607
232.582000000	608
232.684666667	609
232.792000000	610
232.899333333	611
232.992000000	612
233.067333333	613
233.170000000	614
233.268000000	615
233.356666667	616
233.445333333	617
233.541333333	618
233.636666667	619
233.748666667	620
233.842000000	621
233.930666667	622
234.014666667	623
234.117333333	624
234.215333333	625
234.304000000	626
234.392666667	627
234.490666667	628
234.565333333	629
234.666666667	630
234.770666667	631
234.864000000	632
234.966666667	633
235.060000000	634
235.144000000	635
235.237333333	636
235.321333333	637
235.433333333	638
235.517333333	639
235.620000000	640
235.708666667	641
235.813333333	642
235.904666667	643
235.998000000	644
236.082000000	645
236.161333333	646
236.254666667	647
236.341333333	648
236.490000000	649
236.592000000	650
236.742000000	651
236.868000000	652
236.994000000	653
237.125333333	654
237.220666667	655
237.309333333	656
237.412000000	657
237.510000000	658
237.603333333	659
237.701333333	660
237.790000000	661
237.897333333	662
238.000000000	663
238.093333333	664
238.186666667	665
238.290000000	666
238.392000000	667
238.494666667	668
238.592666667	669
238.672000000	670
238.760666667	671
238.853333333	672
238.952000000	673
239.036000000	674
239.124666667	675
239.213333333	676
239.278666667	677
239.364000000	678
239.451333333	679
239.563333333	680
239.642666667	681
239.740666667	682
239.829333333	683
239.910000000	684
239.992666667	685
240.086000000	686
240.198000000	687
240.286666667	688
240.366000000	689
240.485333333	690
240.571333333	691
240.655333333	692
240.753333333	693
240.842000000	694
240.930666667	695
241.024000000	696
241.136000000	697
241.215333333	698
241.322666667	699
241.402000000	700
241.514000000	701
241.589333333	702
241.691333333	703
241.794000000	704
241.906000000	705
242.008666667	706
242.106666667	707
242.190000000	708
242.288666667	709
242.396000000	710
242.489333333	711
242.582666667	712
242.708666667	713
242.810666667	714
242.923333333	715
243.021333333	716
243.138000000	717
243.245333333	718
243.366666667	719
243.488000000	720
243.618000000	721
243.738000000	722
243.846000000	723
243.936000000	724
244.038000000	725
244.186666667	726
244.308000000	727
244.398000000	728
244.500000000	729
244.620000000	730
244.758000000	731
244.949333333	732
245.550000000	733
245.742000000	734
245.862000000	735
245.988000000	736
246.096000000	737
246.210000000	738
246.330000000	739
246.456000000	740
246.576000000	741
246.696000000	742
246.824000000	743
246.936000000	744
247.072000000	745
247.192000000	746
247.296000000	747
247.429333333	748
247.557333333	749
247.685333333	750
247.818666667	751
247.957333333	752
248.085333333	753
248.197333333	754
248.336000000	755
248.458666667	756
248.581333333	757
248.714666667	758
248.816000000	759
248.954666667	760
249.109333333	761
249.232000000	762
249.386666667	763
249.514666667	764
249.626666667	765
249.760000000	766
249.909333333	767
250.048000000	768
250.309333333	769
250.453333333	770
250.624000000	771
251.050666667	772
251.194666667	773
251.349333333	774
252.224000000	775
252.437333333	776
252.586666667	777
252.757333333	778
253.104000000	779
253.296000000	780
253.445333333	781
253.578666667	782
253.914666667	783
254.064000000	784
254.229333333	785
254.394666667	786
254.544000000	787
254.677333333	788
254.805333333	789
254.912000000	790
255.002666667	791
255.093333333	792
255.216000000	793
255.322666667	794
255.482666667	795
255.605333333	796
255.786666667	797
255.914666667	798
256.000000000	799
256.149333333	800
256.277333333	801
256.400000000	802
256.544000000	803
256.740593750	804
256.842666667	805
256.922666667	806
257.018666667	807
257.189333333	808
257.306666667	809
257.483791667	810
257.706666667	811
257.866666667	812
258.016000000	813
258.128000000	814
258.277333333	815
258.522666667	816
258.650666667	817
258.826666667	818
259.045333333	819
259.221333333	820
259.381333333	821
259.546666667	822
259.712000000	823
259.834666667	824
259.946666667	825
260.106666667	826
260.224000000	827
260.368000000	828
260.442666667	829
260.544000000	830
260.645333333	831
260.757333333	832
260.853333333	833
260.949333333	834
261.082666667	835
261.189333333	836
261.301333333	837
261.418666667	838
261.546666667	839
261.674666667	840
261.797333333	841
261.925333333	842
262.058666667	843
262.181333333	844
262.293333333	845
262.442666667	846
262.544000000	847
262.672000000	848
262.810666667	849
262.976000000	850
263.098666667	851
263.189333333	852
263.344000000	853
263.493333333	854
263.626666667	855
263.754666667	856
263.850666667	857
263.969656250	858
264.080000000	859
264.192000000	860
264.320000000	861
264.442666667	862
264.554666667	863
264.688000000	864
264.826666667	865
264.970666667	866
265.237333333	867
265.370666667	868
265.466666667	869
265.552000000	870
265.685333333	871
265.802666667	872
265.946666667	873
266.080000000	874
266.197333333	875
266.352000000	876
266.474666667	877
266.602666667	878
266.730666667	879
266.874666667	880
266.992000000	881
267.170427083	882
267.317333333	883
267.482666667	884
267.946666667	885
268.122666667	886
268.346666667	887
268.874666667	888
269.034666667	889
269.197697917	890
270.037333333	891
270.186666667	892
270.325333333	893
270.475333333	894
270.800000000	895
270.954666667	896
271.082666667	897
271.274666667	898
271.648000000	899
271.776000000	900
271.946666667	901
272.085333333	902
272.197333333	903
272.293333333	904
272.458666667	905
272.613333333	906
272.752000000	907
272.896000000	908
273.077333333	909
273.210666667	910
273.392000000	911
273.520000000	912
273.674666667	913
273.840000000	914
273.984000000	915
274.122666667	916
274.330666667	917
274.469333333	918
274.586666667	919
274.672000000	920
274.816000000	921
274.992000000	922
275.130666667	923
275.290666667	924
275.434666667	925
275.600000000	926
275.760000000	927
275.914666667	928
276.106666667	929
276.250666667	930
276.432000000	931
276.666666667	932
276.800000000	933
276.917333333	934
277.210666667	935
277.413333333	936
277.637333333	937
277.781333333	938
277.973333333	939
278.101333333	940
278.208000000	941
278.346666667	942
278.458666667	943
278.554666667	944
278.672000000	945
278.773333333	946
278.890666667	947
278.992000000	948
279.066666667	949
279.157333333	950
279.253333333	951
279.376000000	952
279.472000000	953
279.589333333	954
279.712000000	955
279.829333333	956
279.930666667	957
280.032000000	958
280.149333333	959
280.256000000	960
280.373333333	961
280.474666667	962
280.570666667	963
280.682666667	964
280.821333333	965
280.938666667	966
281.061333333	967
281.205333333	968
281.338666667	969
281.482666667	970
281.589333333	971
281.696000000	972
281.776000000	973
281.936000000	974
282.053333333	975
282.202666667	976
282.325333333	977
282.442666667	978
282.581333333	979
282.682666667	980
282.768000000	981
282.853333333	982
282.954666667	983
283.061333333	984
283.194666667	985
283.306666667	986
283.429333333	987
283.525333333	988
283.680000000	989
283.808000000	990
283.893333333	991
283.984000000	992
284.069333333	993
284.186666667	994
284.330666667	995
284.426666667	996
284.554666667	997
284.672000000	998
284.773333333	999
284.848000000	1000
284.970666667	1001
285.082666667	1002
285.205333333	1003
285.306666667	1004
285.408000000	1005
285.498666667	1006
285.616000000	1007
285.733333333	1008
285.882666667	1009
286.005333333	1010
286.122666667	1011
286.288000000	1012
286.410666667	1013
286.533333333	1014
286.624000000	1015
286.741333333	1016
286.842666667	1017
286.954666667	1018
287.061333333	1019
287.168000000	1020
287.290666667	1021
287.402666667	1022
287.546666667	1023
287.674666667	1024
288.192000000	1025
288.965333333	1026
293.152000000	1027
293.930666667	1028
295.301333333	1029
296.026666667	1030
297.418666667	1031
298.229333333	1032
301.370666667	1033
302.224000000	1034
303.514666667	1035
304.293333333	1036
305.680000000	1037
306.490666667	1038
309.466666667	1039
310.213333333	1040
313.504000000	1041
314.266666667	1042
315.536000000	1043
316.304000000	1044
317.605333333	1045
318.352000000	1046
319.857302083	1047
320.940000000	1048
324.496000000	1049
328.714666667	1050
331.184000000	1051
333.344000000	1052
335.466666667	1053
337.424000000	1054
339.429333333	1055
341.559020833	1056
343.834666667	1057
346.085333333	1058
346.400000000	1059
346.709333333	1060
346.997333333	1061
347.301333333	1062
347.626666667	1063
348.053333333	1064
349.360000000	1065
350.096000000	1066
351.306666667	1067
352.010666667	1068
352.320000000	1069
352.618666667	1070
352.917333333	1071
353.205333333	1072
353.536000000	1073
353.808000000	1074
354.165333333	1075
354.464000000	1076
354.698666667	1077
354.970666667	1078
355.253333333	1079
355.680000000	1080
355.860000000	1081
355.966666667	1082
356.060000000	1083
356.126666667	1084
356.206666667	1085
356.288000000	1086
356.420000000	1087
356.520000000	1088
356.593333333	1089
356.680000000	1090
356.760000000	1091
356.842666667	1092
356.960000000	1093
357.033333333	1094
357.133333333	1095
357.200000000	1096
357.273333333	1097
357.392000000	1098
357.486666667	1099
357.593333333	1100
357.660000000	1101
357.720000000	1102
357.813333333	1103
357.925333333	1104
358.020000000	1105
358.110000000	1106
358.188000000	1107
358.272000000	1108
358.366666667	1109
358.464000000	1110
358.548000000	1111
358.632000000	1112
358.740000000	1113
358.818000000	1114
358.938000000	1115
359.049218750	1116
359.142000000	1117
359.220000000	1118
359.322000000	1119
359.412000000	1120
359.502000000	1121
359.621333333	1122
359.712000000	1123
359.790000000	1124
359.886000000	1125
359.970000000	1126
360.060000000	1127
360.144000000	1128
360.240000000	1129
360.346666667	1130
360.448000000	1131
360.533333333	1132
360.645333333	1133
360.752000000	1134
360.853333333	1135
360.928000000	1136
361.050666667	1137
361.130666667	1138
361.232000000	1139
361.317333333	1140
361.408000000	1141
361.472000000	1142
361.594666667	1143
361.680000000	1144
361.797333333	1145
361.957333333	1146
362.080000000	1147
362.186666667	1148
362.309333333	1149
362.432000000	1150
362.581333333	1151
362.906666667	1152
363.046666667	1153
363.146666667	1154
363.253333333	1155
363.356666667	1156
363.456666667	1157
363.584000000	1158
363.696666667	1159
363.796666667	1160
363.880000000	1161
363.966666667	1162
364.056666667	1163
364.160000000	1164
364.270000000	1165
364.363333333	1166
364.453333333	1167
364.550000000	1168
364.633333333	1169
364.741333333	1170
364.826666667	1171
364.920000000	1172
365.013333333	1173
365.103333333	1174
365.190000000	1175
365.306666667	1176
365.410000000	1177
365.500000000	1178
365.600000000	1179
365.673333333	1180
365.756666667	1181
365.850666667	1182
365.943333333	1183
366.026666667	1184
366.113333333	1185
366.210000000	1186
366.290000000	1187
366.394666667	1188
366.510000000	1189
366.616666667	1190
366.726666667	1191
366.820000000	1192
366.913333333	1193
366.993333333	1194
367.083333333	1195
367.170000000	1196
367.263333333	1197
367.350000000	1198
367.426666667	1199
367.506666667	1200
367.593333333	1201
367.680000000	1202
367.776666667	1203
367.870000000	1204
367.950000000	1205
368.064000000	1206
368.166666667	1207
368.273333333	1208
368.360000000	1209
368.463333333	1210
368.536666667	1211
368.633333333	1212
368.750000000	1213
368.846666667	1214
368.943333333	1215
369.030000000	1216
369.126666667	1217
369.264000000	1218
369.380000000	1219
369.486666667	1220
369.590000000	1221
369.696666667	1222
369.800000000	1223
369.909333333	1224
370.006666667	1225
370.130000000	1226
370.240000000	1227
370.336666667	1228
370.440000000	1229
370.566666667	1230
370.661333333	1231
370.763333333	1232
370.880000000	1233
370.976666667	1234
371.060000000	1235
371.152000000	1236
371.270000000	1237
371.376666667	1238
371.493333333	1239
371.603333333	1240
371.703333333	1241
371.860000000	1242
371.963333333	1243
372.063333333	1244
372.153333333	1245
372.253333333	1246
372.350000000	1247
372.458666667	1248
372.573333333	1249
372.676666667	1250
372.783333333	1251
372.893333333	1252
372.990000000	1253
373.093333333	1254
373.193333333	1255
373.296666667	1256
373.400000000	1257
373.500000000	1258
373.596666667	1259
373.693333333	1260
373.806666667	1261
373.920000000	1262
374.026666667	1263
374.130000000	1264
374.236666667	1265
374.336000000	1266
374.430000000	1267
374.520000000	1268
374.613333333	1269
374.710000000	1270
374.810000000	1271
374.896666667	1272
374.986666667	1273
375.100000000	1274
375.206666667	1275
375.323333333	1276
375.410000000	1277
375.553333333	1278
375.666666667	1279
375.783333333	1280
375.890000000	1281
375.983333333	1282
376.086666667	1283
376.202666667	1284
376.330000000	1285
376.453333333	1286
376.570000000	1287
376.686666667	1288
376.790000000	1289
376.912000000	1290
377.076666667	1291
377.216666667	1292
377.366666667	1293
377.490000000	1294
377.553333333	1295
377.630000000	1296
377.792000000	1297
378.394666667	1298
378.808000000	1299
378.917572917	1300
379.472000000	1301
380.037333333	1302
380.440000000	1303
380.560000000	1304
381.088000000	1305
381.786666667	1306
382.013333333	1307
382.168000000	1308
382.736000000	1309
382.970000000	1310
383.280000000	1311
383.581333333	1312
383.898666667	1313
384.202000000	1314
384.634666667	1315
384.855333333	1316
384.995333333	1317
385.121333333	1318
385.248000000	1319
385.392000000	1320
385.499333333	1321
385.667333333	1322
385.845333333	1323
386.352000000	1324
386.516666667	1325
386.652000000	1326
386.764000000	1327
386.919593750	1328
387.086000000	1329
387.226000000	1330
387.342666667	1331
387.440000000	1332
388.016000000	1333
388.168666667	1334
388.299333333	1335
388.425333333	1336
388.570666667	1337
388.719333333	1338
388.826666667	1339
388.952666667	1340
389.152000000	1341
389.701333333	1342
389.825333333	1343
389.956000000	1344
390.082000000	1345
390.189333333	1346
390.334000000	1347
390.464666667	1348
390.609333333	1349
390.736000000	1350
391.850666667	1351
393.012666667	1352
393.424000000	1353
394.090666667	1354
395.089333333	1355
395.445333333	1356
396.085333333	1357
397.175333333	1358
397.733333333	1359
397.992000000	1360
398.113333333	1361
398.202000000	1362
398.410666667	1363
398.622000000	1364
398.701333333	1365
398.771333333	1366
398.970666667	1367
399.158666667	1368
399.247333333	1369
399.336000000	1370
399.621333333	1371
399.840000000	1372
399.933333333	1373
400.031333333	1374
400.234666667	1375
400.442000000	1376
400.535333333	1377
400.614666667	1378
400.816000000	1379
400.988000000	1380
401.095333333	1381
401.193333333	1382
401.461333333	1383
401.716000000	1384
401.795333333	1385
401.884000000	1386
402.101333333	1387
402.304000000	1388
402.383333333	1389
402.444000000	1390
402.682666667	1391
402.878000000	1392
403.083333333	1393
403.274666667	1394
403.405333333	1395
403.559333333	1396
403.914666667	1397
404.147333333	1398
404.329333333	1399
404.480000000	1400
405.505333333	1401
405.872000000	1402
406.528000000	1403
407.339333333	1404
407.685333333	1405
408.330666667	1406
409.304000000	1407
409.383333333	1408
409.490666667	1409
409.920000000	1410
409.994666667	1411
410.078666667	1412
410.517333333	1413
410.606000000	1414
410.694666667	1415
411.119333333	1416
411.194000000	1417
411.306000000	1418
411.744666667	1419
411.814666667	1420
411.884666667	1421
412.342000000	1422
412.407333333	1423
412.468000000	1424
412.939333333	1425
413.028000000	1426
413.116666667	1427
413.513333333	1428
413.588000000	1429
413.681333333	1430
414.045333333	1431
414.143333333	1432
414.241333333	1433
414.670666667	1434
414.740666667	1435
414.843333333	1436
415.162666667	1437
415.375333333	1438
415.482666667	1439
415.599333333	1440
415.802666667	1441
416.173333333	1442
416.766000000	1443
416.957333333	1444
417.146666667	1445
417.340000000	1446
417.531333333	1447
417.733333333	1448
417.942000000	1449
418.110000000	1450
418.314666667	1451
418.502000000	1452
418.716666667	1453
418.890666667	1454
419.090000000	1455
419.272000000	1456
419.461333333	1457
419.645333333	1458
419.804000000	1459
420.053333333	1460
420.177333333	1461
420.326666667	1462
420.452666667	1463
420.586666667	1464
420.704666667	1465
420.830666667	1466
420.956666667	1467
421.077333333	1468
421.616000000	1469
421.768666667	1470
421.890000000	1471
422.016000000	1472
422.149333333	1473
422.282000000	1474
422.412666667	1475
422.543333333	1476
422.694916667	1477
423.253333333	1478
423.425333333	1479
423.551333333	1480
423.682000000	1481
423.798000000	1482
423.929333333	1483
424.041333333	1484
424.162666667	1485
424.288000000	1486
424.405333333	1487
424.517333333	1488
424.648000000	1489
424.768000000	1490
424.881333333	1491
425.007333333	1492
425.147333333	1493
425.269333333	1494
425.394666667	1495
425.516000000	1496
425.628000000	1497
425.781104167	1498
425.912666667	1499
426.048000000	1500
426.164666667	1501
426.277333333	1502
426.393333333	1503
426.542666667	1504
426.664000000	1505
426.772177083	1506
426.902000000	1507
427.032666667	1508
427.154000000	1509
427.277958333	1510
427.410666667	1511
427.550666667	1512
427.662666667	1513
427.786666667	1514
427.900666667	1515
428.022000000	1516
428.143333333	1517
428.295208333	1518
428.409333333	1519
428.507333333	1520
428.628666667	1521
428.784000000	1522
428.918000000	1523
429.044000000	1524
429.165333333	1525
429.306666667	1526
429.431333333	1527
429.552666667	1528
429.674000000	1529
429.813333333	1530
429.949333333	1531
430.080000000	1532
430.201333333	1533
430.360000000	1534
430.490666667	1535
430.612000000	1536
430.724000000	1537
430.864000000	1538
430.999333333	1539
431.125333333	1540
431.232666667	1541
431.408000000	1542
431.545333333	1543
431.685333333	1544
431.797333333	1545
431.941333333	1546
432.086666667	1547
432.245333333	1548
432.394666667	1549
432.560000000	1550
432.712000000	1551
432.861333333	1552
432.996666667	1553
433.136000000	1554
433.248666667	1555
433.388666667	1556
433.514666667	1557
433.669333333	1558
433.808000000	1559
433.936000000	1560
434.056000000	1561
434.176000000	1562
434.296000000	1563
434.415333333	1564
434.584000000	1565
434.752000000	1566
434.944000000	1567
435.096000000	1568
435.256000000	1569
435.445333333	1570
436.520000000	1571
436.901333333	1572
437.498666667	1573
438.074666667	1574
438.640000000	1575
439.258666667	1576
439.872000000	1577
441.189333333	1578
441.781333333	1579
443.040000000	1580
443.690666667	1581
444.839614583	1582
445.392000000	1583
446.608291667	1584
447.125333333	1585
448.346666667	1586
449.122395833	1587
451.088000000	1588
453.333333333	1589
453.440000000	1590
453.541333333	1591
453.664000000	1592
453.786666667	1593
453.872000000	1594
454.005333333	1595
454.133333333	1596
454.234666667	1597
454.346666667	1598
454.464000000	1599
454.602666667	1600
454.746666667	1601
454.848000000	1602
454.933333333	1603
455.024000000	1604
455.114666667	1605
455.178666667	1606
455.274520833	1607
455.360000000	1608
455.456000000	1609
455.557333333	1610
455.648000000	1611
455.749333333	1612
455.861333333	1613
455.968000000	1614
456.069333333	1615
456.176000000	1616
456.288000000	1617
456.400000000	1618
456.528000000	1619
456.613333333	1620
456.688000000	1621
456.784000000	1622
456.853333333	1623
456.954666667	1624
457.056302083	1625
457.146666667	1626
457.237333333	1627
457.322666667	1628
457.418666667	1629
457.520000000	1630
457.616000000	1631
457.701333333	1632
457.781333333	1633
457.882666667	1634
457.973333333	1635
458.058666667	1636
458.165333333	1637
458.250666667	1638
458.336000000	1639
458.448000000	1640
458.538666667	1641
458.634666667	1642
458.736000000	1643
458.848000000	1644
458.954666667	1645
459.056000000	1646
459.162666667	1647
459.221333333	1648
459.306666667	1649
459.392000000	1650
459.482666667	1651
459.568000000	1652
459.648000000	1653
459.738666667	1654
459.818666667	1655
459.941333333	1656
460.058666667	1657
460.208000000	1658
460.346666667	1659
460.469333333	1660
460.593750000	1661
460.698666667	1662
460.800000000	1663
460.896000000	1664
460.981333333	1665
461.088000000	1666
461.190218750	1667
461.290666667	1668
461.376000000	1669
461.477333333	1670
461.562666667	1671
461.658666667	1672
461.754666667	1673
461.872000000	1674
461.968000000	1675
462.058666667	1676
462.144000000	1677
462.229333333	1678
462.309333333	1679
462.421333333	1680
462.517333333	1681
462.613333333	1682
462.704000000	1683
462.826666667	1684
462.917333333	1685
463.018666667	1686
463.120000000	1687
463.232000000	1688
463.333333333	1689
463.413333333	1690
463.501750000	1691
463.589333333	1692
463.696000000	1693
463.797333333	1694
463.893333333	1695
463.989333333	1696
464.093104167	1697
464.197333333	1698
464.298666667	1699
464.394666667	1700
464.496000000	1701
464.592000000	1702
464.693333333	1703
464.784000000	1704
464.874666667	1705
464.965333333	1706
465.072000000	1707
465.168000000	1708
465.274666667	1709
465.392000000	1710
465.504000000	1711
465.621333333	1712
465.754666667	1713
465.856000000	1714
465.957333333	1715
466.074666667	1716
466.181333333	1717
466.266666667	1718
466.368000000	1719
466.480000000	1720
466.586666667	1721
466.693333333	1722
466.784000000	1723
466.896000000	1724
466.981333333	1725
467.093333333	1726
467.216000000	1727
467.306666667	1728
467.381333333	1729
467.477333333	1730
467.562666667	1731
467.632000000	1732
467.723531250	1733
467.824000000	1734
467.930666667	1735
468.042666667	1736
468.160000000	1737
468.272000000	1738
468.414406250	1739
468.533333333	1740
468.650666667	1741
468.789333333	1742
468.906666667	1743
469.024000000	1744
469.162666667	1745
469.306666667	1746
469.445333333	1747
469.594666667	1748
469.717333333	1749
469.850666667	1750
470.037333333	1751
470.149333333	1752
470.256000000	1753
470.378666667	1754
470.506666667	1755
470.618666667	1756
470.725333333	1757
470.853333333	1758
470.944000000	1759
471.061333333	1760
471.157333333	1761
471.242666667	1762
471.333333333	1763
471.450666667	1764
471.578666667	1765
471.680000000	1766
471.781333333	1767
471.904000000	1768
472.021333333	1769
472.133333333	1770
472.277333333	1771
472.384000000	1772
472.496000000	1773
472.608000000	1774
472.698666667	1775
472.800000000	1776
472.912000000	1777
472.997333333	1778
473.093333333	1779
473.189333333	1780
473.296000000	1781
473.456000000	1782
473.578666667	1783
473.728000000	1784
473.845333333	1785
473.978666667	1786
474.133333333	1787
474.805333333	1788
475.440000000	1789
476.154666667	1790
476.858666667	1791
477.557333333	1792
478.309333333	1793
479.040000000	1794
479.829333333	1795
480.586666667	1796
481.269333333	1797
482.069333333	1798
482.890666667	1799
483.680000000	1800
484.906666667	1801
485.920000000	1802
487.045333333	1803
487.514666667	1804
487.845333333	1805
488.144000000	1806
488.464000000	1807
488.768000000	1808
489.104000000	1809
489.434666667	1810
489.605333333	1811
489.797333333	1812
490.261333333	1813
490.624000000	1814
490.922666667	1815
491.237333333	1816
491.594666667	1817
491.856000000	1818
492.128000000	1819
492.485333333	1820
492.778666667	1821
493.162666667	1822
493.525333333	1823
493.877333333	1824
494.176000000	1825
494.407500000	1826
494.741333333	1827
495.013333333	1828
495.292500000	1829
495.589333333	1830
495.978666667	1831
496.320000000	1832
496.629333333	1833
496.965333333	1834
497.301333333	1835
497.600000000	1836
497.952000000	1837
498.224000000	1838
498.544000000	1839
498.874666667	1840
499.146666667	1841
499.424000000	1842
499.786666667	1843
500.090666667	1844
500.378666667	1845
500.682666667	1846
500.965333333	1847
501.189333333	1848
501.532500000	1849
501.754666667	1850
501.994666667	1851
502.500000000	1852
502.736000000	1853
502.949333333	1854
503.344000000	1855
503.648000000	1856
503.984000000	1857
504.352000000	1858
504.698666667	1859
504.810666667	1860
504.922666667	1861
505.305000000	1862
505.552000000	1863
505.712000000	1864
505.856000000	1865
506.192000000	1866
506.490666667	1867
506.586666667	1868
506.773333333	1869
507.090000000	1870
507.397333333	1871
507.514666667	1872
507.632000000	1873
508.007614583	1874
508.298666667	1875
508.410666667	1876
508.570666667	1877
508.944000000	1878
509.237333333	1879
509.386666667	1880
509.584000000	1881
509.994666667	1882
510.437333333	1883
510.650666667	1884
510.960000000	1885
511.557333333	1886
513.232500000	1887
514.805333333	1888
515.920000000	1889
517.829333333	1890
518.770666667	1891
520.762666667	1892
521.792000000	1893
522.812385417	1894
523.909333333	1895
525.184000000	1896
526.545000000	1897
528.576000000	1898
529.029333333	1899
529.110000000	1900
530.000000000	1901
530.437500000	1902
530.858666667	1903
530.960000000	1904
532.037333333	1905
532.320000000	1906
533.298020833	1907
534.358937500	1908