4.881632653	1.1102	1
5.991836735	1.10204	2
7.093877551	1.15918	3
8.253061224	1.09388	4
9.346938776	1.15918	5
10.506122449	1.12653	6
11.632653061	1.24898	7
12.881632653	1.27347	8
14.155102041	1.01224	9
15.167346939	1.06939	10
16.236734694	1.15918	11
17.395918367	1.25714	12
18.653061224	1.26531	13
19.918367347	1.18367	14
21.102040816	1.22449	15
22.326530612	1.40408	16
23.730612245	1.11837	17
24.848979592	1.20773	18
26.056712018	1.15456	19
27.211269841	1.13975	20
28.351020408	1.10204	21
29.453061224	1.24898	22
30.702040816	1.22449	23
31.926530612	1.1102	24
33.036734694	1.02857	25
34.065306122	1.15918	26
35.224489796	1.06122	27
36.285714286	1.11837	28
37.404081633	1.1102	29
38.514285714	1.01925	30
39.533537415	1.14401	31
40.677551020	1.5102	32
42.187755102	8	33
50.187755102	0.987755	34
51.175510204	0.750113	35
51.925623583	0.335601	36
52.261224490	0.571429	37
52.832653061	0.44898	38
53.281632653	0.538776	39
53.820408163	0.571429	40
54.391836735	0.305669	41
54.697505669	0.1161	42
54.813605442	0.10068	43
54.914285714	0.218594	44
55.132879819	0.246712	45
55.379591837	0.696599	46
56.076190476	0.267234	47
56.343424036	0.979025	48
57.322448980	1.22086	49
58.543310658	0.214195	50
58.757505669	0.221179	51
58.978684807	0.196825	52
59.175510204	0.440816	53
59.616326531	0.233107	54
59.849433107	0.240363	55
60.089795918	0.971429	56
61.061224490	1.02041	57
62.081632653	0.263946	58
62.345578231	0.217687	59
62.563265306	0.217687	60
62.780952381	0.214966	61
62.995918367	0.465306	62
63.461224490	0.204989	63
63.666213152	0.284807	64
63.951020408	0.884898	65
64.835918367	0.452426	66
65.288344671	0.532063	67
65.820408163	0.240363	68
66.060770975	0.257596	69
66.318367347	0.19229	70
66.510657596	0.215873	71
66.726530612	0.248526	72
66.975056689	0.21678	73
67.191836735	0.538776	74
67.730612245	0.27483	75
68.005442177	0.263946	76
68.269387755	0.214966	77
68.484353741	0.209524	78
68.693877551	0.211338	79
68.905215420	0.204989	80
69.110204082	0.244898	81
69.355102041	0.269388	82
69.624489796	0.296599	83
69.921088435	0.168707	84
70.089795918	0.252154	85
70.341950113	0.204989	86
70.546938776	0.201361	87
70.748299320	0.206803	88
70.955102041	0.214059	89
71.169160998	0.275737	90
71.444897959	1.15102	91
72.595918367	2.20408	92
74.800000000	0.816327	93
75.616326531	0.661224	94
76.277551020	0.24381	95
76.521360544	0.267029	96
76.788390023	0.183039	97
76.971428571	0.188481	98
77.159909297	0.16254	99
77.322448980	0.171429	100
77.493877551	0.188481	101
77.682358277	0.13932	102
77.821678005	0.178322	103
78.000000000	0.158367	104
78.158367347	0.18576	105
78.344126984	0.227302	106
78.571428571	0.190658	107
78.762086168	0.13932	108
78.901405896	0.192472	109
79.093877551	0.179048	110
79.272925170	0.13932	111
79.412244898	0.155102	112
79.567346939	0.135147	113
79.702494331	0.16254	114
79.865034014	0.170635	115
80.035668934	0.154444	116
80.190113379	0.16254	117
80.352653061	0.186122	118
80.538775510	0.208617	119
80.747392290	0.18576	120
80.933151927	0.144399	121
81.077551020	0.15746	122
81.235011338	0.19737	123
81.432380952	0.143129	124
81.575510204	0.17034	125
81.745850340	0.17415	126
81.920000000	0.161633	127
82.081632653	0.175057	128
82.256689342	0.18576	129
82.442448980	0.226939	130
82.669387755	0.19102	131
82.860408163	0.18576	132
83.046167800	0.219138	133
83.265306122	0.152381	134
83.417687075	0.15093	135
83.568616780	0.161995	136
83.730612245	0.151474	137
83.882086168	0.15093	138
84.033015873	0.195556	139
84.228571429	0.187574	140
84.416145125	0.18576	141
84.601904762	0.222585	142
84.824489796	0.230204	143
85.054693878	0.16254	144
85.217233560	0.195011	145
85.412244898	0.211338	146
85.623582766	0.17415	147
85.797732426	0.128798	148
85.926530612	0.161451	149
86.087981859	0.15093	150
86.238911565	0.161088	151
86.400000000	0.152381	152
86.552380952	0.17415	153
86.726530612	0.163265	154
86.889795918	0.150204	155
87.040000000	0.13932	156
87.179319728	0.159456	157
87.338775510	0.165624	158
87.504399093	0.17415	159
87.678548753	0.150023	160
87.828571429	0.151837	161
87.980408163	0.16254	162
88.142947846	0.167256	163
88.310204082	0.181043	164
88.491247166	0.16254	165
88.653786848	0.172812	166
88.826598639	0.187098	167
89.013696145	0.16254	168
89.176235828	0.170703	169
89.346938776	0.154376	170
89.501315193	0.15093	171
89.652244898	0.176327	172
89.828571429	0.160363	173
89.988934240	0.15093	174
90.139863946	0.19483	175
90.334693878	0.234739	176
90.569433107	0.19737	177
90.766802721	0.24381	178
91.010612245	0.391837	179
91.402448980	0.222041	180
91.624489796	0.138776	181
91.763265306	0.152925	182
91.916190476	0.16254	183
92.078730159	0.198821	184
92.277551020	0.195918	185
92.473469388	0.15093	186
92.624399093	0.216417	187
92.840816327	0.155102	188
92.995918367	0.169796	189
93.165714286	0.377143	190
93.542857143	0.1961	191
93.738956916	0.18576	192
93.924716553	0.246712	193
94.171428571	0.171247	194
94.342675737	0.13932	195
94.481995465	0.162902	196
94.644897959	0.185397	197
94.830294785	0.13932	198
94.969614512	0.124263	199
95.093877551	0.131156	200
95.225034014	0.15093	201
95.375963719	0.175057	202
95.551020408	0.208073	203
95.759092971	0.16254	204
95.921632653	0.200816	205
96.122448980	0.135873	206
96.258321995	0.16254	207
96.420861678	0.13424	208
96.555102041	0.156009	209
96.711111111	0.15093	210
96.862040816	0.158367	211
97.020408163	0.143492	212
97.163900227	0.17415	213
97.338049887	0.179229	214
97.517278912	0.2039	215
97.721179138	0.18576	216
97.906938776	0.150204	217
98.057142857	0.174875	218
98.232018141	0.16254	219
98.394557823	0.119728	220
98.514285714	0.135692	221
98.649977324	0.15093	222
98.800907029	0.137868	223
98.938775510	0.140771	224
99.079546485	0.146576	225
99.226122449	0.274286	226
99.500408163	0.136417	227
99.636825397	0.20898	228
99.845804989	0.170522	229
100.016326531	0.166168	230
100.182494331	0.12771	231
100.310204082	0.171429	232
100.481632653	0.153651	233
100.635283447	0.16254	234
100.797823129	0.132789	235
100.930612245	0.14585	236
101.076462585	0.17415	237
101.250612245	0.243265	238
101.493877551	0.163084	239
101.656961451	0.19737	240
101.854331066	0.267029	241
102.121360544	0.13932	242
102.260680272	0.1161	243
102.376780045	0.137506	244
102.514285714	0.129524	245
102.643809524	0.13932	246
102.783129252	0.13932	247
102.922448980	0.19737	248
103.119818594	0.16254	249
103.282358277	0.170703	250
103.453061224	0.177596	251
103.630657596	0.12771	252
103.758367347	0.200816	253
103.959183673	0.147483	254
104.106666667	0.12771	255
104.234376417	0.173787	256
104.408163265	0.128073	257
104.536235828	0.1161	258
104.652335601	0.180317	259
104.832653061	0.179592	260
105.012244898	0.15093	261
105.163174603	0.151111	262
105.314285714	0.150748	263
105.465034014	0.17415	264
105.639183673	0.222041	265
105.861224490	0.137868	266
105.999092971	0.13932	267
106.138412698	0.106485	268
106.244897959	0.125714	269
106.370612245	0.13932	270
106.509931973	0.183946	271
106.693877551	0.117914	272
106.811791383	0.15093	273
106.962721088	0.17678	274
107.139501134	0.159909	275
107.299410431	0.15093	276
107.450340136	0.190476	277
107.640816327	0.122993	278
107.763809524	0.10449	279
107.868299320	0.18068	280
108.048979592	0.144399	281
108.193378685	0.15093	282
108.344308390	0.153651	283
108.497959184	0.183039	284
108.680997732	0.16254	285
108.843537415	0.185034	286
109.028571429	0.174875	287
109.203446712	0.19737	288
109.400816327	0.207347	289
109.608163265	0.106122	290
109.714285714	0.13932	291
109.853605442	0.187211	292
110.040816327	0.126259	293
110.167074830	0.12771	294
110.294784580	0.16771	295
110.462494331	0.15737	296
110.619863946	0.17415	297
110.794013605	0.169252	298
110.963265306	0.167438	299
111.130702948	0.13932	300
111.270022676	0.166712	301
111.436734694	0.123537	302
111.560272109	0.16254	303
111.722811791	0.162902	304
111.885714286	0.150567	305
112.036281179	0.1161	306
112.152380952	0.14966	307
112.302040816	0.12898	308
112.431020408	0.16254	309
112.593560091	0.198277	310
112.791836735	0.150023	311
112.941859410	0.10449	312
113.046349206	0.20263	313
113.248979592	0.157279	314
113.406258503	0.12771	315
113.533968254	0.163991	316
113.697959184	0.149478	317
113.847437642	0.12771	318
113.975147392	0.171791	319
114.146938776	0.141678	320
114.288616780	0.12771	321
114.416326531	0.172245	322
114.588571429	0.118005	323
114.706575964	0.13932	324
114.845895692	0.207166	325
115.053061224	0.129524	326
115.182585034	0.17415	327
115.356734694	0.120816	328
115.477551020	0.122993	329
115.600544218	0.148027	330
115.748571429	0.161633	331
115.910204082	0.143129	332
116.053333333	0.13932	333
116.192653061	0.21551	334
116.408163265	0.225669	335
116.633832200	0.242358	336
116.876190476	0.175601	337
117.051791383	0.221678	338
117.273469388	0.845147	339
118.118616780	0.279932	340
118.398548753	0.238186	341
118.636734694	0.191383	342
118.828117914	0.21678	343
119.044897959	0.247619	344
119.292517007	0.217687	345
119.510204082	0.188662	346
119.698866213	0.186848	347
119.885714286	0.207891	348
120.093605442	0.236576	349
120.330181406	0.181383	350
120.511564626	0.247619	351
120.759183673	0.20517	352
120.964353741	0.227483	353
121.191836735	0.155646	354
121.347482993	0.277007	355
121.624489796	0.514286	356
122.138775510	0.465306	357
122.604081633	0.612245	358
123.216326531	0.940771	359
124.157097506	0.332698	360
124.489795918	0.67737	361
125.167165533	0.269569	362
125.436734694	0.21805	363
125.654784580	0.223401	364
125.878185941	0.670567	365
126.548752834	0.243084	366
126.791836735	0.209705	367
127.001541950	0.214785	368
127.216326531	0.203175	369
127.419501134	0.229478	370
127.648979592	0.211701	371
127.860680272	0.25771	372
128.118390023	0.659478	373
128.777868481	0.268481	374
129.046349206	0.729977	375
129.776326531	0.280816	376
130.057142857	0.833741	377
130.890884354	0.325442	378
131.216326531	0.616485	379
131.832811791	0.27712	380
132.109931973	0.281905	381
132.391836735	0.228934	382
132.620770975	0.301678	383
132.922448980	0.489796	384
133.412244898	0.218594	385
133.630839002	0.263039	386
133.893877551	0.22458	387
134.118458050	0.240726	388
134.359183673	0.246893	389
134.606077098	0.291882	390
134.897959184	0.311837	391
135.209795918	0.267755	392
135.477551020	0.219864	393
135.697414966	0.253605	394
135.951020408	0.245624	395
136.196643991	0.260975	396
136.457619048	0.203424	397
136.661043084	0.261406	398
136.922448980	0.284263	399
137.206712018	0.202857	400
137.409569161	0.215102	401
137.624671202	0.261043	402
137.885714286	0.249796	403
138.135510204	0.223673	404
138.359183673	0.252336	405
138.611519274	0.23746	406
138.848979592	0.238549	407
139.087528345	0.292064	408
139.379591837	0.767347	409
140.146938776	1.042	410
141.188934240	0.353923	411
141.542857143	1.08571	412
142.628571429	0.367347	413
142.995918367	0.294422	414
143.290340136	0.301497	415
143.591836735	0.186122	416
143.777959184	0.34449	417
144.122448980	0.712018	418
144.834467120	0.30839	419
145.142857143	0.272109	420
145.414965986	0.238458	421
145.653424036	0.260771	422
145.914195011	0.241429	423
146.155623583	0.24619	424
146.401814059	0.2839	425
146.685714286	0.250159	426
146.935873016	0.288617	427
147.224489796	0.245442	428
147.469931973	0.277007	429
147.746938776	0.257052	430
148.003990930	0.28898	431
148.292970522	0.221859	432
148.514829932	0.244354	433
148.759183673	0.243265	434
149.002448980	0.36898	435
149.371428571	0.292789	436
149.664217687	0.319456	437
149.983673469	0.168163	438
150.151836735	0.26449	439
150.416326531	0.803628	440
151.219954649	0.314739	441
151.534693878	0.811429	442
152.346122449	0.325533	443
152.671655329	1.00961	444
153.681269841	0.400363	445
154.081632653	0.876735	446
154.958367347	0.315102	447
155.273469388	0.612245	448
155.885714286	0.280091	449
156.165804989	0.315828	450
156.481632653	0.78712	451
157.268752834	0.396553	452
157.665306122	0.334875	453
158.000181406	0.301859	454
158.302040816	0.278639	455
158.580680272	0.284626	456
158.865306122	0.887982	457
159.753287982	0.295692	458
160.048979592	0.842086	459
160.891065760	0.333424	460
161.224489796	0.826122	461
162.050612245	0.333061	462
162.383673469	0.933878	463
163.317551020	0.421224	464
163.738775510	0.653061	465
164.391836735	1.53469	466
165.926530612	0.77551	467
166.702040816	0.971429	468
167.673469388	1.77143	469
169.444897959	0.636735	470
170.081632653	0.628367	471
170.710000000	0.512971	472
171.222970522	0.548458	473
171.771428571	0.620408	474
172.391836735	0.636735	475
173.028571429	0.546939	476
173.575510204	0.530612	477
174.106122449	0.546939	478
174.653061224	0.530612	479
175.183673469	0.254694	480
175.438367347	0.308571	481
175.746938776	0.612245	482
176.359183673	0.604082	483
176.963265306	0.522449	484
177.485714286	0.286258	485
177.771972789	0.30966	486
178.081632653	0.579592	487
178.661224490	0.546939	488
179.208163265	0.587755	489
179.795918367	0.555102	490
180.351020408	0.56449	491
180.915510204	0.537551	492
181.453061224	0.669388	493
182.122448980	0.538776	494
182.661224490	0.563265	495
183.224489796	0.563265	496
183.787755102	0.555102	497
184.342857143	0.563265	498
184.906122449	0.663379	499
185.569501134	0.63458	500
186.204081633	0.612063	501
186.816145125	0.290249	502
187.106394558	0.287528	503
187.393922902	0.68771	504
188.081632653	0.587755	505
188.669387755	0.563265	506
189.232653061	0.546939	507
189.779591837	0.530612	508
190.310204082	0.587755	509
190.897959184	0.595918	510
191.493877551	0.595918	511
192.089795918	0.555102	512
192.644897959	0.555102	513
193.200000000	0.620408	514
193.820408163	0.555102	515
194.375510204	0.571429	516
194.946938776	0.563265	517
195.510204082	0.669388	518
196.179591837	0.595918	519
196.775510204	0.587755	520
197.363265306	0.640476	521
198.003741497	0.706463	522
198.710204082	0.579592	523
199.289795918	0.749841	524
200.039637188	1.42975	525
201.469387755	1.13408	1
202.603469388	1.12714	2
203.730612245	1.24898	3
204.979591837	1.05306	4
206.032653061	1.16154	5
207.194195011	1.13234	6
208.326530612	1.26531	7
209.591836735	1.20816	8
210.800000000	1.16299	9
211.962993197	1.11456	10
213.077551020	1.14925	11
214.226802721	1.27524	12
215.502040816	1.25714	13
216.759183673	1.14286	14
217.902040816	1.19184	15
219.093877551	1.31429	16
220.408163265	1.05306	17
221.461224490	1.20816	18
222.669387755	1.20816	19
223.877551020	1.11837	20
224.995918367	1.06939	21
226.065306122	1.22449	22
227.289795918	1.24898	23
228.538775510	1.06939	24
229.608163265	1.06671	25
230.674875283	1.11288	26
231.787755102	1.06939	27
232.857142857	1.08571	28
233.942857143	1.09388	29
235.036734694	1.0449	30
236.081632653	1.15358	31
237.235215420	1.47499	32
238.710204082	8.00816	33
246.718367347	1.02041	34
247.738775510	0.737959	35
248.476734694	0.323265	36
248.800000000	0.571429	37
249.371428571	0.465306	38
249.836734694	0.530612	39
250.367346939	0.514286	40
250.881632653	0.288617	41
251.170249433	0.1161	42
251.286349206	0.117732	43
251.404081633	0.242177	44
251.646258503	0.239456	45
251.885714286	0.724172	46
252.609886621	0.288073	47
252.897959184	0.963265	48
253.861224490	1.2332	49
255.094421769	0.268844	50
255.363265306	0.195556	51
255.558820862	0.220771	52
255.779591837	0.391837	53
256.171428571	0.269751	54
256.441179138	0.277188	55
256.718367347	0.930612	56
257.648979592	1.02857	57
258.677551020	0.248163	58
258.925714286	0.241633	59
259.167346939	0.187937	60
259.355283447	0.244921	61
259.600204082	0.448776	62
260.048979592	0.223492	63
260.272471655	0.28263	64
260.555102041	0.840816	65
261.395918367	0.457143	66
261.853061224	0.514286	67
262.367346939	0.23873	68
262.606077098	0.251066	69
262.857142857	0.190113	70
263.047256236	0.205329	71
263.252585034	0.23585	72
263.488435374	0.213424	73
263.701859410	0.510386	74
264.212244898	0.274649	75
264.486893424	0.2478	76
264.734693878	0.193379	77
264.928072562	0.206621	78
265.134693878	0.222948	79
265.357641723	0.209705	80
265.567346939	0.219864	81
265.787210884	0.269932	82
266.057142857	0.229297	83
266.286439909	0.227846	84
266.514285714	0.201723	85
266.716009070	0.214603	86
266.930612245	0.214966	87
267.145578231	0.196916	88
267.342494331	0.209433	89
267.551927438	0.309297	90
267.861224490	1.12653	91
268.987755102	2.20408	92
271.191836735	0.82449	93
272.016326531	0.669388	94
272.685714286	0.276463	95
272.962176871	0.2322	96
273.194376417	0.185215	97
273.379591837	0.128254	98
273.507845805	0.16254	99
273.670385488	0.166803	100
273.837188209	0.204717	101
274.041904762	0.15093	102
274.192834467	0.141859	103
274.334693878	0.17161	104
274.506303855	0.20898	105
274.715283447	0.174512	106
274.889795918	0.197007	107
275.086802721	0.13932	108
275.226122449	0.202449	109
275.428571429	0.14585	110
275.574421769	0.16254	111
275.736961451	0.181406	112
275.918367347	0.132063	113
276.050430839	0.17415	114
276.224580499	0.14356	115
276.368140590	0.169909	116
276.538049887	0.16254	117
276.700589569	0.156553	118
276.857142857	0.156916	119
277.014058957	0.15093	120
277.164988662	0.23093	121
277.395918367	0.1522	122
277.548117914	0.15093	123
277.699047619	0.14585	124
277.844897959	0.179229	125
278.024126984	0.15093	126
278.175056689	0.135147	127
278.310204082	0.155102	128
278.465306122	0.15093	129
278.616235828	0.216417	130
278.832653061	0.178322	131
279.010975057	0.17415	132
279.185124717	0.218957	133
279.404081633	0.152562	134
279.556643991	0.15093	135
279.707573696	0.15585	136
279.863424036	0.157619	137
280.021043084	0.15093	138
280.171972789	0.203537	139
280.375510204	0.167982	140
280.543492063	0.15093	141
280.694421769	0.203537	142
280.897959184	0.237642	143
281.135600907	0.16254	144
281.298140590	0.187574	145
281.485714286	0.195556	146
281.681269841	0.13932	147
281.820589569	0.17941	148
282.000000000	0.145669	149
282.145668934	0.12771	150
282.273378685	0.151111	151
282.424489796	0.139138	152
282.563628118	0.16254	153
282.726167800	0.188118	154
282.914285714	0.148571	155
283.062857143	0.15093	156
283.213786848	0.180703	157
283.394489796	0.179206	158
283.573696145	0.18576	159
283.759455782	0.142585	160
283.902040816	0.159274	161
284.061315193	0.13932	162
284.200634921	0.207528	163
284.408163265	0.163991	164
284.572154195	0.12771	165
284.699863946	0.222585	166
284.922448980	0.172154	167
285.094603175	0.16254	168
285.257142857	0.155102	169
285.412244898	0.146757	170
285.559002268	0.13932	171
285.698321995	0.16322	172
285.861541950	0.185079	173
286.046621315	0.12771	174
286.174331066	0.176689	175
286.351020408	0.17161	176
286.522630385	0.18576	177
286.708390023	0.197732	178
286.906122449	0.362449	179
287.268571429	0.156735	180
287.425306122	0.199184	181
287.624489796	0.152018	182
287.776507937	0.10449	183
287.880997732	0.184308	184
288.065306122	0.210431	185
288.275736961	0.17415	186
288.449886621	0.195011	187
288.644897959	0.188118	188
288.833015873	0.22059	189
289.053605442	0.252517	190
289.306122449	0.200272	191
289.506394558	0.18576	192
289.692154195	0.267029	193
289.959183673	0.13932	194
290.098503401	0.13932	195
290.237823129	0.132404	196
290.370226757	0.146236	197
290.516462585	0.20898	198
290.725442177	0.131701	199
290.857142857	0.135329	200
290.992471655	0.16254	201
291.155011338	0.183764	202
291.338775510	0.199365	203
291.538140590	0.16254	204
291.700680272	0.160544	205
291.861224490	0.129705	206
291.990929705	0.1161	207
292.107029478	0.170522	208
292.277551020	0.154558	209
292.432108844	0.17415	210
292.606258503	0.120272	211
292.726530612	0.135147	212
292.861678005	0.18576	213
293.047437642	0.144399	214
293.191836735	0.19229	215
293.384126984	0.17415	216
293.558276644	0.204989	217
293.763265306	0.120091	218
293.883356009	0.15093	219
294.034285714	0.137143	220
294.171428571	0.118277	221
294.289705215	0.15093	222
294.440634921	0.130794	223
294.571428571	0.147846	224
294.719274376	0.177052	225
294.896326531	0.197551	226
295.093877551	0.159456	227
295.253333333	0.16254	228
295.415873016	0.159637	229
295.575510204	0.153832	230
295.729342404	0.12771	231
295.857052154	0.167438	232
296.024489796	0.134422	233
296.158911565	0.13932	234
296.298231293	0.183401	235
296.481632653	0.164898	236
296.646530612	0.16254	237
296.809070295	0.195011	238
297.004081633	0.188118	239
297.192199546	0.18576	240
297.377959184	0.197551	241
297.575510204	0.127528	242
297.703038549	0.1161	243
297.819138322	0.150771	244
297.969909297	0.127868	245
298.097777778	0.15093	246
298.248707483	0.159456	247
298.408163265	0.142404	248
298.550566893	0.13932	249
298.689886621	0.224399	250
298.914285714	0.15873	251
299.073015873	0.17415	252
299.247165533	0.205896	253
299.453061224	0.130794	254
299.583854875	0.10449	255
299.688344671	0.14839	256
299.836734694	0.130249	257
299.966984127	0.15093	258
300.117913832	0.159637	259
300.277551020	0.130612	260
300.408163265	0.16254	261
300.570702948	0.172154	262
300.742857143	0.141315	263
300.884172336	0.18576	264
301.069931973	0.211701	265
301.281632653	0.136599	266
301.418231293	0.1161	267
301.534331066	0.139138	268
301.673469388	0.116281	269
301.789750567	0.13932	270
301.929070295	0.168889	271
302.097959184	0.121361	272
302.219319728	0.15093	273
302.370249433	0.193016	274
302.563265306	0.155283	275
302.718548753	0.13932	276
302.857868481	0.118073	277
302.975941043	0.148957	278
303.124897959	0.12771	279
303.252607710	0.175964	280
303.428571429	0.137506	281
303.566077098	0.15093	282
303.717006803	0.168707	283
303.885714286	0.144762	284
304.030476190	0.18576	285
304.216235828	0.175601	286
304.391836735	0.172698	287
304.564535147	0.12771	288
304.692244898	0.279184	289
304.971428571	0.138776	290
305.110204082	0.15093	291
305.261133787	0.159274	292
305.420408163	0.119365	293
305.539773243	0.15093	294
305.690702948	0.162358	295
305.853061224	0.127891	296
305.980952381	0.16254	297
306.143492063	0.215692	298
306.359183673	0.155828	299
306.515011338	0.16254	300
306.677551020	0.146939	301
306.824489796	0.143311	302
306.967800454	0.1161	303
307.083900227	0.181406	304
307.265306122	0.132063	305
307.397369615	0.15093	306
307.548299320	0.12517	307
307.673469388	0.141859	308
307.815328798	0.15093	309
307.966258503	0.221497	310
308.187755102	0.173243	311
308.360997732	0.15093	312
308.511927438	0.141134	313
308.653061224	0.149116	314
308.802176871	0.18576	315
308.987936508	0.154921	316
309.142857143	0.158549	317
309.301405896	0.15093	318
309.452335601	0.139501	319
309.591836735	0.150748	320
309.742585034	0.12771	321
309.870294785	0.178685	322
310.048979592	0.146395	323
310.195374150	0.17415	324
310.369523810	0.177415	325
310.546938776	0.147664	326
310.694603175	0.13932	327
310.833922902	0.121179	328
310.955102041	0.13424	329
311.089342404	0.13932	330
311.228662132	0.183583	331
311.412244898	0.129887	332
311.542131519	0.13932	333
311.681451247	0.187937	334
311.869387755	0.218413	335
312.087800454	0.204467	336
312.292267574	0.213492	337
312.505759637	0.261587	338
312.767346939	0.82449	339
313.591836735	0.23746	340
313.829297052	0.252336	341
314.081632653	0.188844	342
314.270476190	0.235646	343
314.506122449	0.193923	344
314.700045351	0.222404	345
314.922448980	0.183946	346
315.106394558	0.273197	347
315.379591837	0.191202	348
315.570793651	0.249615	349
315.820408163	0.226395	350
316.046802721	0.238912	351
316.285714286	0.190658	352
316.476371882	0.201179	353
316.677551020	0.20517	354
316.882721088	0.268299	355
317.151020408	0.44898	356
317.600000000	0.506122	357
318.106122449	0.579592	358
318.685714286	0.902131	359
319.587845805	0.346848	360
319.934693878	0.69805	361
320.632743764	0.248889	362
320.881632653	0.21551	363
321.097142857	0.200816	364
321.297959184	0.704762	365
322.002721088	0.242177	366
322.244897959	0.187392	367
322.432290249	0.212608	368
322.644897959	0.205351	369
322.850249433	0.253628	370
323.103877551	0.222381	371
323.326258503	0.241088	372
323.567346939	0.66449	373
324.231836735	0.249796	374
324.481632653	0.702222	375
325.183854875	0.326349	376
325.510204082	0.764989	377
326.275192744	0.296236	378
326.571428571	0.579592	379
327.151020408	0.23873	380
327.389750567	0.308209	381
327.697959184	0.20263	382
327.900589569	0.298231	383
328.198820862	0.462404	384
328.661224490	0.226213	385
328.887437642	0.263583	386
329.151020408	0.189206	387
329.340226757	0.259773	388
329.600000000	0.204626	389
329.804625850	0.28517	390
330.089795918	0.272109	391
330.361904762	0.27483	392
330.636734694	0.212789	393
330.849523810	0.277007	394
331.126530612	0.245442	395
331.371972789	0.252517	396
331.624489796	0.211882	397
331.836371882	0.237098	398
332.073469388	0.215692	399
332.289160998	0.225125	400
332.514285714	0.204444	401
332.718730159	0.220045	402
332.938775510	0.209524	403
333.148299320	0.247619	404
333.395918367	0.28644	405
333.682358277	0.244172	406
333.926530612	0.220227	407
334.146757370	0.277732	408
334.424489796	0.661224	409
335.085714286	0.999909	410
336.085623583	0.387846	411
336.473469388	1.10984	412
337.583310658	0.36771	413
337.951020408	0.247619	414
338.198639456	0.253061	415
338.451700680	0.315828	416
338.767528345	0.342676	417
339.110204082	0.934422	418
340.044625850	0.273741	419
340.318367347	0.306757	420
340.625124717	0.280998	421
340.906122449	0.206621	422
341.112743764	0.283175	423
341.395918367	0.239274	424
341.635192744	0.283175	425
341.918367347	0.239274	426
342.157641723	0.291338	427
342.448979592	0.219501	428
342.668480726	0.245805	429
342.914285714	0.230204	430
343.144489796	0.251429	431
343.395918367	0.25941	432
343.655328798	0.214059	433
343.869387755	0.25034	434
344.119727891	0.337415	435
344.457142857	0.312744	436
344.769886621	0.323991	437
345.093877551	0.233288	438
345.327165533	0.280998	439
345.608163265	0.84517	440
346.453333333	0.33034	441
346.783673469	0.830658	442
347.614331066	0.361179	443
347.975510204	1.0088	444
348.984308390	0.419773	445
349.404081633	0.845714	446
350.249795918	0.378776	447
350.628571429	0.514286	448
351.142857143	0.267936	449
351.410793651	0.29576	450
351.706553288	0.818798	451
352.525351474	0.307302	452
352.832653061	0.412517	453
353.245170068	0.281361	454
353.526530612	0.310748	455
353.837278912	0.30966	456
354.146938776	0.804898	457
354.951836735	0.307778	458
355.259614512	0.84161	459
356.101224490	0.355918	460
356.457142857	0.816689	461
357.273832200	0.334331	462
357.608163265	0.931156	463
358.539319728	0.30966	464
358.848979592	0.816327	465
359.665306122	1.5102	466
361.175510204	0.868209	467
362.043718821	1.09098	468
363.134693878	1.6898	469
364.824489796	0.653061	470
365.477551020	0.595918	471
366.073469388	0.612245	472
366.685714286	0.538776	473
367.224489796	0.636735	474
367.861224490	0.612245	475
368.473469388	0.587755	476
369.061224490	0.497959	477
369.559183673	0.538776	478
370.097959184	0.538776	479
370.636734694	0.290431	480
370.927165533	0.24381	481
371.170975057	0.59229	482
371.763265306	0.604082	483
372.367346939	0.563265	484
372.930612245	0.248889	485
373.179501134	0.330703	486
373.510204082	0.579592	487
374.089795918	0.530612	488
374.620408163	0.563265	489
375.183673469	0.563265	490
375.746938776	0.570998	491
376.317936508	0.596349	492
376.914285714	0.636735	493
377.551020408	0.546939	494
378.097959184	0.555102	495
378.653061224	0.54898	496
379.202040816	0.541179	497
379.743219955	0.616372	498
380.359591837	0.64449	499
381.004081633	0.628571	500
381.632653061	0.628571	501
382.261224490	0.299138	502
382.560362812	0.313107	503
382.873469388	0.734694	504
383.608163265	0.628571	505
384.236734694	0.544286	506
384.781020408	0.557755	507
385.338775510	0.543084	508
385.881859410	0.558957	509
386.440816327	0.628571	510
387.069387755	0.555102	511
387.624489796	0.59195	512
388.216439909	0.542744	513
388.759183673	0.587755	514
389.346938776	0.571429	515
389.918367347	0.555102	516
390.473469388	0.546939	517
391.020408163	0.604082	518
391.624489796	0.546939	519
392.171428571	0.539614	520
392.711043084	0.546599	521
393.257641723	0.54644	522
393.804081633	0.669388	523
394.473469388	0.617528	524
395.090997732	0.704921	525
395.795918367	0.660136	526
396.456054422	0.531701	527
396.987755102	0.579592	528
397.567346939	0.563265	529
398.130612245	0.620408	530
398.751020408	0.555102	531
399.306122449	0.538776	532
399.844897959	0.234921	533
400.079818594	0.369161	534
400.448979592	0.595918	535
401.044897959	0.620408	536
401.665306122	0.794558	537
402.459863946	0.372789	539
402.832653061	1.09388	540
403.926530612	0.797279	541
404.723809524	0.329252	542
405.053061224	1.07159	543
406.124648526	1.09338	544
407.218027211	1.0432	545
408.261224490	1.0449	546
409.306122449	0.305488	547
409.611609977	0.1161	548
409.727709751	0.100862	549
409.828571429	0.235828	550
410.064399093	0.283673	551
410.348072562	0.473379	552
410.821451247	0.276236	553
411.097687075	0.306395	554
411.404081633	1.06261	555
412.466689342	1.14145	556
413.608140590	1.05308	557
414.661224490	0.825034	558
415.486258503	0.317823	559
415.804081633	1.20816	560
417.012244898	0.489796	561
417.502040816	0.628571	562
418.130612245	0.661224	563
418.791836735	0.522449	564
419.314285714	0.522449	565
419.836734694	0.223855	566
420.060589569	0.3639	567
420.424489796	0.653061	568
421.077551020	0.530612	569
421.608163265	0.571429	570
422.179591837	0.585941	571
422.765532880	0.679365	572
423.444897959	0.509909	573
423.954807256	0.534989	574
424.489795918	0.571429	575
425.061224490	0.702041	576
425.763265306	0.489796	577
426.253061224	0.489796	578
426.742857143	0.612245	579
427.355102041	0.628571	580
427.983673469	0.563265	581
428.546938776	0.522449	582
429.069387755	0.563265	583
429.632653061	0.571429	584
430.204081633	0.604082	585
430.808163265	0.563265	586
431.371428571	0.628571	587
432.000000000	0.579592	588
432.579591837	0.497959	589
433.077551020	0.530363	590
433.607913832	0.222109	591
433.830022676	0.311859	592
434.141882086	0.625465	593
434.767346939	0.50805	594
435.275396825	0.520522	595
435.795918367	0.26322	596
436.059138322	0.381678	597
436.440816327	0.644898	598
437.085714286	0.530612	599
437.616326531	0.555102	600
438.171428571	0.232925	601
438.404353741	0.338503	602
438.742857143	0.522449	603
439.265306122	0.514286	604
439.779591837	0.542132	605
440.321723356	0.51093	606
440.832653061	0.489796	607
441.322448980	0.522449	608
441.844897959	0.514286	609
442.359183673	0.233469	610
442.592653061	0.313469	611
442.906122449	0.489796	612
443.395918367	0.506122	613
443.902040816	0.506122	614
444.408163265	0.501905	615
444.910068027	0.518503	616
445.428571429	0.473469	617
445.902040816	0.506122	618
446.408163265	0.204444	619
446.612607710	0.293515	620
446.906122449	0.546939	621
447.453061224	0.497959	622
447.951020408	0.481633	623
448.432653061	0.188481	624
448.621133787	0.309025	625
448.930158730	0.539229	626
449.469387755	0.486893	627
449.956281179	0.468798	628
450.425079365	0.2278	629
450.652879819	0.285896	630
450.938775510	0.563265	631
451.502040816	0.481633	632
451.983673469	0.486168	633
452.469841270	0.203175	634
452.673015873	0.314739	635
452.987755102	0.514286	636
453.502040816	0.497959	637
454.000000000	0.704762	638
454.704761905	0.356463	639
455.061224490	0.926848	640
455.988072562	0.655556	641
456.643628118	0.319637	642
456.963265306	0.963265	643
457.926530612	0.679184	644
458.605714286	0.300408	645
458.906122449	0.955578	646
459.861700680	0.68288	647
460.544580499	0.294172	648
460.838752834	0.957166	649
461.795918367	0.687528	650
462.483446712	0.300975	651
462.784421769	1.00333	652
463.787755102	0.669388	653
464.457142857	0.293878	654
464.751020408	1.00642	655
465.757437642	0.673401	656
466.430839002	0.29898	657
466.729818594	0.984467	658
467.714285714	0.955102	659
468.669387755	1.02041	660
469.689795918	1.28163	661
470.971428571	0.85805	662
471.829478458	0.252154	663
472.081632653	0.235465	664
472.317097506	0.221678	665
472.538775510	0.70712	666
473.245895692	0.264308	667
473.510204082	0.223311	668
473.733514739	0.241995	669
473.975510204	0.222404	670
474.197913832	0.210249	671
474.408163265	0.23093	672
474.639092971	0.258866	673
474.897959184	0.669932	674
475.567891156	0.268844	675
475.836734694	0.694785	676
476.531519274	0.276644	677
476.808163265	0.663764	678
477.471927438	0.307664	679
477.779591837	0.702404	680
478.481995465	0.366984	681
478.848979592	0.236735	682
479.085714286	0.212245	683
479.297959184	0.240544	684
479.538503401	0.314558	685
479.853061224	0.489796	686
480.342857143	0.228934	687
480.571791383	0.236372	688
480.808163265	0.193197	689
481.001360544	0.206803	690
481.208163265	0.176327	691
481.384489796	0.321633	692
481.706122449	0.340136	693
482.046258503	0.239456	694
482.285714286	0.224943	695
482.510657596	0.2322	696
482.742857143	0.719819	697
483.462675737	0.30059	698
483.763265306	0.697868	699
484.461133787	0.289887	700
484.751020408	0.708571	701
485.459591837	0.336327	702
485.795918367	1.0917	703
486.887619048	0.402177	704
487.289795918	0.874921	705
488.164716553	0.267936	706
488.432653061	0.266122	707
488.698775510	0.321633	708
489.020408163	0.711655	709
489.732063492	0.267936	710
490.000000000	0.242902	711
490.242902494	0.255057	712
490.497959184	0.255782	713
490.753741497	0.22585	714
490.979591837	0.238549	715
491.218140590	0.324717	716
491.542857143	0.696961	717
492.239818594	0.266304	718
492.506122449	0.720544	719
493.226666667	0.36517	720
493.591836735	0.538776	721
494.130612245	0.546939	722
494.677551020	0.559048	723
495.236598639	0.575646	724
495.812244898	0.433016	725
496.245260771	0.293515	726
496.538775510	0.751383	727
497.290158730	0.285351	728
497.575510204	0.260317	729
497.835827664	0.253968	730
498.089795918	0.77932	731
498.869115646	0.281905	732
499.151020408	0.228934	733
499.379954649	0.244535	734
499.624489796	0.231474	735
499.855963719	0.315465	736
500.171428571	0.265034	737
500.436462585	0.314558	738
500.751020408	0.83483	739
501.585850340	0.324354	740
501.910204082	0.75102	741
502.661224490	0.213333	742
502.874557823	0.267029	743
503.141587302	0.213515	744
503.355102041	0.192834	745
503.547936508	0.18576	746
503.733696145	0.166916	747
503.900612245	0.146553	748
504.047165533	0.19737	749
504.244535147	0.155465	750
504.400000000	0.146395	751
504.546394558	0.20898	752
504.755374150	0.183401	753
504.938775510	0.188118	754
505.126893424	0.18576	755
505.312653061	0.16254	756
505.475192744	0.19737	757
505.672562358	0.13932	758
505.811882086	0.204444	759
506.016326531	0.167075	760
506.183401361	0.13932	761
506.322721088	0.179887	762
506.502607710	0.133583	763
506.636190476	0.16254	764
506.798730159	0.213515	765
507.012244898	0.204444	766
507.216689342	0.16254	767
507.379229025	0.204444	768
507.583673469	0.167075	769
507.750748299	0.12771	770
507.878458050	0.227664	771
508.106122449	0.201905	772
508.308027211	0.12771	773
508.435736961	0.184671	774
508.620408163	0.198458	775
508.818866213	0.19737	776
509.016235828	0.510839	777
509.527074830	0.19737	778
509.724444444	0.169433	779
509.893877551	0.167256	780
510.061133787	0.20898	781
510.270113379	0.170703	782
510.440816327	0.177596	783
510.618412698	0.15093	784
510.769342404	0.177596	785
510.946938776	0.240363	786
511.187301587	0.19737	787
511.384671202	0.174512	788
511.559183673	0.208617	789
511.767800454	0.16254	790
511.930340136	0.200272	791
512.130612245	0.171247	792
512.301859410	0.18576	793
512.487619048	0.181769	794
512.669387755	0.154921	795
512.824308390	0.17415	796
512.998458050	0.177052	797
513.175510204	0.159637	798
513.335147392	0.17415	799
513.509297052	0.196825	800
513.706122449	0.186304	801
513.892426304	0.15093	802
514.043356009	0.144399	803
514.187755102	0.2039	804
514.391655329	0.17415	805
514.565804989	0.177052	806
514.742857143	0.148027	807
514.890884354	0.15093	808
515.041814059	0.182676	809
515.224489796	0.212063	810
515.436553288	0.13932	811
515.575873016	0.179229	812
515.755102041	0.18068	813
515.935782313	0.17415	814
516.109931973	0.175782	815
516.285714286	0.160907	816
516.446621315	0.16254	817
516.609160998	0.182676	818
516.791836735	0.177234	819
516.969070295	0.17415	820
517.143219955	0.138413	821
517.281632653	0.175057	822
517.456689342	0.17415	823
517.630839002	0.165079	824
517.795918367	0.18322	825
517.979138322	0.18576	826
518.164897959	0.161633	827
518.326530612	0.151837	828
518.478367347	0.22059	829
518.698956916	0.182676	830
518.881632653	0.154014	831
519.035646259	0.18576	832
519.221405896	0.174512	833
519.395918367	0.162177	834
519.558095238	0.19737	835
519.755464853	0.151927	836
519.907392290	0.277642	837
520.185034014	0.19737	838
520.382403628	0.205351	839
520.587755102	0.154558	840
520.742312925	0.17415	841
520.916462585	0.144762	842
521.061224490	0.157098	843
521.218321995	0.17415	844
521.392471655	0.199365	845
521.591836735	0.148934	846
521.740770975	0.19737	847
521.938140590	0.200635	848
522.138775510	0.182494	849
522.321269841	0.16254	850
522.483809524	0.201905	851
522.685714286	0.181224	852
522.866938776	0.13932	853
523.006258503	0.218231	854
523.224489796	0.188118	855
523.412607710	0.17415	856
523.586757370	0.209161	857
523.795918367	0.185578	858
523.981496599	0.15093	859
524.132426304	0.202268	860
524.334693878	0.192472	861
524.527165533	0.18576	862
524.712925170	0.217687	863
524.930612245	0.200272	864
525.130884354	0.16254	865
525.293424036	0.159637	866
525.453061224	0.200272	867
525.653333333	0.16254	868
525.815873016	0.19229	869
526.008163265	0.179229	870
526.187392290	0.17415	871
526.361541950	0.177234	872
526.538775510	0.194286	873
526.733061224	0.16254	874
526.895600907	0.194671	875
527.090272109	0.165238	876
527.255510204	0.15093	877
527.406439909	0.19356	878
527.600000000	0.166349	879
527.766349206	0.13932	880
527.905668934	0.201111	881
528.106780045	0.170408	882
528.277188209	0.12771	883
528.404897959	0.460408	884
528.865306122	0.563265	885
529.428571429	0.230204	886
529.658775510	0.10449	887
529.763265306	0.171429	888
529.934693878	0.200091	889
530.134784580	0.15093	890
530.285714286	0.146939	891
530.432653061	0.143311	892
530.575963719	0.16254	893
530.738503401	0.216599	894
530.955102041	0.530612	895
531.485714286	0.274467	896
531.760181406	0.0754649	897
531.835646259	0.0870748	898
531.922721088	0.199728	899
532.122448980	0.160181	900
532.282630385	0.22059	901
532.503219955	0.190658	902
532.693877551	0.180862	903
532.874739229	0.17415	904
533.048888889	0.175601	905
533.224489796	0.482902	906
533.707392290	0.247075	907
533.954467120	0.0754649	908
534.029931973	0.0754649	909
534.105396825	0.147664	910
534.253061224	0.177415	911
534.430476190	0.18576	912
534.616235828	0.159274	913
534.775510204	0.177415	914
534.952925170	0.178503	915
535.131428571	0.182857	916
535.314285714	0.514286	917
535.828571429	0.180862	918
536.009433107	0.16254	919
536.171972789	0.187211	920
536.359183673	0.161088	921
536.520272109	0.13932	922
536.659591837	0.205714	923
536.865306122	0.200635	924
537.065941043	0.17415	925
537.240090703	0.212971	926
537.453061224	0.571429	927
538.024489796	0.214059	928
538.238548753	0.16254	929
538.401088435	0.14585	930
538.546938776	0.144399	931
538.691337868	0.17415	932
538.865487528	0.17941	933
539.044897959	0.168889	934
539.213786848	0.24381	935
539.457596372	0.281179	936
539.738775510	0.3922	937
540.130975057	0.334331	938
540.465306122	0.257778	939
540.723083900	0.338141	940
541.061224490	0.242358	941
541.303582766	0.345397	942
541.648979592	0.211882	943
541.860861678	0.684989	944
542.545850340	0.245986	945
542.791836735	0.276463	946
543.068299320	0.303129	947
543.371428571	0.23093	948
543.602358277	0.275193	949
543.877551020	0.270476	950
544.148027211	0.254671	951
544.402698413	0.290998	952
544.693696145	0.274626	953
544.968321995	0.282653	954
545.250975057	0.258957	955
545.509931973	0.251882	956
545.761814059	0.273107	957
546.034920635	0.202902	958
546.237823129	0.269592	959
546.507414966	0.276077	960
546.783492063	0.298277	961
547.081768707	0.247392	962
547.329160998	0.344308	963
547.673469388	1.97769	964
549.651156463	0.291701	965
549.942857143	0.242358	966
550.185215420	0.280091	967
550.465306122	0.253968	968
550.719274376	0.276644	969
550.995918367	0.269025	970
551.264943311	0.661769	971
551.926712018	0.255419	972
552.182131519	0.24381	973
552.425941043	0.2761	974
552.702040816	0.281179	975
552.983219955	0.273923	976
553.257142857	0.236916	977
553.494058957	0.650159	978
554.144217687	0.231293	979
554.375510204	0.221497	980
554.597006803	0.374422	981
554.971428571	0.264127	982
555.235555556	0.315465	983
555.551020408	0.265034	984
555.816054422	0.557279	985
556.373333333	0.267574	986
556.640907029	0.243265	987
556.884172336	0.255601	988
557.139773243	0.301678	989
557.441451247	0.253628	990
557.695079365	0.280431	991
557.975510204	0.673379	992
558.648888889	0.32254	993
558.971428571	0.188299	994
559.159727891	0.293333	995
559.453061224	0.205896	996
559.658956916	0.275737	997
559.934693878	0.258322	998
560.193015873	0.603719	999
560.796734694	0.272653	1000
561.069387755	0.238186	1001
561.307573696	0.22712	1002
561.534693878	0.318549	1003
561.853242630	0.262676	1004
562.115918367	0.261224	1005
562.377142857	0.567438	1006
562.944580499	0.250385	1007
563.194965986	0.260454	1008
563.455419501	0.275193	1009
563.730612245	0.270476	1010
564.001088435	0.300952	1011
564.302040816	0.349206	1012
564.651247166	0.661769	1013
565.313015873	0.319637	1014
565.632653061	0.249252	1015
565.881904762	0.256871	1016
566.138775510	0.300408	1017
566.439183673	0.254694	1018
566.693877551	0.302585	1019
566.996462585	0.743039	1020
567.739501134	0.293152	1021
568.032653061	0.264127	1022
568.296780045	0.241995	1023
568.538775510	0.268844	1024
568.807619048	0.261769	1025
569.069387755	0.269388	1026
569.338775510	0.641451	1027
569.980226757	0.240181	1028
570.220408163	0.293878	1029
570.514285714	0.228571	1030
570.742857143	0.282268	1031
571.025124717	0.240181	1032
571.265306122	0.259048	1033
571.524353741	0.557279	1034
572.081632653	0.265986	1035
572.347619048	0.221633	1036
572.569251701	0.247914	1037
572.817165533	0.251315	1038
573.068480726	0.244127	1039
573.312607710	0.313152	1040
573.625759637	0.510839	1041
574.136598639	0.256871	1042
574.393469388	0.277188	1043
574.670657596	0.245057	1044
574.915714286	0.184512	1045
575.100226757	0.303946	1046
575.404172336	0.264943	1047
575.669115646	0.603719	1048
576.272834467	0.26415	1049
576.536984127	0.235079	1050
576.772063492	0.245057	1051
577.017120181	0.219342	1052
577.236462585	0.272744	1053
577.509206349	0.238095	1054
577.747301587	0.615329	1055
578.362630385	0.216961	1056
578.579591837	0.235828	1057
578.815419501	0.245805	1058
579.061224490	0.230204	1059
579.291428571	0.259592	1060
579.551020408	0.274467	1061
579.825487528	0.568889	1062
580.394376417	0.234195	1063
580.628571429	0.218594	1064
580.847165533	0.263039	1065
581.110204082	0.23619	1066
581.346394558	0.253605	1067
581.600000000	0.234014	1068
581.834013605	0.568889	1069
582.402902494	0.274649	1070
582.677551020	0.23619	1071
582.913741497	0.510839	1072
583.424580499	0.276712	1073
583.701292517	0.280567	1074
583.981859410	0.615329	1075
584.597188209	0.341882	1076
584.939070295	0.273447	1077
585.212517007	0.297687	1078
585.510204082	0.271202	1079
585.781405896	0.251247	1080
586.032653061	0.236372	1081
586.269024943	0.284875	1082
586.553900227	0.237574	1083
586.791473923	0.269751	1084
587.061224490	0.241088	1085
587.302312925	0.273197	1086
587.575510204	5.46122	1087
593.036734694	1.0398	1088
594.076530612	0.725828	1089
594.802358277	0.340499	1090
595.142857143	0.563265	1091
595.706122449	0.506122	1092
596.212244898	0.571429	1093
596.783673469	0.563265	1094
597.346938776	0.288254	1095
597.635192744	0.1161	1096
597.751292517	0.126259	1097
597.877551020	0.210431	1098
598.087981859	0.279365	1099
598.367346939	0.730703	1100
599.098049887	0.279909	1101
599.377959184	1.01388	1102
600.391836735	1.2488	1103
601.640634921	0.22059	1104
601.861224490	0.22059	1105
602.081814059	0.220227	1106
602.302040816	0.44898	1107
602.751020408	0.213152	1108
602.964172336	0.276644	1109
603.240816327	0.955102	1110
604.195918367	0.451701	1111
604.647619048	0.576871	1112
605.224489796	0.212608	1113
605.437097506	0.220045	1114
605.657142857	0.209524	1115
605.866666667	0.223129	1116
606.089795918	0.476145	1117
606.565941043	0.217914	1118
606.783854875	0.293696	1119
607.077551020	0.925102	1120
608.002653061	0.459569	1121
608.462222222	0.533696	1122
608.995918367	0.226032	1123
609.221950113	0.214785	1124
609.436734694	0.203175	1125
609.639909297	0.262132	1126
609.902040816	0.202268	1127
610.104308390	0.254875	1128
610.359183673	0.453946	1129
610.813129252	0.301247	1130
611.114376417	0.245737	1131
611.360113379	0.207052	1132
611.567165533	0.242449	1133
611.809614512	0.23356	1134
612.043174603	0.234376	1135
612.277551020	0.218413	1136
612.495963719	0.271383	1137
612.767346939	0.251066	1138
613.018412698	0.279546	1139
613.297959184	0.196463	1140
613.494421769	0.203537	1141
613.697959184	0.226032	1142
613.923990930	0.222948	1143
614.146938776	0.218231	1144
614.365170068	0.287891	1145
614.653061224	1.10204	1146
615.755102041	2.26939	1147
618.024489796	0.914626	1148
618.939115646	0.75068	1149
619.689795918	0.248163	1150
619.937959184	0.2322	1151
620.170158730	0.229841	1152
620.400000000	0.153288	1153
620.553287982	0.18576	1154
620.739047619	0.183401	1155
620.922448980	0.130068	1156
621.052517007	0.17415	1157
621.226666667	0.169252	1158
621.395918367	0.167438	1159
621.563356009	0.17415	1160
621.737505669	0.221678	1161
621.959183673	0.231111	1162
622.190294785	0.19737	1163
622.387664399	0.142948	1164
622.530612245	0.158912	1165
622.689523810	0.1161	1166
622.805623583	0.214785	1167
623.020408163	0.145125	1168
623.165532880	0.12771	1169
623.293242630	0.173628	1170
623.466870748	0.197891	1171
623.664761905	0.18576	1172
623.850521542	0.133152	1173
623.983673469	0.122268	1174
624.105941043	0.18576	1175
624.291700680	0.189932	1176
624.481632653	0.169977	1177
624.651609977	0.15093	1178
624.802539683	0.168889	1179
624.971428571	0.15619	1180
625.127619048	0.17415	1181
625.301768707	0.175782	1182
625.477551020	0.160907	1183
625.638458050	0.17415	1184
625.812607710	0.220045	1185
626.032653061	0.197914	1186
626.230566893	0.20898	1187
626.439546485	0.229841	1188
626.669387755	0.130068	1189
626.799455782	0.19737	1190
626.996825397	0.170522	1191
627.167346939	0.212608	1192
627.379954649	0.17415	1193
627.554104308	0.136009	1194
627.690113379	0.17746	1195
627.867573696	0.20898	1196
628.076553288	0.184671	1197
628.261224490	0.163628	1198
628.424852608	0.16254	1199
628.587392290	0.196281	1200
628.783673469	0.152018	1201
628.935691610	0.17415	1202
629.109841270	0.155465	1203
629.265306122	0.158005	1204
629.423310658	0.16254	1205
629.585850340	0.185578	1206
629.771428571	0.162721	1207
629.934149660	0.20898	1208
630.143129252	0.118095	1209
630.261224490	0.148934	1210
630.410158730	0.18576	1211
630.595918367	0.179592	1212
630.775510204	0.145488	1213
630.920997732	0.17415	1214
631.095147392	0.178322	1215
631.273469388	0.169977	1216
631.443446712	0.15093	1217
631.594376417	0.192857	1218
631.787233560	0.143832	1219
631.931065760	0.17415	1220
632.105215420	0.175737	1221
632.280952381	0.195782	1222
632.476734694	0.18576	1223
632.662494331	0.153832	1224
632.816326531	0.159637	1225
632.975963719	0.15093	1226
633.126893424	0.146576	1227
633.273469388	0.190113	1228
633.463582766	0.15093	1229
633.614512472	0.173243	1230
633.787755102	0.175057	1231
633.962811791	0.19737	1232
634.160181406	0.223492	1233
634.383673469	0.357007	1234
634.740680272	0.22059	1235
634.961269841	0.181587	1236
635.142857143	0.155102	1237
635.297959184	0.15093	1238
635.448888889	0.183764	1239
635.632653061	0.210975	1240
635.843628118	0.16254	1241
636.006167800	0.173424	1242
636.179591837	0.151655	1243
636.331247166	0.22059	1244
636.551836735	0.297143	1245
636.848979592	0.290612	1246
637.139591837	0.182857	1247
637.322448980	0.179592	1248
637.502040816	0.129524	1249
637.631564626	0.16254	1250
637.794104308	0.173243	1251
637.967346939	0.117007	1252
638.084353741	0.13932	1253
638.223673469	0.200816	1254
638.424489796	0.135873	1255
638.560362812	0.17415	1256
638.734512472	0.163447	1257
638.897959184	0.173243	1258
639.071201814	0.17415	1259
639.245351474	0.165782	1260
639.411133787	0.170907	1261
639.582040816	0.15093	1262
639.732970522	0.161179	1263
639.894149660	0.14068	1264
640.034829932	0.1161	1265
640.150929705	0.223197	1266
640.374126984	0.148322	1267
640.522448980	0.13932	1268
640.661768707	0.219705	1269
640.881473923	0.140204	1270
641.021678005	0.19737	1271
641.219047619	0.193197	1272
641.412244898	0.115918	1273
641.528163265	0.143673	1274
641.671836735	0.161701	1275
641.833537415	0.105329	1276
641.938866213	0.17415	1277
642.113015873	0.152313	1278
642.265328798	0.126327	1279
642.391655329	0.20898	1280
642.600634921	0.191202	1281
642.791836735	0.145488	1282
642.937324263	0.17415	1283
643.111473923	0.186485	1284
643.297959184	0.138594	1285
643.436553288	0.16254	1286
643.599092971	0.156032	1287
643.755124717	0.134218	1288
643.889342404	0.18576	1289
644.075102041	0.153469	1290
644.228571429	0.17161	1291
644.400181406	0.15093	1292
644.551111111	0.289705	1293
644.840816327	0.151474	1294
644.992290249	0.15093	1295
645.143219955	0.277188	1296
645.420408163	0.140771	1297
645.561179138	0.16254	1298
645.723718821	0.129342	1299
645.853061224	0.160907	1300
646.013968254	0.13932	1301
646.153287982	0.14059	1302
646.293877551	0.13805	1303
646.431927438	0.18576	1304
646.617687075	0.157823	1305
646.775510204	0.167256	1306
646.942766440	0.1161	1307
647.058866213	0.20644	1308
647.265306122	0.153469	1309
647.418775510	0.17415	1310
647.592925170	0.17034	1311
647.763265306	0.166349	1312
647.929614512	0.13932	1313
648.068934240	0.159637	1314
648.228571429	0.153832	1315
648.382403628	0.12771	1316
648.510113379	0.142948	1317
648.653061224	0.182132	1318
648.835192744	0.19737	1319
649.032562358	0.216417	1320
649.248979592	0.166712	1321
649.415691610	0.10449	1322
649.520181406	0.153288	1323
649.673469388	0.136961	1324
649.810430839	0.15093	1325
649.961360544	0.152925	1326
650.114285714	0.160544	1327
650.274829932	0.16254	1328
650.437369615	0.174875	1329
650.612244898	0.185034	1330
650.797278912	0.13932	1331
650.936598639	0.140952	1332
651.077551020	0.137687	1333
651.215238095	0.15093	1334
651.366167800	0.176689	1335
651.542857143	0.14839	1336
651.691247166	0.13932	1337
651.830566893	0.16127	1338
651.991836735	0.16381	1339
652.155646259	0.16254	1340
652.318185941	0.245079	1341
652.563265306	0.18449	1342
652.747755102	0.19737	1343
652.945124717	0.181406	1344
653.126530612	0.132063	1345
653.258594104	0.19737	1346
653.455963719	0.120408	1347
653.576371882	0.135011	1348
653.711383220	0.15093	1349
653.862312925	0.154014	1350
654.016326531	0.147846	1351
654.164172336	0.12771	1352
654.291882086	0.186213	1353
654.478095238	0.162086	1354
654.640181406	0.16254	1355
654.802721088	0.176871	1356
654.979591837	0.148209	1357
655.127800454	0.16254	1358
655.290340136	0.195374	1359
655.485714286	0.0832653	1360
655.568979592	0.12771	1361
655.696689342	0.180862	1362
655.877551020	0.132608	1363
656.010158730	0.17415	1364
656.184308390	0.174875	1365
656.359183673	0.126984	1366
656.486167800	0.17415	1367
656.660317460	0.180499	1368
656.840816327	0.15619	1369
656.997006803	0.12771	1370
657.124716553	0.145261	1371
657.269977324	0.144989	1372
657.414965986	0.15093	1373
657.565895692	0.164717	1374
657.730612245	0.148753	1375
657.879365079	0.12771	1376
658.007074830	0.18068	1377
658.187755102	0.156009	1378
658.343764172	0.0928798	1379
658.436643991	0.191927	1380
658.628571429	0.144762	1381
658.773333333	0.1161	1382
658.889433107	0.17068	1383
659.060113379	0.154399	1384
659.214512472	0.16254	1385
659.377052154	0.141315	1386
659.518367347	0.148934	1387
659.667301587	0.13932	1388
659.806621315	0.207347	1389
660.013968254	0.210612	1390
660.224580499	0.240726	1391
660.465306122	0.212063	1392
660.677369615	0.245079	1393
660.922448980	0.881633	1394
661.804081633	0.243265	1395
662.047346939	0.238367	1396
662.285714286	0.179592	1397
662.465306122	0.237302	1398
662.702607710	0.203878	1399
662.906485261	0.244535	1400
663.151020408	0.208254	1401
663.359274376	0.247846	1402
663.607120181	0.216553	1403
663.823673469	0.257959	1404
664.081632653	0.18322	1405
664.264852608	0.233107	1406
664.497959184	0.219683	1407
664.717641723	0.180317	1408
664.897959184	0.179592	1409
665.077551020	0.302041	1410
665.379591837	0.481633	1411
665.861224490	0.468776	1412
666.330000000	0.567959	1413
666.897959184	0.977596	1414
667.875555556	0.336689	1415
668.212244898	0.696599	1416
668.908843537	0.27483	1417
669.183673469	0.236009	1418
669.419682540	0.188481	1419
669.608163265	0.635828	1420
670.243990930	0.262132	1421
670.506122449	0.202268	1422
670.708390023	0.230385	1423
670.938775510	0.199184	1424
671.137959184	0.233469	1425
671.371428571	0.18449	1426
671.555918367	0.261315	1427
671.817233560	0.655873	1428
672.473106576	0.277914	1429
672.751020408	0.697324	1430
673.448344671	0.265941	1431
673.714285714	0.778957	1432
674.493242630	0.331247	1433
674.824489796	0.636735	1434
675.461224490	0.216236	1435
675.677460317	0.289887	1436
675.967346939	0.139683	1437
676.107029478	0.301134	1438
676.408163265	0.538776	1439
676.946938776	0.216599	1440
677.163537415	0.289524	1441
677.453061224	0.221315	1442
677.674376417	0.235828	1443
677.910204082	0.240181	1444
678.150385488	0.290431	1445
678.440816327	0.324898	1446
678.765714286	0.238367	1447
679.004081633	0.191202	1448
679.195283447	0.298594	1449
679.493877551	0.247075	1450
679.740952381	0.250884	1451
679.991836735	0.213515	1452
680.205351474	0.259955	1453
680.465306122	0.216054	1454
680.681360544	0.257415	1455
680.938775510	0.195374	1456
681.134149660	0.245442	1457
681.379591837	0.207347	1458
681.586938776	0.257959	1459
681.844897959	0.24127	1460
682.086167800	0.281179	1461
682.367346939	0.24127	1462
682.608616780	0.354649	1463
682.963265306	1.86286	1464
684.826122449	0.409864	1465
685.235986395	1.77136	1466
687.007346939	0.298776	1467
687.306122449	0.271565	1468
687.577687075	0.262812	1469
687.840498866	1.39741	1470
689.237913832	0.280454	1471
689.518367347	0.276825	1472
689.795192744	0.303016	1473
690.098208617	0.776712	1474
690.874920635	0.264649	1475
691.139569161	0.28102	1476
691.420589569	0.19424	1477
691.614829932	0.258549	1478
691.873378685	0.330703	1479
692.204081633	0.238186	1480
692.442267574	0.259773	1481
692.702040816	0.239456	1482
692.941496599	0.327279	1483
693.268775510	0.31127	1484
693.580045351	0.328209	1485
693.908253968	0.540726	1486
694.448979592	0.268844	1487
694.717823129	0.250862	1488
694.968684807	0.549683	1489
695.518367347	0.302404	1490
695.820770975	0.302358	1491
696.123129252	0.54322	1492
696.666349206	0.315419	1493
696.981768707	0.308027	1494
697.289795918	0.675397	1495
697.965192744	0.293673	1496
698.258866213	0.337052	1497
698.595918367	0.266667	1498
698.862585034	0.304762	1499
699.167346939	0.620408	1500
699.787755102	0.282268	1501
700.070022676	0.305488	1502
700.375510204	0.216961	1503
700.592471655	0.280998	1504
700.873469388	0.322721	1505
701.196190476	0.314014	1506
701.510204082	0.630272	1507
702.140476190	0.309592	1508
702.450068027	0.235646	1509
702.685714286	0.310023	1510
702.995736961	0.302222	1511
703.297959184	0.538776	1512
703.836734694	0.25034	1513
704.087074830	0.296599	1514
704.383673469	0.514286	1515
704.897959184	0.315283	1516
705.213242630	0.296961	1517
705.510204082	0.555102	1518
706.065306122	0.227664	1519
706.292970522	0.376417	1520
706.669387755	0.718367	1521
707.387755102	2.7102	1522
710.097959184	2.45714	1523
712.555102041	0.604082	1524
713.159183673	0.636735	1525
713.795918367	0.574694	1526
714.370612245	0.568163	1527
714.938775510	0.615397	1528
715.554172336	0.633583	1529
716.187755102	0.555102	1530
716.742857143	0.530612	1531
717.273469388	0.571429	1532
717.844897959	0.506122	1533
718.351020408	0.271746	1534
718.622766440	0.316009	1535
718.938775510	0.538776	1536
719.477551020	0.571429	1537
720.048979592	0.571429	1538
720.620408163	0.254694	1539
720.875102041	0.251429	1540
721.126530612	0.546122	1541
721.672653061	0.580408	1542
722.253061224	0.571429	1543
722.824489796	0.595918	1544
723.420408163	0.571429	1545
723.991836735	0.628571	1546
724.620408163	0.612245	1547
725.232653061	0.579592	1548
725.812244898	0.546939	1549
726.359183673	0.595918	1550
726.955102041	0.587755	1551
727.542857143	0.571429	1552
728.114285714	0.653061	1553
728.767346939	0.628571	1554
729.395918367	0.62966	1555
730.025578231	0.311655	1556
730.337233560	0.348481	1557
730.685714286	0.653061	1558
731.338775510	0.546939	1559
731.885714286	0.604082	1560
732.489795918	0.587755	1561
733.077551020	0.555102	1562
733.632653061	0.636735	1563
734.269387755	0.587755	1564
734.857142857	0.538776	1565
735.395918367	0.579592	1566
735.975510204	0.620408	1567
736.595918367	0.604082	1568
737.200000000	0.571429	1569
737.771428571	0.604082	1570
738.375510204	0.538776	1571
738.914285714	0.628571	1572
739.542857143	0.595918	1573
740.138775510	0.612245	1574
740.751020408	0.571429	1575
741.322448980	0.637687	1576
741.960136054	0.513333	1577
742.473469388	0.555805	1578
743.029274376	0.565533	1579
743.594807256	0.568458	1580
744.163265306	0.604082	1581
744.767346939	0.63678	1582
745.404126984	0.726485	1583
746.130612245	1.2	1584
747.330612245	0.851156	1585
748.181768707	0.333401	1586
748.515170068	1.23177	1587
749.746938776	0.511633	1588
750.258571429	0.74551	1589
751.004081633	1.2898	1590
752.293877551	0.604082	1591
752.897959184	0.742857	1592
753.640816327	0.595918	1593
754.236734694	0.726531	1594
754.963265306	0.595918	1595
755.559183673	0.595918	1596
756.155102041	0.604082	1597
756.759183673	0.666077	1598
757.425260771	0.599229	1599
758.024489796	0.587755	1600
758.612244898	0.596916	1601
759.209160998	0.578594	1602
759.787755102	0.601905	1603
760.389659864	0.589932	1604
760.979591837	0.661224	1605
761.640816327	0.710204	1606
762.351020408	0.563265	1607
762.914285714	0.661224	1608
763.575510204	0.579592	1609
764.155102041	0.677551	1610
764.832653061	0.514286	1611
765.346938776	0.571429	1612
765.918367347	0.595918	1613
766.514285714	0.595918	1614
767.110204082	0.644898	1615
767.755102041	0.718367	1616
768.473469388	0.693878	1617
769.167346939	0.530612	1618
769.697959184	0.595918	1619
770.293877551	0.237098	1620
770.530975057	0.366984	1621
770.897959184	0.734694	1622
771.632653061	0.579592	1623
772.212244898	0.546939	1624
772.759183673	0.256327	1625
773.015510204	0.355918	1626
773.371428571	0.783673	1627
774.155102041	0.546939	1628
774.702040816	0.604082	1629
775.306122449	0.298413	1630
775.604535147	0.419955	1631
776.024489796	0.759184	1632
776.783673469	0.595918	1633
777.379591837	0.571429	1634
777.951020408	0.569342	1635
778.520362812	0.589841	1636
779.110204082	0.612245	1637
779.722448980	0.563265	1638
780.285714286	0.571429	1639
780.857142857	0.677551	1640
781.534693878	0.555102	1641
782.089795918	0.644898	1642
782.734693878	0.563265	1643
783.297959184	0.636735	1644
783.934693878	0.579592	1645
784.514285714	0.579592	1646
785.093877551	0.612245	1647
785.706122449	0.571429	1648
786.277551020	0.595918	1649
786.873469388	0.522449	1650
787.395918367	0.555102	1651
787.951020408	0.553084	1652
788.504104308	0.548957	1653
789.053061224	0.669388	1654
789.722448980	0.546939	1655
790.269387755	0.604082	1656
790.873469388	0.546939	1657
791.420408163	0.628571	1658
792.048979592	0.579592	1659
792.628571429	0.571429	1660
793.200000000	0.546939	1661
793.746938776	0.653061	1662
794.400000000	0.555102	1663
794.955102041	0.563265	1664
795.518367347	0.563265	1665
796.081632653	0.612245	1666
796.693877551	0.587755	1667
797.281632653	0.571429	1668
797.853061224	0.546939	1669
798.400000000	0.563265	1670
798.963265306	0.538776	1671
799.502040816	0.592131	1672
800.094172336	0.583379	1673
800.677551020	0.636735	1674
801.314285714	0.791837	1675
802.106122449	0.840816	1676
802.946938776	0.732132	1677
803.679070295	0.730544	1678
804.409614512	0.618957	1679
805.028571429	0.571429	1680
805.600000000	0.588526	1681
806.188526077	0.603311	1682
806.791836735	0.620408	1683
807.412244898	0.661224	1684
808.073469388	0.620408	1685
808.693877551	0.648571	1686
809.342448980	0.763673	1687
810.106122449	0.636735	1688
810.742857143	0.617143	1689
811.360000000	0.607347	1690
811.967346939	0.571429	1691
812.538775510	0.704263	1692
813.243038549	0.667166	1693
813.910204082	0.714785	1694
814.624988662	1.12195	1695
815.746938776	0	1696