1.123265306	1.40481	1
2.528072562	1.3424	2
3.870476190	1.34141	3
5.211882086	1.2781	4
6.489977324	1.32934	5
7.819319728	1.31483	6
9.134149660	1.2858	7
10.419954649	1.26259	8
11.682539683	1.40771	9
13.090249433	1.399	10
14.489251701	1.35837	11
15.847619048	1.38739	12
17.235011338	1.44834	13
18.683356009	1.56735	14
20.250702948	1.50059	15
21.751292517	1.33224	16
23.083537415	1.36998	17
24.453514739	1.29742	18
25.750929705	1.37868	19
27.129614512	1.25678	20
28.386394558	1.30322	21
29.689614512	1.30322	22
30.992834467	1.32934	23
32.322176871	1.35256	24
33.674739229	1.30612	25
34.980861678	1.38449	26
36.365351474	1.399	27
37.764353741	1.33224	28
39.096598639	1.36417	29
40.460770975	1.31079	30
41.771564626	1.3537	31
43.125260771	1.27129	32
44.396553288	1.36417	33
45.760725624	1.23066	34
46.991383220	1.35837	35
48.349750567	1.24227	36
49.592018141	1.36998	37
50.961995465	1.31773	38
52.279727891	1.4019	39
53.681632653	1.30612	40
54.987755102	1.30322	41
56.290975057	1.2829	42
57.573877551	1.29451	43
58.868390023	1.26259	44
60.130975057	1.25388	45
61.384852608	1.24227	46
62.627120181	1.26839	47
63.895510204	1.25388	48
65.149387755	1.2771	49
66.426485261	1.23937	50
67.665850340	1.22776	51
68.893605442	1.23937	52
70.132970522	1.19873	53
71.331700680	1.19873	54
72.530430839	1.25968	55
73.790113379	1.25968	56
75.049795918	1.30322	57
76.353015873	1.36392	58
77.716938776	1.44279	59
79.159727891	1.33224	60
80.491972789	1.33224	61
81.824217687	1.27419	62
83.098412698	1.32354	63
84.421950113	1.2829	64
85.704852608	1.25388	65
86.958730159	1.27419	66
88.232925170	1.35546	67
89.588390023	1.38739	68
90.975782313	1.34676	69
92.322539683	1.3932	70
93.715736961	1.33515	71
95.050884354	1.33515	72
96.386031746	1.50349	73
97.889523810	1.67764	74
99.567165533	1.7502	75
101.317369615	1.65283	76
102.970204082	1.5254	77
104.495600907	1.72118	78
106.216780045	1.46878	79
107.685555556	1.40179	80
109.087346939	1.38449	81
110.471836735	1.42222	82
111.894058957	1.34966	83
113.243718821	1.42803	84
114.671746032	1.43383	85
116.105578231	1.42512	86
117.530702948	1.42512	87
118.955827664	1.59057	88
120.546394558	1.67474	89
122.221133787	1.41642	79
123.637551020	1.37177	80
125.009319728	1.40882	81
126.418140590	1.4019	82
127.820045351	1.34385	83
129.163900227	1.46544	84
130.629342404	1.43415	85
132.063492063	1.43093	86
133.494421769	1.43673	87
134.931156463	1.58186	88
136.513015873	1.66313	89
138.176145125	1.44834	90
139.624489796	1.36127	91
140.985759637	1.3932	92
142.378956916	1.40481	93
143.783764172	1.35837	94
145.142131519	1.41642	95
146.558548753	1.41061	96
147.969160998	1.40481	97
149.373968254	1.42222	98
150.796190476	1.57896	99
152.375147392	1.57315	100
153.948299320	1.44544	101
155.393741497	1.44834	102
156.842086168	1.5122	103
158.354285714	1.45705	104
159.811337868	1.36127	105
161.172607710	1.40771	106
162.580317460	1.53832	107
164.118639456	1.9766	108
166.095238095	1.45125	90
167.546485261	1.36998	91
168.916462585	1.37902	92
170.295487528	1.42769	93
171.723174603	1.34966	94
173.072834467	1.3932	95
174.466031746	1.39023	96
175.856258503	1.431	97
177.287256236	1.36417	98
178.651428571	1.57025	99
180.221678005	1.66023	100
181.881904762	1.43093	101
183.312834467	1.36127	102
184.674104308	1.58186	103
186.255963719	1.45415	104
187.710113379	1.43093	105
189.141043084	1.43383	106
190.574875283	1.56154	107
192.136417234	1.64862	108
193.785034014	1.61088	109
195.395918367	1.67184	110
197.067755102	1.65567	111
198.723424036	1.43918	112
200.162607710	1.51141	113
201.674013605	1.58476	114
203.258775510	1.77633	115
205.035102041	1.39029	1
206.425396825	1.31483	2
207.740226757	1.35837	3
209.098594104	1.30902	4
210.407619048	1.35209	5
211.759705215	1.3066	6
213.066303855	1.28	7
214.346303855	1.29186	8
215.638163265	1.36683	9
217.004988662	1.39628	10
218.401269841	1.36109	11
219.762358277	1.41351	12
221.175873016	1.45995	13
222.635827664	1.71537	14
224.351201814	1.52091	15
225.872108844	1.3932	16
227.265306122	1.37868	17
228.643990930	1.34966	18
229.993650794	1.36127	19
231.354920635	1.28871	20
232.643628118	1.35837	21
234.001995465	1.2771	22
235.279092971	1.35256	23
236.631655329	1.35837	24
237.990022676	1.35837	25
239.348390023	1.399	26
240.747392290	1.40481	27
242.152199546	1.30902	28
243.461224490	1.38449	29
244.845714286	1.33805	30
246.183764172	1.32934	31
247.513106576	1.27714	32
248.790249433	1.34961	33
250.139863946	1.23066	34
251.370521542	1.42803	35
252.798548753	1.23356	36
254.032108844	1.43315	37
255.465260771	1.3039	38
256.769160998	1.39029	39
258.159455782	1.32934	40
259.488798186	1.32644	41
260.815238095	1.30902	42
262.124263039	1.32934	43
263.453605442	1.28871	44
264.742312925	1.28	45
266.022312925	1.27129	46
267.293605442	1.29161	47
268.585215420	1.24227	48
269.827482993	1.25388	49
271.081360544	1.27129	50
272.352653061	1.21905	51
273.571700680	1.24517	52
274.816870748	1.20163	53
276.018503401	1.17261	54
277.191111111	1.26839	55
278.459501134	1.26259	56
279.722086168	1.27129	57
280.993378685	1.37578	58
282.369160998	1.48898	59
283.858140590	1.27419	60
285.132335601	1.34385	61
286.476190476	1.26549	62
287.741678005	1.31193	63
289.053605442	1.25678	64
290.310385488	1.26549	65
291.575873016	1.2771	66
292.852970522	1.33805	67
294.191020408	1.37578	68
295.566802721	1.30322	69
296.870022676	1.52381	70
298.393832200	1.31193	71
299.705759637	1.38197	72
301.087732426	1.54955	73
302.637278912	1.79955	74
304.436825397	2.06077	75
306.497596372	0	76