2.986666666	1.65867	1
4.645333333	1.62888	2
6.274208333	1.60846	3
7.882666666	1.89867	4
9.781333333	1.79733	5
11.578666666	1.89867	6
13.477333333	1.81867	7
15.296000000	2.39467	8
17.690666666	1.74933	9
19.440000000	1.70667	10
21.146666666	1.616	11
22.762666666	1.616	12
24.378666666	1.64267	13
26.021333333	1.72267	14
27.744000000	1.46133	15
29.205333333	1.97867	16
31.184000000	1.52	17
32.704000000	1.59467	18
34.298666666	1.49867	19
35.797333333	1.632	20
37.429333333	1.67467	21
39.104000000	1.632	22
40.736000000	1.70133	23
42.437333333	1.60533	24
44.042666666	1.76533	25
45.808000000	1.80193	26
47.609927083	1.60607	27
49.216000000	1.65333	28
50.869333333	1.65867	29
52.528000000	1.78133	30
54.309333333	1.65333	31
55.962666666	1.792	32
57.754666666	1.856	33
59.610666666	1.904	34
61.514666666	2.21333	35
63.728000000	1.81867	36
65.546666666	1.79733	37
67.344000000	1.776	38
69.120000000	2.016	39
71.136000000	1.728	40
72.864000000	1.83467	41
74.698666666	1.73333	42
76.432000000	1.68533	43
78.117333333	1.792	44
79.909333333	2.06588	45
81.975208333	1.75279	46
83.728000000	1.65867	47
85.386666666	1.584	48
86.970666666	1.56267	49
88.533333333	1.46667	50
90.000000000	1.46133	51
91.461333333	1.50643	52
92.967760416	1.46957	53
94.437333333	1.51467	54
95.952000000	1.55258	55
97.504583333	1.57275	56
99.077333333	1.94667	57
101.024000000	1.78667	58
102.810666666	1.61067	59
104.421333333	1.712	60
106.133333333	1.62667	61
107.760000000	1.64267	62
109.402666666	1.68533	63
111.088000000	1.792	64
112.880000000	2.50667	65
115.386666666	1.83467	1
117.221333333	1.648	2
118.869333333	1.73867	3
120.608000000	1.76	4
122.368000000	1.93067	5
124.298666666	1.792	6
126.090666666	1.87733	7
127.968000000	2.304	8
130.272000000	1.79733	9
132.069333333	1.69067	10
133.760000000	1.64267	11
135.402666666	1.71733	12
137.120000000	1.60533	13
138.725333333	1.792	14
140.517333333	1.58933	15
142.106666666	1.93067	16
144.037333333	1.54133	17
145.578666666	1.696	18
147.274666666	1.49535	19
148.770020833	1.69398	20
150.464000000	1.808	21
152.272000000	1.664	22
153.936000000	1.71733	23
155.653333333	1.65333	24
157.306666666	1.94667	25
159.253333333	1.81867	26
161.072000000	1.6988	27
162.770802083	1.78386	28
164.554666666	1.62706	29
166.181729166	1.81294	30
167.994666666	1.59467	31
169.589333333	1.85067	32
171.440000000	1.9241	33
173.364104166	1.94256	34
175.306666666	2.15467	35
177.461333333	1.872	36
179.333333333	1.83467	37
181.168000000	1.71733	38
182.885333333	2.016	39
184.901333333	1.77067	40
186.672000000	1.85067	41
188.522666666	1.69067	42
190.213333333	1.68	43
191.893333333	1.744	44
193.637333333	2.128	45
195.765333333	1.74933	46
197.514666666	1.65333	47
199.168000000	1.63733	48
200.805333333	1.552	49
202.357333333	1.46667	50
203.824000000	1.53067	51
205.354666666	1.52	52
206.874666666	1.50254	53
208.377208333	1.55346	54
209.930666666	1.55733	55
211.488000000	1.58933	56
213.077333333	1.94667	57
215.024000000	1.85067	58
216.874666666	1.76	59
218.634666666	1.73333	60
220.368000000	1.79733	61
222.165333333	1.64267	62
223.808000000	1.74933	63
225.557333333	1.90933	64
227.466666666	2.56	65
230.026666666	1.84533	66
231.872000000	1.66933	67
233.541333333	1.696	68
235.237333333	1.888	69
237.125333333	1.728	70
238.853333333	1.632	71
240.485333333	1.744	72
242.229333333	1.95733	73
244.186666666	2.49067	74
246.677333333	2.27733	75
248.954666666	2.576	76
251.530666666	2.864	77
254.394666666	2.34593	78
256.740593750	2.80607	79
259.546666666	2.128	80
261.674666666	2.29499	81
263.969656250	2.32368	82
266.293333333	2.90436	83
269.197697916	2.88764	84
272.085333333	2.58667	85
274.672000000	3.168	86
277.840000000	2.192	87
280.032000000	2.1559	88
282.187895833	1.99877	89
284.186666666	2.10133	90
286.288000000	2.67733	91
288.965333333	2.224	92
291.189333333	1.96267	93
293.152000000	2.14933	94
295.301333333	2.11733	95
297.418666666	2.192	96
299.610666666	1.76	97
301.370666666	2.144	98
303.514666666	2.16533	99
305.680000000	2.17067	100
307.850666666	1.616	101
309.466666666	2.02667	102
311.493333333	2.01067	103
313.504000000	2.032	104
315.536000000	2.06933	105
317.605333333	2.25197	106
319.857302083	2.59603	107
322.453333333	2.04267	108
324.496000000	2.23587	109
326.731875000	1.98279	110
328.714666666	2.46933	111
331.184000000	2.16	112
333.344000000	2.12267	113
335.466666666	1.95733	114
337.424000000	2.00533	115
339.429333333	2.12969	116
341.559020833	2.27565	117
343.834666666	2.25067	118
346.085333333	1.968	119
348.053333333	2.04267	120
350.096000000	1.91467	121
352.010666666	1.79733	122
353.808000000	1.872	123
355.680000000	1.712	124
357.392000000	1.65722	125
359.049218750	1.70278	126
360.752000000	2.15467	127
362.906666666	1.83467	128
364.741333333	1.65333	129
366.394666666	1.66933	130
368.064000000	1.84533	131
369.909333333	1.904	132
371.813333333	1.92533	133
373.738666666	1.76592	134
375.504583333	2.28742	135
377.792000000	1.68	136
379.472000000	1.616	137
381.088000000	1.648	138
382.736000000	1.89867	139
384.634666666	1.71733	140
386.352000000	1.664	141
388.016000000	1.68533	142
389.701333333	1.62667	143
391.328000000	2.096	144
393.424000000	2.02133	145
395.445333333	2.288	146
397.733333333	1.888	147
399.621333333	1.84	148
401.461333333	1.81333	149
403.274666666	2.00533	150
405.280000000	1.82285	151
407.102854166	1.93181	152
409.034666666	1.872	153
410.906666666	1.74933	154
412.656000000	1.79174	155
414.447739583	2.06959	156
416.517333333	1.79733	157
418.314666666	1.73867	158
420.053333333	1.56267	159
421.616000000	1.63733	160
423.253333333	1.51467	161
424.768000000	1.50933	162
426.277333333	1.50933	163
427.786666666	1.52	164
429.306666666	1.55733	165
430.864000000	1.696	166
432.560000000	1.62133	167
434.181333333	2.01067	168
436.192000000	1.88267	169
438.074666666	1.79733	170
439.872000000	1.90933	171
441.781333333	1.90933	172
443.690666666	1.70133	173
445.392000000	1.73333	174
447.125333333	1.99706	175
449.122395833	1.9656	176
451.088000000	2.24533	177
453.333333333	1.94119	178
455.274520833	1.78178	179
457.056302083	1.6797	180
458.736000000	1.85775	181
460.593750000	1.71558	182
462.309333333	1.78377	183
464.093104166	1.86423	184
465.957333333	1.7662	185
467.723531250	2.3138	186
470.037333333	1.984	187
472.021333333	2.112	188
474.133333333	2.02133	189
476.154666666	2.15467	190
478.309333333	2.27733	191
480.586666666	2.304	192
482.890666666	4.15467	193
487.045333333	3.216	194
490.261333333	3.11117	195
493.372500000	2.9475	196
496.320000000	2.685	197
499.005000000	2.5275	198
501.532500000	2.8195	199
504.352000000	2.738	200
507.090000000	2.90467	201
509.994666666	4.81067	202
514.805333333	3.024	203
517.829333333	2.93333	204
520.762666666	3.14667	205
523.909333333	4.66667	206
528.576000000	1.424	207
530.000000000	1.4275	208
531.427500000	1.38317	209
532.810666666	1.54827	210
534.358937500	0	211
