0.289523810	0	0.5
0.535873016	243.557	0.6
0.800000000	227.163	1.1
1.026031746	265.449	1.2
1.270770975	245.159	1.3
1.516417234	244.254	1.4
1.747301587	259.87	1.5
1.996757370	240.524	1.6
2.250634921	236.334	2.1
2.489455782	251.234	2.2
2.707301587	275.424	2.3
2.947256236	250.047	2.4
3.141587302	308.751	2.5
3.324444444	328.125	2.6
3.575873016	238.636	3.1
3.795578231	273.093	3.2
4.032244898	253.521	3.3
4.247959184	278.146	3.4
4.459682540	283.389	3.5
4.680634921	271.552	3.6
4.906666667	265.449	4.1
5.127619048	271.552	4.2
5.358185941	260.228	4.3
5.572063492	280.534	4.4
5.762539683	315	4.5
5.955555556	310.855	4.6
6.201904762	243.557	5.1
6.425396825	268.466	5.2
6.623492063	302.885	5.3
6.831746032	288.11	5.4
7.040000000	288.11	5.5
7.271111111	259.615	5.6
7.479365079	288.11	6.1
7.728253968	241.071	6.2
7.923809524	306.818	6.3
8.116825397	310.855	6.4
8.299682540	328.125	6.5
8.487619048	319.257	6.6
8.700952381	281.25	7.1
8.929818594	262.162	7.2
9.145396825	278.321	7.3
9.323174603	337.5	7.4
9.548798186	265.93	7.5
9.714285714	362.565	7.6
9.932698413	274.709	8.1
10.128253968	306.818	8.2
10.328888889	299.051	8.3
10.534603175	291.667	8.4
10.735238095	299.051	8.5
10.920634921	323.63	8.6
11.113650794	310.855	9.1
11.316825397	295.313	9.2
11.527619048	284.639	9.3
11.753764172	265.316	9.4
11.974603175	271.691	9.5
12.175374150	298.848	9.6
12.391111111	278.116	10.1
12.645079365	236.25	10.2
12.891428571	243.557	10.3
13.107301587	277.941	10.4
13.346938776	250.378	10.5
13.528888889	329.761	10.6
13.785396825	233.911	11.1
13.986031746	299.051	11.2
14.173968254	319.257	11.3
14.410317460	253.862	11.4
14.618412698	288.33	11.5
14.836825397	274.709	11.6
15.065396825	262.5	12.1
15.273650794	288.11	12.2
15.492063492	274.709	12.3
15.715555556	268.466	12.4
15.916190476	299.051	12.5
16.135306122	273.828	12.6
16.360634921	266.278	13.1
16.595578231	255.381	13.2
16.835555556	250.024	13.3
17.061587302	265.449	13.4
17.300317460	251.33	13.5
17.546916100	243.31	13.6
17.836122449	207.464	14.1
18.100317460	227.105	14.2
18.413741497	191.434	14.3
18.737777778	185.164	14.4
19.085714286	172.445	14.5
19.326984127	248.684	14.6
19.588571429	229.369	15.1
19.814603175	265.449	15.2
20.083809524	222.877	15.3
20.337777778	236.25	15.4
20.591746032	236.25	15.5
20.858412698	225	15.6
21.102040816	246.277	16.1
21.314739229	282.09	16.2
21.543673469	262.084	16.3
21.780317460	253.545	16.4
21.978412698	302.885	16.5
22.194285714	277.941	16.6
22.430476190	254.032	17.1
22.671746032	248.684	17.2
22.877460317	291.667	17.3
23.126349206	241.071	17.4
23.352380952	265.449	17.5
23.550476190	302.885	17.6
23.768888889	274.709	18.1
24.005079365	254.032	18.2
24.213968254	287.234	18.3
24.419047619	292.57	18.4
24.624761905	291.667	18.5
24.827936508	295.313	18.6
25.048888889	271.552	19.1
25.305396825	233.911	19.2
25.511111111	291.667	19.3
25.699047619	319.257	19.4
25.909841270	284.639	19.5
26.128253968	274.709	19.6
26.333968254	291.667	20.1
26.570158730	254.032	20.2
26.780952381	284.639	20.3
27.006984127	265.449	20.4
27.193968254	320.883	20.5
27.387936508	309.329	20.6
27.619047619	259.615	21.1
27.852698413	256.793	21.2
28.053333333	299.051	21.3
28.270929705	275.74	21.4
28.459682540	317.876	21.5
28.676099773	277.242	21.6
28.896848073	271.803	22.1
29.122539683	265.849	22.2
29.343492063	271.552	22.3
29.539047619	306.818	22.4
29.747301587	288.11	22.5
29.970000000	269.423	22.6
30.168888889	301.676	23.1
30.384761905	277.941	23.2
30.605714286	271.552	23.3
30.809637188	294.229	23.4
31.040000000	260.459	23.5
31.266031746	265.449	23.6
31.474285714	288.11	24.1
31.718095238	246.094	24.2
31.975646259	232.964	24.3
32.188707483	281.609	24.4
32.393650794	292.764	24.5
32.596825397	295.313	24.6
32.824308390	263.756	25.1
33.025374150	298.41	25.2
33.236825397	283.753	25.3
33.447777778	284.424	25.4
33.650793651	295.543	25.5
33.879160998	262.735	25.6
34.095238095	277.679	26.1
34.333219955	252.12	26.2
34.581882086	241.291	26.3
34.791768707	285.869	26.4
35.004444444	282.12	26.5
35.243174603	251.33	26.6
35.471746032	262.5	27.1
35.720634921	241.071	27.2
35.959365079	251.33	27.3
36.170158730	284.639	27.4
36.383492063	281.25	27.5
36.619682540	254.032	27.6
36.845714286	265.449	28.1
37.104467120	231.882	28.2
37.369501134	226.386	28.3
37.579682540	285.468	28.4
37.800634921	271.552	28.5
37.996190476	306.818	28.6
38.245079365	241.071	29.1
38.458412698	281.25	29.2
38.669206349	284.639	29.3
38.880430839	284.058	29.4
39.090793651	285.222	29.5
39.313333333	269.615	29.6
39.553015873	250.331	30.1
39.786666667	256.793	30.2
39.990544218	294.294	30.3
40.198095238	289.086	30.4
40.416507937	274.709	30.5
40.614603175	302.885	30.6
40.843174603	262.5	31.1
41.051428571	288.11	31.2
41.290158730	251.33	31.3
41.521541950	259.31	31.4
41.719365079	303.301	31.5
41.954126984	255.578	31.6
42.146031746	312.655	32.1
42.397460317	238.636	32.2
42.597891156	299.355	32.3
42.791111111	310.527	32.4
43.019682540	262.5	32.5
43.200000000	332.746	32.6
43.426031746	265.449	33.1
43.667301587	248.684	33.2
43.911111111	246.094	33.3
44.098344671	320.455	33.4
44.306643991	288.047	33.5
44.532517007	265.636	33.6
44.736507937	294.131	34.1
44.956417234	272.84	34.2
45.188571429	258.449	34.3
45.379047619	315	34.4
45.597460317	274.709	34.5
45.775238095	337.5	34.6
45.983492063	288.11	35.1
46.229841270	243.557	35.2
46.463492063	256.793	35.3
46.712380952	241.071	35.4
46.948571429	254.032	35.5
47.159705215	284.18	35.6
47.395555556	254.399	36.1
47.624897959	261.618	36.2
47.842811791	275.338	36.3
48.047074830	293.739	36.4
48.248888889	297.303	36.5
48.434285714	323.63	36.6
48.614603175	332.746	37.1
48.850793651	254.032	37.2
49.099682540	241.071	37.3
49.346031746	243.557	37.4
49.605079365	231.618	37.5
49.831111111	265.449	37.6
50.158730159	183.14	38.1
50.430476190	220.794	38.2
50.631111111	299.051	38.3
50.778412698	407.328	38.4
51.014603175	254.032	38.5
51.235487528	271.635	38.6
51.456507937	271.468	39.1
51.687619048	259.615	39.2
51.908571429	271.552	39.3
52.111746032	295.313	39.4
52.307301587	306.818	39.5
52.523174603	277.941	39.6
52.741587302	274.709	40.1
52.987936508	243.557	40.2
53.221700680	256.669	40.3
53.475555556	236.356	40.4
53.742222222	225	40.5
53.930158730	319.257	40.6
54.189206349	231.618	41.1
54.387301587	302.885	41.2
54.613333333	265.449	41.3
54.841904762	262.5	41.4
55.045396825	294.852	41.5
55.273650794	262.865	41.6
55.537777778	227.163	42.1
55.751111111	281.25	42.2
55.939047619	319.257	42.3
56.114285714	342.391	42.4
56.345396825	259.615	42.5
56.570453515	266.599	42.6
56.761904762	313.396	43.1
56.998095238	254.032	43.2
57.234285714	254.032	43.3
57.434058957	300.341	43.4
57.615238095	331.164	43.5
57.815873016	299.051	43.6
58.026666667	284.639	44.1
58.273900227	242.686	44.2
58.478911565	292.667	44.3
58.656507937	337.845	44.4
58.882517007	265.476	44.5
59.095873016	281.22	44.6
59.329523810	256.793	45.1
59.608888889	214.773	45.2
59.804353741	306.961	45.3
60.022857143	274.595	45.4
60.200634921	337.5	45.5
60.419047619	274.709	45.6
60.805079365	155.428	46.1
61.010793651	291.667	46.2
61.191111111	332.746	46.3
61.379047619	319.257	46.4
61.533968254	387.295	46.5
61.744761905	284.639	46.6
61.940317460	306.818	47.1
62.166349206	265.449	47.2
62.374603175	288.11	47.3
62.586349206	283.358	47.4
62.813968254	263.598	47.5
63.032380952	274.709	47.6
63.309206349	216.743	48.1
63.507301587	302.885	48.2
63.677460317	352.612	48.3
63.840000000	369.141	48.4
64.055873016	277.941	48.5
64.246349206	315	48.6
64.452063492	291.667	49.1
64.662970522	284.486	49.2
64.858412698	306.996	49.3
65.059047619	299.051	49.4
65.254603175	306.818	49.5
65.523809524	222.877	49.6
65.805714286	212.838	50.1
65.996190476	315	50.2
66.158730159	369.141	50.3
66.356825397	302.885	50.4
66.542222222	323.63	50.5
66.742857143	299.051	50.6
66.946031746	295.313	51.1
67.156848073	284.608	51.2
67.390476190	256.818	51.3
67.550476190	375	51.4
67.725714286	342.391	51.5
67.952925170	264.072	51.6
68.198095238	244.728	52.1
68.444444444	243.557	52.2
68.627301587	328.125	52.3
68.792380952	363.462	52.4
68.999569161	289.592	52.5
69.203424036	294.327	52.6
69.399365079	306.215	53.1
69.653333333	236.25	53.2
69.881904762	262.5	53.3
70.057142857	342.391	53.4
70.232380952	342.391	53.5
70.440634921	288.11	53.6
70.696621315	234.387	54.1
70.961269841	226.716	54.2
71.159365079	302.885	54.3
71.321904762	369.141	54.4
71.517460317	306.818	54.5
71.695238095	337.5	54.6
72.005079365	193.648	55.1
72.198095238	310.855	55.2
72.388571429	315	55.3
72.558730159	352.612	55.4
72.744126984	323.63	55.5
72.932063492	319.257	55.6
73.147936508	277.941	56.1
73.392789116	245.045	56.2
73.579682540	321.039	56.3
73.782857143	295.313	56.4
73.991111111	288.11	56.5
74.173968254	328.125	56.6
74.369523810	306.818	57.1
74.570158730	299.051	57.2
74.745396825	342.391	57.3
74.933333333	319.257	57.4
75.141587302	288.11	57.5
75.311746032	352.612	57.6
75.522539683	284.639	58.1
75.804444444	212.838	58.2
76.040634921	254.032	58.3
76.279365079	251.33	58.4
76.464761905	323.63	58.5
76.671383220	290.386	58.6
76.937142857	225.768	59.1
77.201269841	227.163	59.2
77.427301587	265.449	59.3
77.686349206	231.618	59.4
77.958095238	220.794	59.5
78.232380952	218.75	59.6
78.526984127	203.664	60.1
78.778412698	238.636	60.2
79.001904762	268.466	60.3
79.238095238	254.032	60.4
79.413333333	342.391	60.5
79.641904762	262.5	60.6
79.895873016	236.25	61.1
80.106961451	284.241	61.2
80.321473923	279.704	61.3
80.541043084	273.262	61.4
80.787301587	243.646	61.5
80.975238095	319.257	61.6
81.272380952	201.923	62.1
81.498911565	264.865	62.2
81.714421769	278.409	62.3
81.935238095	271.719	62.4
82.133333333	302.885	62.5
82.313650794	332.746	62.6
82.557460317	246.094	63.1
82.793650794	254.032	63.2
83.014603175	271.552	63.3
83.238639456	267.814	63.4
83.431111111	311.734	63.5
83.626666667	306.818	63.6
83.860317460	256.793	64.1
84.083809524	268.466	64.2
84.287709751	294.262	64.3
84.477460317	316.205	64.4
84.670476190	310.855	64.5
84.858412698	319.257	64.6
85.079365079	271.552	65.1
85.313015873	256.793	65.2
85.521269841	288.11	65.3
85.711746032	315	65.4
85.931292517	273.291	65.5
86.108231293	339.1	65.6
86.303492063	307.281	66.1
86.515532880	282.964	66.2
86.717981859	296.371	66.3
86.915555556	303.684	66.4
87.133106576	275.797	66.5
87.324444444	313.581	66.6
87.520000000	306.818	67.1
87.725714286	291.667	67.2
87.956825397	259.615	67.3
88.149841270	310.855	67.4
88.370793651	271.552	67.5
88.566349206	306.818	67.6
88.789841270	268.466	68.1
88.993015873	295.313	68.2
89.323174603	181.731	68.3
89.528662132	291.989	68.4
89.760000000	259.361	68.5
89.953015873	310.855	68.6
90.184126984	259.615	69.1
90.422857143	251.33	69.2
90.648888889	265.449	69.3
90.831746032	328.125	69.4
91.022222222	315	69.5
91.252426304	260.638	69.6
91.476825397	267.381	70.1
91.695124717	274.852	70.2
91.918730159	268.33	70.3
92.228571429	193.648	70.4
92.431746032	295.313	70.5
92.640000000	288.11	70.6
92.871111111	259.615	71.1
93.104761905	256.793	71.2
93.320634921	277.941	71.3
93.569523810	241.071	71.4
93.732063492	369.141	71.5
94.008888889	216.743	71.6
94.219682540	284.639	72.1
94.445714286	265.449	72.2
94.669206349	268.466	72.3
94.925714286	233.911	72.4
95.133968254	288.11	72.5
95.354920635	271.552	72.6
95.629206349	218.75	73.1
95.908571429	214.773	73.2
96.156575964	241.931	73.3
96.354761905	302.746	73.4
96.685714286	181.295	73.5
96.930793651	244.819	73.6
97.163174603	258.197	74.1
97.368888889	291.667	74.2
97.622857143	236.25	74.3
97.859931973	253.085	74.4
98.103854875	245.979	74.5
98.323356009	273.347	74.6
98.590476190	224.618	75.1
98.820249433	261.127	75.2
99.066281179	243.871	75.3
99.337823129	220.96	75.4
99.601269841	227.75	75.5
99.875555556	218.75	75.6
100.185396825	193.648	76.1
100.426507937	248.848	76.2
100.663764172	252.891	76.3
100.909206349	244.457	76.4
101.368888889	130.525	76.5
101.668571429	200.212	76.6
101.920000000	238.636	77.1
102.257777778	177.632	77.2
102.526984127	222.877	77.3
102.760634921	256.793	77.4
103.001904762	248.684	77.5
103.268571429	225	77.6
103.514920635	243.557	78.1
103.875555556	166.373	78.2
104.204648526	182.319	78.3
104.540952381	178.41	78.4
104.944761905	148.585	78.5
105.394285714	133.475	78.6
105.810793651	144.055	79.1
106.110476190	200.212	79.2
106.476190476	164.063	79.3
106.773333333	201.923	79.4
107.024761905	238.636	79.5
107.276190476	238.636	79.6
107.578412698	198.529	80.1
107.881746032	197.802	80.2
108.149841270	223.801	80.3
108.366009070	277.562	80.4
108.632380952	225.249	80.5
108.970158730	177.632	80.6
109.287619048	189	81.1
109.592380952	196.875	81.2
109.869206349	216.743	81.3
110.125714286	233.911	81.4
110.341587302	277.941	81.5
110.590476190	241.071	81.6
110.813968254	268.466	82.1
111.051224490	252.891	82.2
111.306666667	234.887	82.3
111.535238095	262.5	82.4
111.804535147	222.802	82.5
112.132063492	183.19	82.6
112.467301587	178.977	83.1
112.782222222	190.524	83.2
113.026031746	246.094	83.3
113.287619048	229.369	83.4
113.513650794	265.449	83.5
113.747301587	256.793	83.6
113.990204082	247.013	84.1
114.217142857	264.388	84.2
114.486349206	222.877	84.3
114.717460317	259.615	84.4
114.938412698	271.552	84.5
115.169523810	259.615	84.6
115.469206349	200.212	85.1
115.779047619	193.648	85.2
116.033015873	236.25	85.3
116.261587302	262.5	85.4
116.502857143	248.684	85.5
116.751746032	241.071	85.6
117.003174603	238.636	86.1
117.219047619	277.941	86.2
117.491224490	220.445	86.3
117.693968254	295.94	86.4
117.902222222	288.11	86.5
118.130793651	262.5	86.6
118.389070295	232.309	87.1
118.636190476	242.797	87.2
118.890158730	236.25	87.3
119.108571429	274.709	87.4
119.349841270	248.684	87.5
119.601269841	238.636	87.6
119.860317460	231.618	88.1
120.220952381	166.373	88.2
120.482766440	229.17	88.3
120.744716553	229.051	88.4
121.005714286	229.887	88.5
121.358730159	169.964	88.6
121.643174603	210.938	89.1
121.960634921	189	89.2
122.285714286	184.57	89.3
122.600657596	190.51	89.4
122.979047619	158.567	89.5
123.403174603	141.467	89.6
123.804444444	149.525	79.1
124.175238095	161.815	79.2
124.513015873	177.632	79.3
124.787301587	218.75	79.4
125.005714286	274.709	79.5
125.267301587	229.369	79.6
125.534126984	224.866	80.1
125.775238095	248.848	80.2
126.011428571	254.032	80.3
126.269750567	232.268	80.4
126.620952381	170.842	80.5
126.943492063	186.024	80.6
127.217777778	218.75	81.1
127.474285714	233.911	81.2
127.756190476	212.838	81.3
127.994920635	251.33	81.4
128.205714286	284.639	81.5
128.452063492	243.557	81.6
128.693333333	248.684	82.1
128.929115646	254.472	82.2
129.160634921	259.158	82.3
129.373718821	281.579	82.4
129.673650794	200.045	82.5
129.958095238	210.938	82.6
130.250385488	205.275	83.1
130.511746032	229.568	83.2
130.786031746	218.75	83.3
131.004444444	274.709	83.4
131.238095238	256.793	83.5
131.446349206	288.11	83.6
131.677460317	259.615	84.1
131.880634921	295.313	84.2
132.144761905	227.163	84.3
132.363174603	274.709	84.4
132.619682540	233.911	84.5
132.863492063	246.094	84.6
133.169297052	196.203	85.1
133.457777778	207.986	85.2
133.691428571	256.793	85.3
133.930158730	251.33	85.4
134.166349206	254.032	85.5
134.400000000	256.793	85.6
134.653968254	236.25	86.1
134.872380952	274.709	86.2
135.116190476	246.094	86.3
135.357460317	248.684	86.4
135.593650794	254.032	86.5
135.834920635	248.684	86.6
136.152380952	189	87.1
136.406349206	236.25	87.2
136.680634921	218.75	87.3
136.899047619	274.709	87.4
137.142857143	246.094	87.5
137.394285714	238.636	87.6
137.648253968	236.25	88.1
137.937777778	207.237	88.2
138.173968254	254.032	88.3
138.408117914	256.246	88.4
138.666666667	232.065	88.5
138.981587302	190.524	88.6
139.202539683	271.552	89.1
139.565714286	165.21	89.2
139.883174603	189	89.3
140.177777778	203.664	89.4
140.573968254	151.442	89.5
140.957460317	156.457	89.6
141.300317460	175	90.1
141.688888889	154.412	90.2
141.986031746	201.923	90.3
142.184126984	302.885	90.4
142.453333333	222.877	90.5
142.702222222	241.071	90.6
142.935555556	257.143	91.1
143.159365079	268.085	91.2
143.415873016	233.911	91.3
143.649523810	256.793	91.4
143.908571429	231.618	91.5
144.213333333	196.875	91.6
144.497777778	210.938	92.1
144.800000000	198.529	92.2
145.005714286	291.667	92.3
145.231746032	265.449	92.4
145.465396825	256.793	92.5
145.681269841	277.941	92.6
145.917460317	254.032	93.1
146.163446712	243.916	93.2
146.402539683	250.948	93.3
146.637573696	255.282	93.4
146.880000000	247.498	93.5
147.103401361	268.575	93.6
147.441269841	177.584	94.1
147.740952381	200.212	94.2
147.987301587	243.557	94.3
148.185396825	302.885	94.4
148.424126984	251.33	94.5
148.652698413	262.5	94.6
148.860952381	288.11	95.1
149.066666667	291.667	95.2
149.307936508	248.684	95.3
149.528888889	271.552	95.4
149.752380952	268.466	95.5
149.960634921	288.11	95.6
150.234920635	218.75	96.1
150.534603175	200.212	96.2
150.766825397	258.373	96.3
150.979047619	282.723	96.4
151.179682540	299.051	96.5
151.413333333	256.793	96.6
151.733333333	187.5	97.1
151.992380952	231.618	97.2
152.212154195	273.009	97.3
152.435170068	269.039	97.4
152.668639456	256.993	97.5
152.886349206	275.596	97.6
153.150476190	227.163	98.1
153.383650794	257.318	98.2
153.615238095	259.082	98.3
153.813333333	302.885	98.4
154.090158730	216.743	98.5
154.293333333	295.313	98.6
154.623492063	181.731	99.1
154.900317460	216.743	99.2
155.144126984	246.094	99.3
155.385396825	248.684	99.4
155.608888889	268.466	99.5
155.865396825	233.911	99.6
156.162539683	201.923	100.1
156.566031746	148.702	100.2
156.942222222	159.494	100.3
157.318095238	159.628	100.4
157.678730159	166.373	100.5
158.062222222	156.457	100.6
158.488888889	140.625	101.1
158.829115646	176.353	101.2
159.139047619	193.591	101.3
159.377777778	251.33	101.4
159.631746032	236.25	101.5
159.913650794	212.838	101.6
160.193015873	214.773	102.1
160.398730159	291.667	102.2
160.695873016	201.923	102.3
160.934603175	251.33	102.4
161.188571429	236.25	102.5
161.424761905	254.032	102.6
161.711746032	209.071	103.1
162.036825397	184.57	103.2
162.295873016	231.618	103.3
162.509206349	281.25	103.4
162.760634921	238.636	103.5
163.022222222	229.369	103.6
163.319365079	201.923	104.1
163.553015873	256.793	104.2
163.895873016	175	104.3
164.129523810	256.793	104.4
164.370793651	248.684	104.5
164.604444444	256.793	104.6
164.833015873	262.5	105.1
165.155555556	186.024	105.2
165.384126984	262.5	105.3
165.574603175	315	105.4
165.805714286	259.615	105.5
166.036825397	259.615	105.6
166.311111111	218.75	106.1
166.496507937	323.63	106.2
166.717460317	271.552	106.3
166.971428571	236.25	106.4
167.271111111	200.212	106.5
167.521904762	239.241	106.6
167.799365079	216.247	107.1
168.154920635	168.75	107.2
168.413968254	231.618	107.3
168.627301587	281.25	107.4
168.924444444	201.923	107.5
169.325714286	149.525	107.6
169.612698413	209.071	108.1
169.980952381	162.931	108.2
170.237460317	233.911	108.3
170.661587302	141.467	108.4
171.260952381	100.106	108.5
171.733333333	127.016	108.6
172.101587302	162.931	90.1
172.493514739	153.09	90.2
172.812698413	187.98	90.3
173.083469388	221.589	90.4
173.325691610	247.706	90.5
173.602539683	216.725	90.6
173.892063492	207.237	91.1
174.168888889	216.743	91.2
174.402834467	256.47	91.3
174.707301587	197.066	91.4
175.019682540	192.073	91.5
175.357460317	177.632	91.6
175.644444444	209.071	92.1
175.916190476	220.794	92.2
176.170158730	236.25	92.3
176.434285714	227.163	92.4
176.662857143	262.5	92.5
176.888888889	265.449	92.6
177.122539683	256.793	93.1
177.338412698	277.941	93.2
177.582222222	246.094	93.3
177.821088435	251.187	93.4
178.118095238	202.016	93.5
178.366984127	241.071	93.6
178.646349206	214.773	94.1
178.989206349	175	94.2
179.210158730	271.552	94.3
179.441269841	259.615	94.4
179.677460317	254.032	94.5
179.898412698	271.552	94.6
180.118798186	272.25	95.1
180.312380952	309.945	95.2
180.596825397	210.938	95.3
180.812902494	277.679	95.4
181.024126984	284.058	95.5
181.231746032	288.991	95.6
181.491065760	231.375	96.1
181.783537415	205.148	96.2
182.027437642	246.002	96.3
182.278095238	239.37	96.4
182.516825397	251.33	96.5
182.750476190	256.793	96.6
183.017142857	225	97.1
183.243174603	265.449	97.2
183.514920635	220.794	97.3
183.718095238	295.313	97.4
183.926349206	288.11	97.5
184.152380952	265.449	97.6
184.457142857	196.875	98.1
184.716190476	231.618	98.2
184.937142857	271.552	98.3
185.183492063	243.557	98.4
185.457777778	218.75	98.5
185.709206349	238.636	98.6
185.955555556	243.557	99.1
186.280634921	184.57	99.2
186.551315193	221.664	99.3
186.767823129	277.126	99.4
187.045079365	216.406	99.5
187.323514739	215.49	99.6
187.652063492	182.621	100.1
188.124444444	127.016	100.2
188.490136054	164.073	100.3
188.830476190	176.294	100.4
189.282539683	132.725	100.5
189.638095238	168.75	100.6
190.013968254	159.628	101.1
190.448253968	138.158	101.2
190.765714286	189	101.3
191.024761905	231.618	101.4
191.324444444	200.212	101.5
191.601269841	216.743	101.6
191.903492063	198.529	102.1
192.114285714	284.639	102.2
192.426666667	192.073	102.3
192.680634921	236.25	102.4
192.919365079	251.33	102.5
193.160634921	248.684	102.6
193.442539683	212.838	103.1
193.777777778	178.977	103.2
194.069841270	205.435	103.3
194.316190476	243.557	103.4
194.547301587	259.615	103.5
194.806349206	231.618	103.6
195.088253968	212.838	104.1
195.339682540	238.636	104.2
195.652063492	192.073	104.3
195.916190476	227.163	104.4
196.210793651	203.664	104.5
196.426666667	277.941	104.6
196.693333333	225	105.1
196.990476190	201.923	105.2
197.246984127	233.911	105.3
197.513650794	225	105.4
197.719365079	291.667	105.5
197.953015873	256.793	105.6
198.214603175	229.369	106.1
198.412698413	302.885	106.2
198.659047619	243.557	106.3
198.918095238	231.618	106.4
199.156825397	251.33	106.5
199.437641723	213.663	106.6
199.694852608	233.272	107.1
200.040634921	173.52	107.2
200.302222222	229.369	107.3
200.553650794	238.636	107.4
200.822857143	222.877	107.5
201.114920635	205.435	107.6
201.351111111	254.032	108.1
201.711746032	166.373	108.2
201.965714286	236.25	108.3
202.248004535	212.547	108.4
202.511746032	227.495	108.5
202.791111111	214.773	108.6
203.093333333	198.529	109.1
203.370158730	216.743	109.2
203.629206349	231.618	109.3
203.893560091	226.969	109.4
204.160000000	225.191	109.5
204.462222222	198.529	109.6
204.750612245	208.052	110.1
205.130158730	158.083	110.2
205.447619048	189	110.3
205.681836735	256.172	110.4
205.991201814	193.946	110.5
206.260317460	222.952	110.6
206.552380952	205.435	111.1
206.885895692	179.902	111.2
207.169523810	211.545	111.3
207.481904762	192.073	111.4
207.817142857	178.977	111.5
208.182857143	164.063	111.6
208.500317460	189	112.1
208.766984127	225	112.2
209.053968254	209.071	112.3
209.343492063	207.237	112.4
209.566984127	268.466	112.5
209.869206349	198.529	112.6
210.278095238	146.739	113.1
210.641269841	165.21	113.2
211.134965986	121.532	113.3
211.477460317	175.185	113.4
211.796825397	187.873	113.5
212.040634921	246.094	113.6
212.322539683	212.838	114.1
212.652698413	181.731	114.2
213.046349206	152.419	114.3
213.400249433	169.539	114.4
213.793015873	152.763	114.5
214.212063492	143.182	114.6
214.610793651	150.478	115.1
215.040000000	139.793	115.2
215.631746032	101.395	115.3
216.306780045	88.8844	115.4
217.246984127	63.8159	0.5
217.490793651	246.094	0.6
217.752380952	229.369	1.1
218.001269841	241.071	1.2
218.237460317	254.032	1.3
218.466031746	262.5	1.4
218.725079365	231.618	1.5
218.961383220	253.91	1.6
219.215238095	236.356	2.1
219.497142857	212.838	2.2
219.740952381	246.094	2.3
219.954285714	281.25	2.4
220.165079365	284.639	2.5
220.373333333	288.11	2.6
220.624761905	238.636	3.1
220.864467120	250.307	3.2
221.112380952	242.02	3.3
221.358730159	243.557	3.4
221.574603175	277.941	3.5
221.822607710	241.931	3.6
222.062222222	250.402	4.1
222.290793651	262.5	4.2
222.549841270	231.618	4.3
222.742857143	310.855	4.4
222.940952381	302.885	4.5
223.128888889	319.257	4.6
223.403174603	218.75	5.1
223.631746032	262.5	5.2
223.836825397	292.57	5.3
224.055873016	273.913	5.4
224.281904762	265.449	5.5
224.509274376	263.888	5.6
224.749206349	250.071	6.1
224.973356009	267.678	6.2
225.188503401	278.879	6.3
225.404444444	277.854	6.4
225.602539683	302.885	6.5
225.780317460	337.5	6.6
226.003809524	268.466	7.1
226.217142857	281.25	7.2
226.476190476	231.618	7.3
226.669206349	310.855	7.4
226.874920635	291.667	7.5
227.078095238	295.313	7.6
227.321904762	246.094	8.1
227.550861678	262.058	8.2
227.751111111	299.626	8.3
227.941587302	315	8.4
228.172698413	259.615	8.5
228.396190476	268.466	8.6
228.600907029	293.088	9.1
228.795192744	308.824	9.2
229.015873016	271.887	9.3
229.240272109	267.381	9.4
229.440000000	300.409	9.5
229.658321995	274.823	9.6
229.925079365	224.923	10.1
230.181587302	233.911	10.2
230.440634921	231.618	10.3
230.676825397	254.032	10.4
230.910476190	256.793	10.5
231.111111111	299.051	10.6
231.329523810	274.709	11.1
231.514920635	323.63	11.2
231.751111111	254.032	11.3
231.961904762	284.639	11.4
232.167619048	291.667	11.5
232.426485261	231.78	11.6
232.688253968	229.21	12.1
232.906666667	274.709	12.2
233.109841270	295.313	12.3
233.330589569	271.803	12.4
233.579682540	240.874	12.5
233.782857143	295.313	12.6
234.041904762	231.618	13.1
234.262857143	271.552	13.2
234.496507937	256.793	13.3
234.737777778	248.684	13.4
234.968888889	259.615	13.5
235.248435374	214.633	13.6
235.492063492	246.277	14.1
235.760793651	223.272	14.2
236.063492063	198.217	14.3
236.373333333	193.648	14.4
236.825396825	132.725	14.5
237.086984127	229.369	14.6
237.340952381	236.25	15.1
237.561904762	271.552	15.2
237.826031746	227.163	15.3
238.074920635	241.071	15.4
238.316190476	248.684	15.5
238.572698413	233.911	15.6
238.836825397	227.163	16.1
239.078095238	248.684	16.2
239.276190476	302.885	16.3
239.537777778	229.369	16.4
239.758730159	271.552	16.5
239.984761905	265.449	16.6
240.215873016	259.615	17.1
240.442335601	264.944	17.2
240.655238095	281.819	17.3
240.906666667	238.636	17.4
241.094603175	319.257	17.5
241.323174603	262.5	17.6
241.572063492	241.071	18.1
241.786213152	280.178	18.2
242.005873016	273.15	18.3
242.219682540	280.624	18.4
242.423446712	294.458	18.5
242.628571429	292.505	18.6
242.852063492	268.466	19.1
243.075555556	268.466	19.2
243.301587302	265.449	19.3
243.516621315	279.026	19.4
243.697777778	331.205	19.5
243.921950113	267.651	19.6
244.167619048	244.231	20.1
244.397664399	260.818	20.2
244.614716553	276.431	20.3
244.853333333	251.449	20.4
245.041269841	319.257	20.5
245.234285714	310.855	20.6
245.481451247	242.752	21.1
245.709206349	263.441	21.2
245.894603175	323.63	21.3
246.146167800	238.507	21.4
246.328888889	328.369	21.5
246.549841270	271.552	21.6
246.760634921	284.639	22.1
247.009523810	241.071	22.2
247.200000000	315	22.3
247.387936508	319.257	22.4
247.620793651	257.669	22.5
247.819682540	301.676	22.6
248.030476190	284.639	23.1
248.231111111	299.051	23.2
248.441904762	284.639	23.3
248.678095238	254.032	23.4
248.901587302	268.466	23.5
249.121383220	272.98	23.6
249.338117914	276.836	24.1
249.558911565	271.747	24.2
249.809115646	239.804	24.3
250.027324263	274.966	24.4
250.270476190	246.759	24.5
250.478956916	287.796	24.6
250.692063492	281.549	25.1
250.910476190	274.709	25.2
251.103492063	310.855	25.3
251.319727891	277.475	25.4
251.512380952	311.441	25.5
251.761269841	241.071	25.6
251.972063492	284.639	26.1
252.195895692	268.058	26.2
252.426666667	259.998	26.3
252.645260771	274.481	26.4
252.871111111	265.663	26.5
253.112380952	248.684	26.6
253.315555556	295.313	27.1
253.549319728	256.669	27.2
253.770158730	271.691	27.3
253.995714286	266.01	27.4
254.222222222	264.891	27.5
254.448253968	265.449	27.6
254.656507937	288.11	28.1
254.894444444	252.168	28.2
255.144126984	240.305	28.3
255.396349206	237.885	28.4
255.629206349	257.669	28.5
255.832380952	295.313	28.6
256.046643991	280.03	29.1
256.259047619	282.481	29.2
256.485079365	265.449	29.3
256.687528345	296.371	29.4
256.939682540	237.95	29.5
257.154240363	279.645	29.6
257.368888889	279.527	30.1
257.622857143	236.25	30.2
257.821315193	302.331	30.3
258.036825397	278.409	30.4
258.245079365	288.11	30.5
258.450793651	291.667	30.6
258.669206349	274.709	31.1
258.902857143	256.793	31.2
259.128888889	265.449	31.3
259.344217687	278.644	31.4
259.544104308	300.17	31.5
259.745124717	298.477	31.6
259.982222222	253.06	32.1
260.185192744	295.609	32.2
260.409705215	267.246	32.3
260.640000000	260.536	32.4
260.838095238	302.885	32.5
261.026031746	319.257	32.6
261.244444444	274.709	33.1
261.473015873	262.5	33.2
261.719773243	243.154	33.3
261.927664399	288.613	33.4
262.146031746	274.766	33.5
262.365600907	273.262	33.6
262.580317460	279.438	34.1
262.816530612	254.008	34.2
263.001904762	323.67	34.3
263.197460317	306.818	34.4
263.398095238	299.051	34.5
263.565714286	357.955	34.6
263.771428571	291.667	35.1
264.009886621	251.617	35.2
264.266666667	233.663	35.3
264.492698413	265.449	35.4
264.700952381	288.11	35.5
264.954920635	236.25	35.6
265.198979592	245.842	36.1
265.412063492	281.579	36.2
265.559365079	407.328	36.3
265.754920635	306.818	36.4
265.950476190	306.818	36.5
266.166349206	277.941	36.6
266.364444444	302.885	37.1
266.549841270	323.63	37.2
266.808888889	231.618	37.3
267.029206349	272.334	37.4
267.326984127	201.493	37.5
267.558095238	259.615	37.6
267.822222222	227.163	38.1
268.132063492	193.648	38.2
268.302222222	352.612	38.3
268.424126984	492.188	38.4
268.650158730	265.449	38.5
268.884308390	256.246	38.6
269.094603175	285.314	39.1
269.351111111	233.911	39.2
269.620317460	222.877	39.3
269.815873016	306.818	39.4
270.019047619	295.313	39.5
270.265396825	243.557	39.6
270.504126984	251.33	40.1
270.709841270	291.667	40.2
270.910476190	299.051	40.3
271.212698413	198.529	40.4
271.451428571	251.33	40.5
271.664761905	281.25	40.6
271.870476190	291.667	41.1
272.058412698	319.257	41.2
272.246349206	319.257	41.3
272.459682540	281.25	41.4
272.670476190	284.639	41.5
272.906666667	254.032	41.6
273.249523810	175	42.1
273.445079365	306.818	42.2
273.607619048	369.141	42.3
273.757460317	400.424	42.4
273.983492063	265.449	42.5
274.209523810	265.449	42.6
274.407619048	302.885	43.1
274.684444444	216.743	43.2
274.923174603	251.33	43.3
275.128888889	291.667	43.4
275.344761905	277.941	43.5
275.544058957	301.058	43.6
275.789206349	244.751	44.1
275.994920635	291.667	44.2
276.172698413	337.5	44.3
276.368253968	306.818	44.4
276.617142857	241.071	44.5
276.821632653	293.413	44.6
277.074897959	236.906	45.1
277.340952381	225.518	45.2
277.521541950	332.245	45.3
277.724444444	295.709	45.4
277.909841270	323.63	45.5
278.115555556	291.667	45.6
278.420317460	196.875	46.1
278.628571429	288.11	46.2
278.841904762	281.25	46.3
279.024761905	328.125	46.4
279.248253968	268.466	46.5
279.474149660	265.609	46.6
279.697777778	268.303	47.1
279.915147392	276.028	47.2
280.114285714	301.298	47.3
280.302222222	319.257	47.4
280.510476190	288.11	47.5
280.759251701	241.181	47.6
281.033650794	218.66	48.1
281.254603175	271.552	48.2
281.452698413	302.885	48.3
281.584761905	454.327	48.4
281.813333333	262.5	48.5
282.011133787	303.336	48.6
282.201904762	314.513	49.1
282.417777778	277.941	49.2
282.610793651	310.855	49.3
282.811428571	299.051	49.4
283.019682540	288.11	49.5
283.273650794	236.25	49.6
283.527619048	236.25	50.1
283.725714286	302.885	50.2
283.890793651	363.462	50.3
284.060952381	352.612	50.4
284.269206349	288.11	50.5
284.495238095	265.449	50.6
284.731428571	254.032	51.1
284.972698413	248.684	51.2
285.208888889	254.032	51.3
285.368888889	375	51.4
285.549206349	332.746	51.5
285.756893424	288.896	51.6
286.001269841	245.523	52.1
286.242539683	248.684	52.2
286.415238095	347.426	52.3
286.598095238	328.125	52.4
286.780952381	328.125	52.5
286.984126984	295.313	52.6
287.192380952	288.11	53.1
287.428571429	254.032	53.2
287.639365079	284.639	53.3
287.819682540	332.746	53.4
288.005079365	323.63	53.5
288.238730159	256.793	53.6
288.469841270	259.615	54.1
288.689591837	273.037	54.2
288.873650794	325.983	54.3
289.041269841	357.955	54.4
289.231746032	315	54.5
289.412063492	332.746	54.6
289.660861678	241.159	55.1
289.912380952	238.55	55.2
290.100317460	319.257	55.3
290.270476190	352.612	55.4
290.463492063	310.855	55.5
290.641269841	337.5	55.6
290.844444444	295.313	56.1
291.091269841	243.087	56.2
291.273650794	328.982	56.3
291.469206349	306.818	56.4
291.669841270	299.051	56.5
291.852698413	328.125	56.6
292.066031746	281.25	57.1
292.292063492	265.449	57.2
292.477460317	323.63	57.3
292.665396825	319.257	57.4
292.866031746	299.051	57.5
293.048888889	328.125	57.6
293.259682540	284.639	58.1
293.551746032	205.435	58.2
293.803174603	238.636	58.3
294.034285714	259.615	58.4
294.201904762	357.955	58.5
294.417777778	277.941	58.6
294.674285714	233.911	59.1
294.963809524	207.237	59.2
295.205079365	248.684	59.3
295.450680272	244.299	59.4
295.728684807	215.824	59.5
296.017437642	207.79	59.6
296.301723356	211.055	60.1
296.563809524	228.932	60.2
296.787301587	268.466	60.3
297.010793651	268.466	60.4
297.226666667	277.941	60.5
297.427301587	299.051	60.6
297.668571429	248.684	61.1
297.883718821	278.879	61.2
298.110907029	264.098	61.3
298.349795918	251.163	61.4
298.582857143	257.443	61.5
298.821587302	251.33	61.6
299.065396825	246.094	62.1
299.291428571	265.449	62.2
299.497142857	291.667	62.3
299.693718821	305.226	62.4
299.913650794	272.812	62.5
300.121904762	288.11	62.6
300.330158730	288.11	63.1
300.535873016	291.667	63.2
300.766984127	259.615	63.3
300.982857143	277.941	63.4
301.191111111	288.11	63.5
301.404557823	281.101	63.6
301.616689342	282.843	64.1
301.836190476	273.347	64.2
302.029206349	310.855	64.3
302.232380952	295.313	64.4
302.427936508	306.818	64.5
302.598095238	352.612	64.6
302.796190476	302.885	65.1
303.052698413	233.911	65.2
303.258412698	291.667	65.3
303.418412698	375	65.4
303.608888889	315	65.5
303.804444444	306.818	65.6
303.979682540	342.391	66.1
304.215873016	254.032	66.2
304.419047619	295.313	66.3
304.657777778	251.33	66.4
304.820317460	369.141	66.5
305.026303855	291.281	66.6
305.206349206	333.249	67.1
305.409523810	295.313	67.2
305.635555556	265.449	67.3
305.844013605	287.828	67.4
306.067301587	268.711	67.5
306.257278912	315.827	67.6
306.445714286	318.412	68.1
306.664126984	274.709	68.2
306.895238095	259.615	68.3
307.150816327	234.762	68.4
307.375238095	267.354	68.5
307.608888889	256.793	68.6
307.822222222	281.25	69.1
308.033015873	284.639	69.2
308.241269841	288.11	69.3
308.455215420	280.445	69.4
308.634920635	333.88	69.5
308.843174603	288.11	69.6
309.066666667	268.466	70.1
309.277460317	284.639	70.2
309.531428571	236.25	70.3
309.803174603	220.794	70.4
310.026666667	268.466	70.5
310.257777778	259.615	70.6
310.483809524	265.449	71.1
310.727619048	246.094	71.2
310.966349206	251.33	71.3
311.182222222	277.941	71.4
311.390476190	288.11	71.5
311.611428571	271.552	71.6
311.837460317	265.449	72.1
312.099047619	229.369	72.2
312.310158730	284.211	72.3
312.525714286	278.351	72.4
312.790521542	226.58	72.5
313.020952381	260.382	72.6
313.254603175	256.793	73.1
313.488253968	256.793	73.2
313.721904762	256.793	73.3
313.960453515	251.521	73.4
314.278095238	188.892	73.5
314.488888889	284.639	73.6
314.720000000	259.615	74.1
314.958730159	251.33	74.2
315.174603175	277.941	74.3
315.396598639	270.276	74.4
315.580952381	325.461	74.5
315.804444444	268.466	74.6
316.058412698	236.25	75.1
316.325079365	225	75.2
316.581587302	233.911	75.3
316.789841270	288.11	75.4
316.993015873	295.313	75.5
317.267301587	218.75	75.6
317.511111111	246.094	76.1
317.765079365	236.25	76.2
318.021587302	233.911	76.3
318.243990930	269.78	76.4