###data-type:		Global Beat Dynamics (0.2x2 smoothing; 100 ms delay)
###extraction-date:	Sat Mar  7 05:31:49 PST 2020
0.797	50.0	0.5
1.038	53.7	0.6
1.287	58.0	1.1
1.509	58.2	1.2
1.77	57.2	1.3
2.032	46.8	1.4
2.266	55.6	1.5
2.527	49.2	1.6
2.795	61.9	2.1
3.037	66.4	2.2
3.304	60.6	2.3
3.553	54.8	2.4
3.781	57.0	2.5
4.01	64.1	2.6
4.245	66.6	3.1
4.487	64.4	3.2
4.722	57.0	3.3
4.97	49.5	3.4
5.211	57.7	3.5
5.44	49.6	3.6
5.695	62.5	4.1
5.949	66.8	4.2
6.184	60.4	4.3
6.38	60.7	4.4
6.589	66.4	4.5
6.824	69.1	4.6
7.079	67.3	5.1
7.295	65.2	5.2
7.517	57.9	5.3
7.739	50.3	5.4
7.98	56.7	5.5
8.242	47.2	5.6
8.496	62.3	6.1
8.725	69.5	6.2
8.947	66.3	6.3
9.147	58.7	6.4
9.391	65.3	6.5
9.62	63.2	6.6
9.861	63.2	7.1
10.077	69.0	7.2
10.318	68.1	7.3
10.513	60.8	7.4
10.743	65.2	7.5
10.991	61.2	7.6
11.193	64.7	8.1
11.429	63.1	8.2
11.655	61.5	8.3
11.873	61.2	8.4
12.121	61.8	8.5
12.318	59.2	8.6
12.571	67.8	9.1
12.793	64.6	9.2
13.029	62.3	9.3
13.303	54.5	9.4
13.571	64.6	9.5
13.845	51.0	9.6
14.093	67.0	10.1
14.367	66.6	10.2
14.622	64.8	10.3
14.877	57.1	10.4
15.118	63.6	10.5
15.334	67.8	10.6
15.562	71.6	11.1
15.82	64.8	11.2
16.039	62.3	11.3
16.255	53.6	11.4
16.49	65.7	11.5
16.758	55.1	11.6
17.025	69.8	12.1
17.332	67.9	12.2
17.6	64.9	12.3
17.855	62.3	12.4
18.129	66.8	12.5
18.338	65.6	12.6
18.593	67.1	13.1
18.815	65.6	13.2
19.08	63.3	13.3
19.331	60.0	13.4
19.618	62.6	13.5
19.879	58.9	12.6
20.178	63.4	14.1
20.456	61.2	14.2
20.758	58.4	14.3
21.029	56.4	14.4
21.342	49.8	14.5
21.602	55.6	14.6
21.851	57.9	15.1
22.106	58.6	15.2
22.369	57.9	15.3
22.625	52.6	15.4
22.883	61.5	15.5
23.156	49.8	15.6
23.458	63.2	16.1
23.752	67.9	16.2
23.987	65.0	16.3
24.242	67.3	16.4
24.477	65.5	16.5
24.686	66.1	16.6
24.914	66.8	17.1
25.166	61.8	17.2
25.391	59.9	17.3
25.629	55.6	17.4
25.861	64.1	17.5
26.1	55.6	17.6
26.354	69.8	18.1
26.58	70.1	18.2
26.815	66.6	18.3
27.05	69.4	18.4
27.285	72.9	18.5
27.481	71.7	18.6
27.742	71.9	19.1
27.959	71.3	19.2
28.212	65.3	19.3
28.451	57.3	19.4
28.669	63.1	19.5
28.915	55.4	19.6
29.166	72.0	20.1
29.398	70.5	20.2
29.616	66.0	20.3
29.855	66.2	20.4
30.092	71.7	20.5
30.309	61.9	20.6
30.557	72.6	21.1
30.746	73.7	21.2
31.027	71.7	21.3
31.242	62.8	21.4
31.464	73.3	21.5
31.673	60.4	21.6
31.925	69.4	22.1
32.124	73.9	22.2
32.388	67.5	22.3
32.588	68.9	22.4
32.816	68.7	22.5
33.025	64.1	22.6
33.267	74.4	23.1
33.456	72.7	23.2
33.678	71.2	23.3
33.92	64.4	23.4
34.155	70.0	23.5
34.383	62.1	23.6
34.645	67.7	24.1
34.888	67.9	24.2
35.154	67.7	24.3
35.389	62.4	24.4
35.644	67.3	24.5
35.86	68.2	24.6
36.101	74.9	25.1
36.31	73.2	25.2
36.565	67.5	25.3
36.78	58.8	25.4
36.996	70.3	25.5
37.24	60.0	25.6
37.499	66.1	26.1
37.74	67.7	26.2
38	68.8	26.3
38.242	63.5	26.4
38.492	68.1	26.5
38.706	68.4	26.6
38.962	67.9	27.1
39.214	67.8	27.2
39.458	67.6	27.3
39.718	60.5	27.4
39.961	64.4	27.5
40.17	64.7	27.6
40.477	64.2	28.1
40.753	63.9	28.2
41.064	59.2	28.3
41.372	56.0	28.4
41.959	53.4	28.5
42.181	55.4	28.6
42.429	59.3	29.1
42.638	56.5	29.2
42.887	58.9	29.3
43.142	49.6	29.4
43.37	60.9	29.5
43.644	51.5	29.6
43.925	63.0	30.1
44.18	65.0	30.2
44.46	64.6	30.3
44.669	63.1	30.4
44.891	66.2	30.5
45.121	60.9	30.6
45.368	63.4	31.1
45.603	63.4	31.2
45.846	63.5	31.3
46.093	53.4	31.4
46.333	62.0	31.5
46.577	52.5	31.6
46.845	58.8	32.1
47.049	64.6	32.2
47.303	64.9	32.3
47.549	62.7	32.4
47.755	64.6	32.5
47.961	57.5	32.6
48.205	61.6	33.1
48.453	62.4	33.2
48.692	62.0	33.3
48.947	51.6	33.4
49.189	61.3	33.5
49.424	52.1	33.6
49.704	60.9	34.1
49.904	65.9	34.2
50.154	68.9	34.3
50.344	66.8	34.4
50.58	72.2	34.5
50.789	70.2	34.6
51.05	67.8	35.1
51.259	71.3	35.2
51.527	65.1	35.3
51.768	55.5	35.4
51.997	64.3	35.5
52.24	55.5	35.6
52.5	62.1	36.1
52.728	68.8	36.2
52.976	72.3	36.3
53.205	70.4	36.4
53.42	71.7	36.5
53.623	71.1	36.6
53.93	67.2	37.1
54.119	70.5	37.2
54.374	63.8	37.3
54.608	56.3	37.4
54.896	64.9	37.5
55.153	61.8	37.6
55.458	64.6	38.1
55.711	62.1	38.2
55.922	64.5	38.3
56.137	68.0	38.4
56.385	69.3	38.5
56.601	68.2	38.6
56.829	70.4	39.1
57.038	69.6	39.2
57.267	67.2	39.3
57.522	67.7	39.4
57.744	65.8	39.5
57.933	68.0	39.6
58.312	64.3	40.1
58.482	67.3	40.2
58.691	66.0	40.3
58.932	66.2	40.4
59.154	70.1	40.5
59.383	73.5	40.6
59.618	69.2	41.1
59.833	68.1	41.2
60.049	69.1	41.3
60.278	67.3	41.4
60.493	70.2	41.5
60.76	68.6	41.6
60.97	67.9	42.1
61.192	67.2	42.2
61.453	68.9	42.3
61.656	70.6	42.4
61.884	72.3	42.5
62.142	73.4	42.6
62.354	71.6	43.1
62.609	70.3	43.2
62.811	77.1	43.3
63.047	75.9	43.4
63.275	74.5	43.5
63.54	70.0	43.6
63.811	72.0	44.1
64.046	70.5	44.2
64.281	69.1	44.3
64.477	69.4	44.4
64.725	74.5	44.5
64.96	71.6	44.6
65.189	67.7	45.1
65.417	66.2	45.2
65.665	67.3	45.3
65.874	63.0	45.4
66.077	73.3	45.5
66.279	69.9	45.6
66.658	71.2	46.1
66.9	67.3	46.2
67.128	64.6	46.3
67.35	70.3	46.4
67.566	72.9	46.5
67.794	69.0	46.6
68.023	71.8	47.1
68.271	71.5	47.2
68.507	70.0	47.3
68.709	68.6	47.4
68.937	66.5	47.5
69.196	67.2	47.6
69.401	69.5	48.1
69.656	70.0	48.2
69.884	72.0	48.3
70.1	70.1	48.4
70.328	73.0	48.5
70.58	72.5	48.6
70.804	73.5	49.1
71.007	73.4	49.2
71.223	71.6	49.3
71.445	70.8	49.4
71.667	74.8	49.5
71.942	72.4	49.6
72.176	69.5	50.1
72.462	70.0	50.2
72.633	71.1	50.3
72.777	72.3	50.4
73.006	72.5	50.5
73.195	72.5	50.6
73.437	69.3	51.1
73.706	70.9	51.2
73.946	71.3	51.3
74.142	71.8	51.4
74.325	72.5	51.5
74.534	75.2	51.6
74.795	72.3	52.1
75.055	70.3	52.2
75.252	72.0	52.3
75.461	70.9	52.4
75.67	70.3	52.5
75.899	73.5	52.6
76.121	75.5	53.1
76.37	74.9	53.2
76.598	75.0	53.3
76.78	76.4	53.4
76.97	77.2	53.5
77.205	78.0	53.6
77.453	71.0	54.1
77.714	72.6	54.2
77.91	72.3	54.3
78.1	72.3	54.4
78.315	74.2	54.5
78.531	76.1	54.6
78.746	74.3	55.1
79.035	69.7	55.2
79.263	70.6	55.3
79.464	72.7	55.4
79.667	78.3	55.5
79.869	77.5	55.6
80.091	75.3	56.1
80.363	72.8	56.2
80.575	74.2	56.3
80.777	73.1	56.4
80.98	73.7	56.5
81.182	74.4	56.6
81.404	74.2	57.1
81.613	74.5	57.2
81.842	75.6	57.3
82.051	73.7	57.4
82.266	75.0	57.5
82.482	75.6	57.6
82.749	73.6	58.1
82.971	75.6	58.2
83.207	77.2	58.3
83.422	73.8	58.4
83.651	73.8	58.5
83.879	71.8	58.6
84.121	70.7	59.1
84.386	62.8	59.2
84.643	61.1	59.3
84.891	50.3	59.4
85.127	59.9	59.5
85.381	53.1	59.6
85.681	65.4	60.1
85.962	67.9	60.2
86.183	61.4	60.3
86.407	60.8	60.4
86.635	58.5	60.5
86.818	60.5	60.6
87.083	66.9	61.1
87.308	63.6	61.2
87.504	60.7	61.3
87.755	62.2	61.4
87.954	62.5	61.5
88.216	59.0	61.6
88.45	66.2	62.1
88.68	69.7	62.2
88.914	66.1	62.3
89.104	65.5	62.4
89.3	69.9	62.5
89.535	71.2	62.6
89.763	69.3	63.1
89.998	67.9	63.2
90.22	64.6	63.3
90.416	64.4	63.4
90.658	63.1	63.5
90.887	56.9	63.6
91.109	60.0	64.1
91.331	71.0	64.2
91.553	63.0	64.3
91.749	71.1	64.4
91.977	65.6	64.5
92.193	60.1	64.6
92.432	61.5	65.1
92.656	65.5	65.2
92.878	62.2	65.3
93.074	73.1	65.4
93.29	69.8	65.5
93.505	70.8	65.6
93.714	67.9	66.1
93.936	70.1	66.2
94.165	68.6	66.3
94.38	73.5	66.4
94.583	71.5	66.5
94.805	70.2	66.6
95.054	68.5	67.1
95.301	70.5	67.2
95.543	68.6	67.3
95.752	64.9	67.4
95.974	64.2	67.5
96.212	56.1	67.6
96.471	60.1	68.1
96.679	69.5	68.2
96.952	69.3	68.3
97.195	68.3	68.4
97.391	63.1	68.5
97.62	66.9	68.6
97.861	70.5	69.1
98.104	66.4	69.2
98.36	67.7	69.3
98.58	63.6	69.4
98.802	63.9	69.5
99.03	69.8	69.6
99.272	64.3	70.1
99.481	72.1	70.2
99.75	70.9	70.3
99.984	70.7	70.4
100.212	66.0	70.5
100.441	65.3	70.6
100.669	67.5	71.1
100.898	71.6	71.2
101.133	69.4	71.3
101.381	66.7	71.4
101.564	67.8	71.5
101.78	69.3	71.6
102.034	64.5	72.1
102.256	61.6	72.2
102.472	65.6	72.3
102.713	63.0	72.4
102.962	58.7	72.5
103.229	63.7	72.6
103.522	57.2	73.1
103.863	65.2	73.2
104.137	55.7	73.3
104.385	59.6	73.4
104.607	65.4	73.5
104.829	63.8	73.6
105.071	61.1	74.1
105.26	62.6	74.2
105.528	70.9	74.3
105.796	56.6	74.4
106.038	59.7	74.5
106.289	56.3	74.6
106.553	69.4	75.1
106.825	65.4	75.2
107.047	54.1	75.3
107.278	54.9	75.4
107.546	66.6	75.5
107.84	51.0	75.6
108.134	61.4	76.1
108.377	60.9	76.2
108.65	53.4	76.3
108.924	44.2	76.4
109.203	56.5	76.5
109.496	63.5	76.6
109.767	67.9	77.1
110.067	58.8	77.2
110.341	52.5	77.3
110.622	45.5	77.4
110.968	55.5	77.5
111.242	61.5	77.6
111.556	62.2	78.1
111.909	56.4	78.2
112.213	49.4	78.3
112.542	44.5	78.4
112.986	47.3	78.5
113.407	53.9	78.6
113.809	59.8	79.1
114.162	57.6	79.2
114.508	60.3	79.3
114.782	62.2	79.4
115.043	64.9	79.5
115.298	64.4	79.6
115.58	62.0	80.1
115.839	65.3	80.2
116.095	71.1	80.3
116.343	71.8	80.4
116.663	64.2	80.5
117.002	63.4	80.6
117.322	64.8	81.1
117.603	65.3	81.2
117.874	65.6	81.3
118.139	67.4	81.4
118.4	68.5	81.5
118.616	69.5	81.6
118.896	67.2	82.1
119.19	74.7	82.2
119.426	72.7	82.3
119.679	70.1	82.4
119.98	69.5	82.5
120.311	67.1	82.6
120.653	67.5	83.1
120.98	66.7	83.2
121.267	67.1	83.3
121.531	68.6	83.4
121.783	73.5	83.5
122.018	73.4	83.6
122.279	72.5	84.1
122.527	73.0	84.2
122.789	73.8	84.3
123.037	72.9	84.4
123.285	73.3	84.5
123.572	72.6	84.6
123.912	70.5	85.1
124.317	70.9	85.2
124.611	70.5	85.3
124.878	71.1	85.4
125.12	67.1	85.5
125.368	70.9	85.6
125.643	70.7	86.1
125.923	75.7	86.2
126.152	69.5	86.3
126.426	66.1	86.4
126.674	68.3	86.5
126.937	69.6	86.6
127.24	64.4	87.1
127.543	74.2	87.2
127.804	75.3	87.3
128.033	70.9	87.4
128.281	68.5	87.5
128.549	69.0	87.6
128.856	72.6	88.1
129.13	64.8	88.2
129.391	58.0	88.3
129.646	48.2	88.4
129.913	54.8	88.5
130.201	66.1	88.6
130.527	67.1	89.1
130.847	55.6	89.2
131.147	47.8	89.3
131.494	40.8	89.4
131.86	51.7	89.5
132.278	52.9	89.6
132.718	59.4	79.1
133.055	57.2	79.2
133.368	62.8	79.3
133.658	66.5	79.4
133.945	66.3	79.5
134.199	64.0	79.6
134.478	62.6	80.1
134.759	65.7	80.2
135.001	70.3	80.3
135.242	71.3	80.4
135.549	65.0	80.5
135.882	65.7	80.6
136.202	68.2	81.1
136.549	67.3	81.2
136.817	67.3	81.3
137.078	68.3	81.4
137.33	70.0	81.5
137.58	72.9	81.6
137.823	68.5	82.1
138.175	76.3	82.2
138.41	73.4	82.3
138.664	70.8	82.4
138.971	67.6	82.5
139.35	64.3	82.6
139.69	66.6	83.1
140.023	63.9	83.2
140.291	64.4	83.3
140.598	67.9	83.4
140.859	72.5	83.5
141.107	71.9	83.6
141.372	71.6	84.1
141.628	73.8	84.2
141.897	73.8	84.3
142.145	73.3	84.4
142.393	73.8	84.5
142.707	73.1	84.6
143.066	70.0	85.1
143.473	70.4	85.2
143.776	69.7	85.3
144.046	69.9	85.4
144.314	65.2	85.5
144.549	69.3	85.6
144.829	69.4	86.1
145.092	72.7	86.2
145.357	68.6	86.3
145.622	67.4	86.4
145.895	66.3	86.5
146.162	66.8	86.6
146.469	62.2	87.1
146.781	70.8	87.2
147.024	74.3	87.3
147.246	70.3	87.4
147.5	67.4	87.5
147.775	68.6	87.6
148.049	72.4	88.1
148.385	65.1	88.2
148.624	59.4	88.3
148.878	48.7	88.4
149.127	55.5	88.5
149.427	66.6	88.6
149.74	66.6	89.1
150.034	54.9	89.2
150.393	45.4	89.3
150.727	38.6	89.4
151.079	51.2	89.5
151.529	54.7	89.6
151.922	60.5	90.1
152.268	58.9	90.2
152.607	63.8	90.3
152.895	64.2	90.4
153.144	64.4	90.5
153.424	66.4	90.6
153.776	67.8	91.1
154.004	70.1	91.2
154.253	71.4	91.3
154.521	72.1	91.4
154.835	65.8	91.5
155.161	64.8	91.6
155.54	59.5	92.1
155.815	64.9	92.2
156.089	65.7	92.3
156.333	67.1	92.4
156.578	70.8	92.5
156.83	72.7	92.6
157.098	71.6	93.1
157.342	76.3	93.2
157.624	72.8	93.3
157.865	71.9	93.4
158.217	69.3	93.5
158.602	67.7	93.6
158.942	66.0	94.1
159.282	64.3	94.2
159.562	65.0	94.3
159.896	70.4	94.4
160.098	68.2	94.5
160.346	69.5	94.6
160.643	71.1	95.1
160.94	74.7	95.2
161.202	75.0	95.3
161.443	74.7	95.4
161.678	73.9	95.5
161.985	75.2	95.6
162.371	73.0	96.1
162.821	73.0	96.2
163.089	73.5	96.3
163.363	74.5	96.4
163.631	71.0	96.5
163.879	70.6	96.6
164.127	72.3	97.1
164.415	72.4	97.2
164.677	73.2	97.3
164.898	73.8	97.4
165.159	73.7	97.5
165.427	73.7	97.6
165.695	71.3	98.1
165.94	75.6	98.2
166.188	74.8	98.3
166.445	73.4	98.4
166.707	74.9	98.5
166.929	75.4	98.6
167.236	74.2	99.1
167.595	67.4	99.2
167.866	61.8	99.3
168.144	55.7	99.4
168.438	61.8	99.5
168.731	62.8	99.6
169.084	65.6	100.1
169.366	66.8	100.2
169.659	63.6	100.3
169.979	63.3	100.4
170.292	69.6	100.5
170.671	62.3	100.6
171.324	57.4	101.1
171.752	59.8	101.2
172.232	65.8	101.3
172.535	67.8	101.4
172.846	65.3	101.5
173.166	69.9	101.6
173.512	69.1	102.1
173.773	73.0	102.2
174.067	68.2	102.3
174.374	72.9	102.4
174.694	73.2	102.5
174.916	73.6	102.6
175.184	70.3	103.1
175.582	72.4	103.2
175.861	72.8	103.3
176.144	75.6	103.4
176.379	75.3	103.5
176.679	75.1	103.6
176.986	72.0	104.1
177.267	73.2	104.2
177.541	71.0	104.3
177.796	68.2	104.4
178.064	66.8	104.5
178.358	65.3	104.6
178.834	63.7	105.1
179.226	64.9	105.2
179.54	72.7	105.3
179.793	71.9	105.4
180.064	69.6	105.5
180.343	73.1	105.6
180.606	73.8	106.1
180.874	75.5	106.2
181.133	71.2	106.3
181.362	74.3	106.4
181.61	73.4	106.5
181.908	75.6	106.6
182.256	70.5	107.1
182.661	67.8	107.2
182.975	71.4	107.3
183.249	74.8	107.4
183.523	74.6	107.5
183.882	73.7	107.6
184.124	73.0	108.1
184.427	73.1	108.2
184.692	70.2	108.3
185.051	70.7	108.4
185.463	64.0	108.5
185.972	58.8	108.6
186.449	62.7	90.1
186.834	60.3	90.2
187.2	64.3	90.3
187.478	65.2	90.4
187.742	65.0	90.5
188.041	68.0	90.6
188.323	68.0	91.1
188.63	71.7	91.2
188.839	70.0	91.3
189.074	69.2	91.4
189.415	66.4	91.5
189.798	67.0	91.6
190.152	62.7	92.1
190.478	65.4	92.2
190.74	64.3	92.3
190.975	68.0	92.4
191.223	70.4	92.5
191.478	71.8	92.6
191.791	71.2	93.1
192.072	76.2	93.2
192.346	72.7	93.3
192.594	71.9	93.4
192.934	69.4	93.5
193.339	67.7	93.6
193.665	66.3	94.1
194.018	64.3	94.2
194.299	65.2	94.3
194.606	69.8	94.4
194.841	67.7	94.5
195.141	70.2	94.6
195.376	71.1	95.1
195.677	74.7	95.2
195.938	75.0	95.3
196.173	74.7	95.4
196.428	73.9	95.5
196.718	75.2	95.6
197.107	73.0	96.1
197.558	73.1	96.2
197.825	73.4	96.3
198.119	74.4	96.4
198.354	70.9	96.5
198.616	70.6	96.6
198.851	71.1	97.1
199.138	71.3	97.2
199.38	72.7	97.3
199.628	72.6	97.4
199.896	73.0	97.5
200.183	74.2	97.6
200.424	69.3	98.1
200.71	71.9	98.2
200.967	72.0	98.3
201.208	71.3	98.4
201.469	73.1	98.5
201.718	75.7	98.6
202.018	74.1	99.1
202.366	68.1	99.2
202.665	58.9	99.3
202.926	51.7	99.4
203.193	63.2	99.5
203.448	64.4	99.6
203.775	64.8	100.1
204.167	68.9	100.2
204.46	63.5	100.3
204.785	62.8	100.4
205.061	67.6	100.5
205.42	61.2	100.6
205.949	57.9	101.1
206.452	58.8	101.2
206.838	63.5	101.3
207.154	67.1	101.4
207.484	63.2	101.5
207.856	68.4	101.6
208.174	67.7	102.1
208.411	71.0	102.2
208.66	71.0	102.3
209.038	72.0	102.4
209.267	72.0	102.5
209.522	72.3	102.6
209.874	70.2	103.1
210.253	70.7	103.2
210.527	72.8	103.3
210.821	75.4	103.4
211.05	74.7	103.5
211.318	75.4	103.6
211.644	71.7	104.1
211.984	73.0	104.2
212.278	72.4	104.3
212.565	70.2	104.4
212.839	67.7	104.5
213.159	65.6	104.6
213.584	63.1	105.1
214.028	68.4	105.2
214.354	71.8	105.3
214.622	71.3	105.4
214.924	68.1	105.5
215.202	72.3	105.6
215.471	74.7	106.1
215.713	74.5	106.2
215.98	72.0	106.3
216.294	74.8	106.4
216.581	74.9	106.5
216.908	75.7	106.6
217.202	71.0	107.1
217.652	70.3	107.2
217.979	73.0	107.3
218.273	77.8	107.4
218.595	76.8	107.5
218.965	73.9	107.6
219.265	73.7	108.1
219.644	72.9	108.2
219.971	75.3	108.3
220.317	73.3	108.4
220.604	70.8	108.5
221.04	74.1	108.6
221.329	68.3	109.1
221.623	69.1	109.2
222.002	70.3	109.3
222.347	69.5	109.4
222.661	70.9	109.5
223.033	69.1	109.6
223.399	68.3	110.1
223.739	68.1	110.2
224.124	66.4	110.3
224.424	69.2	110.4
224.79	65.5	110.5
225.293	66.4	110.6
225.731	61.3	111.1
226.137	64.6	111.2
226.488	65.3	111.3
226.862	64.2	111.4
227.266	67.0	111.5
227.634	67.6	111.6
227.968	67.2	112.1
228.362	67.1	112.2
228.709	65.6	112.3
229.179	69.4	112.4
229.499	68.9	112.5
229.819	73.4	112.6
230.145	73.5	113.1
230.524	75.1	113.2
231.04	70.0	113.3
231.595	68.7	113.4
231.876	72.2	113.5
232.17	74.2	113.6
232.431	74.3	114.1
232.738	74.9	114.2
233.208	71.8	114.3
233.6	59.4	114.4
233.959	59.5	114.5
234.279	53.2	114.6
234.619	64.9	115.1
235.096	51.1	115.2
235.533	51.0	115.3
236.003	43.7	115.4
236.593	50.7	0.5
236.822	51.8	0.6
237.088	56.5	1.1
237.343	53.4	1.2
237.584	55.9	1.3
237.819	46.5	1.4
238.075	57.1	1.5
238.367	48.5	1.6
238.655	61.7	2.1
238.877	66.0	2.2
239.138	58.9	2.3
239.395	51.5	2.4
239.621	56.8	2.5
239.855	54.6	2.6
240.124	58.3	3.1
240.353	59.3	3.2
240.562	57.2	3.3
240.83	45.5	3.4
241.071	57.0	3.5
241.352	48.0	3.6
241.593	60.8	4.1
241.844	66.2	4.2
242.064	66.9	4.3
242.292	58.8	4.4
242.538	60.2	4.5
242.752	63.2	4.6
243.017	64.1	5.1
243.246	59.8	5.2
243.442	56.3	5.3
243.73	46.8	5.4
243.96	55.0	5.5
244.197	47.6	5.6
244.469	62.5	6.1
244.7	65.9	6.2
244.964	64.4	6.3
245.181	60.5	6.4
245.375	65.7	6.5
245.603	61.3	6.6
245.867	58.3	7.1
246.08	66.6	7.2
246.315	65.6	7.3
246.575	58.0	7.4
246.803	60.6	7.5
247.017	59.2	7.6
247.269	62.3	8.1
247.508	61.2	8.2
247.757	58.1	8.3
248.004	57.6	8.4
248.196	63.5	8.5
248.411	64.5	8.6
248.677	66.0	9.1
248.916	64.2	9.2
249.169	62.0	9.3
249.399	55.4	9.4
249.659	62.9	9.5
249.94	51.3	9.6
250.233	64.6	10.1
250.521	63.4	10.2
250.776	61.1	10.3
251.004	59.0	10.4
251.252	57.8	10.5
251.523	64.4	10.6
251.795	69.7	11.1
252.028	62.8	11.2
252.289	60.7	11.3
252.511	54.4	11.4
252.785	62.3	11.5
253.028	52.0	11.6
253.352	66.0	12.1
253.616	63.2	12.2
253.897	62.6	12.3
254.152	59.6	12.4
254.387	63.6	12.5
254.653	59.6	12.6
254.929	65.5	13.1
255.194	63.5	13.2
255.493	63.3	13.3
255.749	60.7	13.4
256.013	63.2	13.5
256.245	58.3	13.6
256.599	63.4	14.1
256.859	60.2	14.2
257.227	57.2	14.3
257.545	55.0	14.4
257.9	51.3	14.5
258.201	55.4	14.6
258.449	58.2	15.1
258.684	58.7	15.2
258.947	58.0	15.3
259.219	52.5	15.4
259.474	61.3	15.5
259.788	48.9	15.6
260.088	68.8	16.1
260.356	67.7	16.2
260.611	64.2	16.3
260.859	66.9	16.4
261.087	66.4	16.5
261.309	66.7	16.6
261.577	66.6	17.1
261.821	62.0	17.2
262.06	60.8	17.3
262.319	54.7	17.4
262.544	61.3	17.5
262.799	52.1	17.6
263.06	70.6	18.1
263.294	68.9	18.2
263.497	65.7	18.3
263.745	68.8	18.4
263.961	71.2	18.5
264.176	70.6	18.6
264.438	70.8	19.1
264.677	71.2	19.2
264.908	65.1	19.3
265.143	56.9	19.4
265.358	65.9	19.5
265.62	56.6	19.6
265.868	71.8	20.1
266.106	71.4	20.2
266.338	66.9	20.3
266.547	68.8	20.4
266.782	71.6	20.5
266.991	68.3	20.6
267.265	71.9	21.1
267.487	73.8	21.2
267.722	73.6	21.3
267.944	63.9	21.4
268.16	72.6	21.5
268.389	60.4	21.6
268.643	67.7	22.1
268.859	72.7	22.2
269.107	67.2	22.3
269.296	69.8	22.4
269.525	67.9	22.5
269.734	67.7	22.6
269.976	75.0	23.1
270.191	72.4	23.2
270.433	66.7	23.3
270.687	60.5	23.4
270.922	69.9	23.5
271.138	60.6	23.6
271.419	66.4	24.1
271.683	65.8	24.2
271.928	66.7	24.3
272.196	62.6	24.4
272.451	66.3	24.5
272.666	66.5	24.6
272.914	74.5	25.1
273.13	72.5	25.2
273.378	67.0	25.3
273.615	60.2	25.4
273.86	65.9	25.5
274.085	58.5	25.6
274.351	65.8	26.1
274.595	65.4	26.2
274.854	66.6	26.3
275.108	61.8	26.4
275.331	66.9	26.5
275.579	61.5	26.6
275.855	66.2	27.1
276.079	66.2	27.2
276.355	65.0	27.3
276.59	58.5	27.4
276.859	64.1	27.5
277.076	65.1	27.6
277.362	65.4	28.1
277.649	61.0	28.2
277.976	60.9	28.3
278.36	56.0	28.4
278.727	60.9	28.5
278.962	61.5	28.6
279.21	64.9	29.1
279.438	63.1	29.2
279.693	59.3	29.3
279.944	50.5	29.4
280.196	59.6	29.5
280.454	52.2	29.6
280.731	62.2	30.1
280.999	63.4	30.2
281.241	62.2	30.3
281.463	58.3	30.4
281.698	60.7	30.5
281.949	54.3	30.6
282.201	64.0	31.1
282.444	63.9	31.2
282.684	63.2	31.3
282.94	51.3	31.4
283.18	64.8	31.5
283.393	54.0	31.6
283.651	59.4	32.1
283.912	66.0	32.2
284.152	64.2	32.3
284.364	62.2	32.4
284.591	66.3	32.5
284.807	58.0	32.6
285.061	62.2	33.1
285.292	62.6	33.2
285.538	62.8	33.3
285.782	51.6	33.4
286.041	61.4	33.5
286.278	55.2	33.6
286.472	59.7	34.1
286.729	66.3	34.2
286.958	71.2	34.3
287.144	68.1	34.4
287.393	72.1	34.5
287.602	70.2	34.6
287.87	67.1	35.1
288.098	70.1	35.2
288.346	67.6	35.3
288.577	56.9	35.4
288.842	64.9	35.5
289.074	56.0	35.6
289.313	64.4	36.1
289.58	69.1	36.2
289.809	70.8	36.3
290.031	69.2	36.4
290.24	73.1	36.5
290.462	71.0	36.6
290.691	67.5	37.1
290.919	70.7	37.2
291.18	64.8	37.3
291.423	56.0	37.4
291.687	63.2	37.5
291.939	61.2	37.6
292.245	63.4	38.1
292.533	61.5	38.2
292.774	64.7	38.3
292.97	67.3	38.4
293.198	69.9	38.5
293.44	70.0	38.6
293.682	70.7	39.1
293.923	69.5	39.2
294.162	65.4	39.3
294.4	67.7	39.4
294.609	66.2	39.5
294.844	70.2	39.6
295.223	63.3	40.1
295.464	66.9	40.2
295.694	65.8	40.3
295.922	65.7	40.4
296.137	69.9	40.5
296.394	71.9	40.6
296.614	69.9	41.1
296.848	68.6	41.2
297.032	68.0	41.3
297.234	69.8	41.4
297.469	71.8	41.5
297.724	72.1	41.6
297.972	66.1	42.1
298.227	67.0	42.2
298.442	69.2	42.3
298.645	71.8	42.4
298.867	71.8	42.5
299.109	69.5	42.6
299.331	68.6	43.1
299.553	71.6	43.2
299.775	76.8	43.3
300.016	78.6	43.4
300.232	76.2	43.5
300.489	71.9	43.6
300.76	72.1	44.1
301.002	71.1	44.2
301.238	70.8	44.3
301.46	72.4	44.4
301.688	75.4	44.5
301.904	73.2	44.6
302.132	69.6	45.1
302.374	67.8	45.2
302.583	69.4	45.3
302.805	64.3	45.4
303.007	70.8	45.5
303.242	67.8	45.6
303.602	70.2	46.1
303.843	67.1	46.2
304.085	64.6	46.3
304.313	69.2	46.4
304.542	72.2	46.5
304.771	68.4	46.6
305.006	71.2	47.1
305.254	70.6	47.2
305.482	68.8	47.3
305.703	69.2	47.4
305.935	66.2	47.5
306.14	66.7	47.6
306.438	69.7	48.1
306.698	69.2	48.2
306.913	68.5	48.3
307.096	68.5	48.4
307.331	73.4	48.5
307.557	72.5	48.6
307.773	75.0	49.1
308.011	73.4	49.2
308.233	73.5	49.3
308.441	74.1	49.4
308.65	74.8	49.5
308.904	72.5	49.6
309.146	71.3	50.1
309.368	71.0	50.2
309.577	72.4	50.3
309.773	72.3	50.4
309.989	72.4	50.5
310.217	68.4	50.6
310.472	69.9	51.1
310.716	73.0	51.2
310.988	72.0	51.3
311.197	73.2	51.4
311.393	74.6	51.5
311.634	75.3	51.6
311.863	71.5	52.1
312.124	68.9	52.2
312.333	70.4	52.3
312.516	72.6	52.4
312.712	72.2	52.5
312.947	76.3	52.6
313.162	74.6	53.1
313.404	76.7	53.2
313.646	77.4	53.3
313.855	77.3	53.4
314.044	77.4	53.5
314.266	77.5	53.6
314.527	73.2	54.1
314.776	72.8	54.2
314.991	74.9	54.3
315.187	73.3	54.4
315.389	75.2	54.5
315.585	74.4	54.6
315.873	70.3	55.1
316.122	71.3	55.2
316.336	72.8	55.3
316.552	73.4	55.4
316.735	78.0	55.5
316.944	79.4	55.6
317.179	74.3	56.1
317.453	71.7	56.2
317.675	74.3	56.3
317.878	74.6	56.4
318.073	75.2	56.5
318.282	76.3	56.6
318.511	76.3	57.1
318.727	74.2	57.2
318.942	76.2	57.3
319.151	75.3	57.4
319.353	75.4	57.5
319.569	75.5	57.6
319.791	74.2	58.1
320.046	73.9	58.2
320.287	76.5	58.3
320.516	72.8	58.4
320.758	74.4	58.5
320.973	72.7	58.6
321.254	67.4	59.1
321.53	62.0	59.2
321.783	63.7	59.3
322.044	52.2	59.4
322.305	59.5	59.5
322.59	51.9	59.6
322.926	67.4	60.1
323.193	67.4	60.2
323.435	64.2	60.3
323.638	61.9	60.4
323.879	63.6	60.5
324.082	63.4	60.6
324.323	66.4	61.1
324.558	63.3	61.2
324.774	59.4	61.3
325.029	59.6	61.4
325.238	62.8	61.5
325.468	58.5	61.6
325.708	66.1	62.1
325.92	66.9	62.2
326.18	61.1	62.3
326.387	62.1	62.4
326.602	64.2	62.5
326.818	66.4	62.6
327.033	68.7	63.1
327.275	65.2	63.2
327.471	60.8	63.3
327.719	61.5	63.4
327.948	59.0	63.5
328.163	54.6	63.6
328.346	63.2	64.1
328.588	66.4	64.2
328.81	63.0	64.3
329.006	70.0	64.4
329.228	63.8	64.5
329.417	63.9	64.6
329.665	62.4	65.1
329.89	66.9	65.2
330.117	66.0	65.3
330.318	72.5	65.4
330.527	70.4	65.5
330.749	71.1	65.6
330.991	67.3	66.1
331.207	69.7	66.2
331.444	70.5	66.3
331.644	76.0	66.4
331.86	72.4	66.5
332.075	71.8	66.6
332.323	71.3	67.1
332.539	71.5	67.2
332.78	70.3	67.3
333.016	65.8	67.4
333.224	67.3	67.5
333.46	59.1	67.6
333.732	62.3	68.1
333.936	69.8	68.2
334.217	70.6	68.3
334.478	73.2	68.4
334.694	65.0	68.5
334.87	69.9	68.6
335.125	70.5	69.1
335.372	69.1	69.2
335.619	70.9	69.3
335.842	64.0	69.4
336.072	67.2	69.5
336.3	69.2	69.6
336.522	65.0	70.1
336.758	72.8	70.2
337.045	73.0	70.3
337.339	70.4	70.4
337.574	67.2	70.5
337.816	62.4	70.6
338.07	71.4	71.1
338.305	69.5	71.2
338.53	67.4	71.3
338.778	65.6	71.4
338.991	66.3	71.5
339.239	66.9	71.6
339.461	63.5	72.1
339.716	59.5	72.2
339.951	62.6	72.3
340.206	61.2	72.4
340.454	58.7	72.5
340.728	58.8	72.6
341.048	52.8	73.1
341.388	59.5	73.2
341.708	56.1	73.3
342.015	57.3	73.4
342.269	65.0	73.5
342.518	60.3	73.6
342.74	58.0	74.1
342.949	60.7	74.2
343.229	69.8	74.3
343.502	55.0	74.4
343.77	55.8	74.5
344.061	55.3	74.6
344.313	68.7	75.1
344.673	58.9	75.2
344.861	53.2	75.3
345.078	51.7	75.4
345.365	63.3	75.5
345.731	47.7	75.6
346.096	57.3	76.1
346.456	44.1	76.2
346.802	40.9	76.3
347.18	42.1	76.4
