###data-type:		Global Beat Dynamics (0.2x2 smoothing; 100 ms delay)
###extraction-date:	Tue Feb 10 09:58:35 PST 2015
0.836	80.6	1.1
2.18	69.2	1.2
3.094	73.5	2.1
4.171	67.1	2.2
5.039	69.9	3.1
6.033	69.3	3.2
7.061	66.7	4.1
7.999	71.4	4.2
8.89	76.1	5.1
9.894	73.1	5.2
10.8	71.6	6.1
11.709	70.2	6.2
12.603	70.5	7.1
13.486	74.8	7.2
14.449	67.7	8.1
15.345	72.1	8.2
16.21	78.7	9.1
17.192	76.4	9.2
18.036	74.7	10.1
18.959	76.4	10.2
19.837	74.0	11.1
20.743	74.9	11.2
21.657	75.4	12.1
22.531	74.8	12.2
23.412	75.5	13.1
24.358	74.6	13.2
25.306	74.9	14.1
26.163	75.8	14.2
27.069	72.9	15.1
27.927	73.9	15.2
28.816	77.4	16.1
29.78	79.1	16.2
30.678	78.2	17.1
31.573	78.1	17.2
32.433	76.3	18.1
33.367	75.4	18.2
34.266	75.8	19.1
35.151	76.5	19.2
36.065	74.6	20.1
37.1	70.7	20.2
37.999	68.8	21.1
38.947	72.7	21.2
39.869	76.8	22.1
40.816	72.5	22.2
41.767	75.6	23.1
42.701	74.4	23.2
43.633	76.0	24.1
44.571	78.0	24.2
45.494	76.5	25.1
46.58	81.2	25.2
47.878	74.5	26.1
48.963	79.7	26.2
50.016	74.2	27.1
51.004	80.8	27.2
51.967	77.1	28.1
52.912	78.1	28.2
53.812	76.0	29.1
54.767	74.2	29.2
55.678	69.3	30.1
56.654	77.9	30.2
57.592	85.1	31.1
58.661	78.3	31.2
59.543	83.1	32.1
60.457	77.2	32.2
61.339	81.1	33.1
62.253	81.7	33.2
63.136	79.1	34.1
64.029	78.1	34.2
65.135	82.4	35.1
66.171	77.0	35.2
67.059	80.4	36.1
68.016	75.5	36.2
68.876	80.0	37.1
69.788	79.6	37.2
70.92	68.2	38.1
71.853	71.2	38.2
72.776	77.3	39.1
73.698	78.2	39.2
74.571	80.3	40.1
75.518	75.5	40.2
76.457	76.9	41.1
77.386	75.9	41.2
78.286	77.8	42.1
79.265	76.2	42.2
80.217	71.7	43.1
81.113	67.9	43.2
82.079	60.2	44.1
82.953	66.0	44.2
83.886	63.5	45.1
84.727	67.6	45.2
85.608	65.3	46.1
86.529	71.4	46.2
87.388	66.7	47.1
88.253	71.8	47.2
89.167	68.1	48.1
90.016	67.9	48.2
90.922	69.7	49.1
91.812	67.7	49.2
92.718	70.6	50.1
93.616	64.5	50.2
94.8	72.6	51.1
96	67.6	51.2
97.084	67.2	52.1
98.223	62.7	52.2
99.543	61.4	53.1
100.867	68.1	53.2
102.008	70.5	54.1
103.172	70.3	54.2
104.229	74.4	55.1
105.674	76.8	55.2
106.757	71.1	56.1
108.049	67.3	56.2
109.147	71.6	57.1
110.347	70.0	57.2
111.404	70.4	58.1
112.566	67.5	58.2
114.082	62.4	59.1
115.363	65.1	59.2
116.489	69.7	60.1
117.535	70.8	60.2
118.629	72.1	61.1
119.861	65.5	61.2
120.93	63.9	62.1
121.992	67.9	62.2
123.058	67.2	63.1
124.314	68.3	63.2
125.241	69.0	64.1
126.286	66.9	64.2
127.322	72.6	65.1
128.547	67.3	65.2
129.662	71.1	66.1
130.776	69.9	66.2
131.943	68.9	67.1
133.143	63.8	67.2
134.302	69.7	68.1
135.467	70.5	68.2
136.686	71.5	69.1
138.261	60.5	69.2
139.664	64.7	70.1
140.759	69.2	70.2
141.772	74.5	71.1
142.87	67.0	71.2
144.237	65.6	72.1
145.322	68.2	72.2
146.302	66.2	73.1
147.396	70.0	73.2
148.424	73.7	74.1
149.453	76.1	74.2
150.727	64.7	75.1
152.245	60.0	75.2
154.278	64.6	76.1
155.144	64.3	76.2
156	71.2	77.1
156.848	65.5	77.2
157.649	75.6	78.1
158.473	69.6	78.2
159.29	72.9	79.1
160.114	69.8	79.2
160.914	77.6	80.1
161.78	67.3	80.2
162.551	72.7	81.1
163.405	66.3	81.2
164.204	72.0	82.1
165.061	68.6	82.2
165.886	71.7	83.1
166.654	70.7	83.2
167.433	72.6	84.1
168.261	72.6	84.2
169.044	73.3	85.1
169.837	77.3	85.2
170.647	82.0	86.1
171.458	79.9	86.2
172.286	75.8	87.1
173.102	74.6	87.2
173.927	74.5	88.1
174.723	81.1	88.2
175.527	76.4	89.1
176.351	83.6	89.2
177.143	82.8	90.1
177.988	86.6	90.2
178.89	81.4	91.1
179.996	80.2	91.2
180.825	75.3	92.1
181.69	76.7	92.2
182.521	75.3	93.1
183.388	78.3	93.2
184.229	78.9	94.1
185.053	78.3	94.2
186.09	77.5	95.1
187.502	63.5	95.2
188.612	67.5	96.1
189.673	67.0	96.2
190.792	67.3	97.1
192.016	60.6	97.2
193.045	68.5	98.1
194.024	74.2	98.2
195.004	80.9	99.1
196.106	78.1	99.2
196.992	76.6	100.1
197.846	76.5	100.2
198.786	81.1	101.1
199.795	77.3	101.2
200.766	75.2	102.1
201.641	79.9	102.2
202.566	75.2	103.1
203.51	77.7	103.2
204.405	78.2	104.1
205.305	80.1	104.2
206.391	75.8	105.1
207.626	67.6	105.2
208.71	64.5	106.1
209.839	64.7	106.2
210.901	67.8	107.1
212.057	61.8	107.2
213.165	65.9	108.1
214.281	59.8	108.2
215.42	61.4	109.1
216.491	54.3	109.2
217.699	62.3	110.1
218.897	52.3	110.2
220.457	57.4	111.1
221.756	65.2	111.2
222.888	67.3	112.1
223.967	68.5	112.2
225.02	74.7	113.1
226.049	74.2	113.2
227.045	78.8	114.1
228.013	79.6	114.2
229.135	79.1	115.1
230.114	73.3	115.2
231.045	76.3	116.1
231.956	73.3	116.2
232.849	76.8	117.1
233.771	75.7	117.2
234.629	76.0	118.1
235.527	76.3	118.2
236.433	79.1	119.1
237.412	77.5	119.2
238.31	77.9	120.1
239.216	75.3	120.2
240.118	77.3	121.1
241.012	73.8	121.2
241.917	75.7	122.1
242.816	74.9	122.2
243.765	71.3	123.1
245	64.1	123.2
246.004	71.5	124.1
247.086	69.2	124.2
248.065	68.9	125.1
249.363	68.8	125.2
250.4	70.3	126.1
251.527	67.1	126.2
252.596	72.3	127.1
253.943	64.3	127.2
255.192	70.5	128.1
256.465	70.5	128.2
257.754	68.8	129.1
259.048	67.6	129.2
260.168	72.4	130.1
261.308	76.0	130.2
262.561	74.6	131.1
264.18	60.0	131.2
265.641	61.7	132.1
266.801	62.5	132.2
267.705	63.7	133.1
268.678	66.4	133.2
269.566	66.2	134.1
270.545	66.0	134.2
271.451	63.4	135.1
272.358	65.2	135.2
273.212	70.8	136.1
274.199	69.7	136.2
275.071	69.0	137.1
276.007	70.8	137.2
276.884	70.8	138.1
277.82	69.2	138.2
278.743	69.3	139.1
279.641	70.4	139.2
280.547	72.0	140.1
281.486	71.0	140.2
282.449	71.2	141.1
283.347	71.9	141.2
284.245	71.0	142.1
285.164	69.2	142.2
286.073	76.4	143.1
287.053	78.7	143.2
287.968	77.2	144.1
288.882	77.4	144.2
289.808	76.1	145.1
290.702	75.7	145.2
291.604	76.5	146.1
292.482	76.1	146.2
293.403	74.3	147.1
294.408	69.7	147.2
295.305	68.3	148.1
296.269	72.4	148.2
297.157	70.6	149.1
298.186	72.5	149.2
299.154	79.3	150.1
300.073	74.4	150.2
301.035	77.9	151.1
301.987	77.6	151.2
302.963	77.0	152.1
304.016	81.4	152.2
305.366	70.2	153.1
306.408	79.6	153.2
307.469	73.0	154.1
308.482	78.5	154.2
309.429	75.0	155.1
310.399	77.2	155.2
311.306	74.7	156.1
312.286	74.1	156.2
313.257	71.7	157.1
314.229	77.0	157.2
315.191	83.2	158.1
316.196	79.3	158.2
317.102	81.8	159.1
318.015	75.7	159.2
318.898	79.9	160.1
319.797	81.2	160.2
320.718	78.7	161.1
321.608	77.5	161.2
322.734	81.3	162.1
323.776	75.7	162.2
324.678	80.3	163.1
325.559	76.5	163.2
326.498	79.9	164.1
327.404	80.4	164.2
328.557	65.7	165.1
329.496	74.4	165.2
330.4	76.5	166.1
331.38	77.7	166.2
332.266	78.7	167.1
333.235	73.0	167.2
334.17	73.4	168.1
335.11	79.5	168.2
336.024	74.1	169.1
337.055	75.4	169.2
338.064	68.5	170.1
339.012	70.5	170.2
340.039	68.1	171.1
340.991	67.8	171.2
342	72.3	172.1
342.988	63.4	172.2
343.967	68.1	173.1
345.004	64.9	173.2
346.134	64.0	174.1
347.318	61.5	174.2
348.914	66.0	175.1
349.722	67.5	175.2
350.498	70.6	176.1
351.241	72.8	176.2
352.02	75.0	177.1
352.811	72.5	177.2
353.611	72.9	178.1
354.457	73.9	178.2
355.294	69.9	179.1
356.082	72.4	179.2
356.877	72.8	180.1
357.656	74.7	180.2
358.424	76.4	181.1
359.228	76.7	181.2
360.042	75.2	182.1
360.922	73.5	182.2
361.818	68.0	183.1
362.661	73.2	183.2
363.502	73.2	184.1
364.367	73.7	184.2
365.347	70.6	185.1
366.207	68.6	185.2
367.044	72.5	186.1
367.861	77.9	186.2
368.702	77.6	187.1
369.535	75.9	187.2
370.449	73.2	188.1
371.28	75.5	188.2
372.424	77.0	189.1
373.216	78.7	189.2
373.984	79.6	190.1
374.753	76.0	190.2
375.496	79.4	191.1
376.245	76.2	191.2
376.98	76.7	192.1
377.714	76.7	192.2
378.471	78.4	193.1
379.273	76.3	193.2
380.049	78.6	194.1
380.808	78.9	194.2
381.608	76.8	195.1
382.438	76.1	195.2
383.228	75.5	196.1
383.967	77.0	196.2
384.72	77.6	197.1
385.698	82.7	197.2
386.922	83.8	198.1
