1.935000000	1.155	1
3.090000000	1.27	2
4.360000000	1.25	3
5.610000000	1.125	4
6.735000000	1.2	5
7.935000000	1.2975	6
9.232500000	1.425	7
10.657500000	1.215	8
11.872500000	1.185	9
13.057500000	1.1625	10
14.220000000	1.18428	11
15.404281250	1.38072	12
16.785000000	1.21831	13
18.003312500	1.37669	14
19.380000000	1.29	15
20.670000000	1.2825	16
21.952500000	1.11	17
23.062500000	1.29	18
24.352500000	1.245	19
25.597500000	1.25525	20
26.852750000	1.09975	21
27.952500000	1.305	22
29.257500000	1.215	23
30.472500000	1.20619	24
31.678687500	1.15014	25
32.828822917	1.14618	26
33.975000000	1.11	27
35.085000000	1.1625	28
36.247500000	1.08573	29
37.333229167	1.18677	30
38.520000000	1.1625	31
39.682500000	1.8975	32
41.580000000	8.4225	33
50.002500000	1.09507	34
51.097572917	0.83576	35
51.933333333	0.356667	36
52.290000000	0.558	37
52.848000000	0.537	38
53.385000000	0.599	39
53.984000000	0.490375	40
54.474375000	0.312292	41
54.786666667	0.106667	42
54.893333333	0.0988438	43
54.992177083	0.287823	44
55.280000000	0.2575	45
55.537500000	0.809167	46
56.346666667	0.233333	47
56.580000000	1.09819	48
57.678187500	1.34848	49
59.026666667	0.237146	50
59.263812500	0.202854	51
59.466666667	0.248333	52
59.715000000	0.4575	53
60.172500000	0.2675	54
60.440000000	0.25	55
60.690000000	0.9675	56
61.657500000	1.005	57
62.662500000	0.244167	58
62.906666667	0.273333	59
63.180000000	0.18	60
63.360000000	0.244458	61
63.604458333	0.463542	62
64.068000000	0.24	63
64.308000000	0.267	64
64.575000000	0.901375	65
65.476375000	0.5135	66
65.989875000	0.512625	67
66.502500000	0.230833	68
66.733333333	0.309167	69
67.042500000	0.224167	70
67.266666667	0.210833	71
67.477500000	0.229167	72
67.706666667	0.220833	73
67.927500000	0.4575	74
68.385000000	0.228333	75
68.613333333	0.214167	76
68.827500000	0.1725	77
69.000000000	0.2175	78
69.217500000	0.2085	79
69.426000000	0.219	80
69.645000000	0.225	81
69.870000000	0.27	82
70.140000000	0.26	83
70.400000000	0.22	84
70.620000000	0.198	85
70.818000000	0.197708	86
71.015708333	0.210292	87
71.226000000	0.2265	88
71.452500000	0.2355	89
71.688000000	0.3045	90
71.992500000	1.095	91
73.087500000	2.31122	92
75.398718750	0.666281	93
76.065000000	0.72	94
76.785000000	0.207	95
76.992000000	0.288	96
77.280000000	0.1725	97
77.452500000	0.1715	98
77.624000000	0.184	99
77.808000000	0.192	100
78.000000000	0.16	101
78.160000000	0.152	102
78.312000000	0.183	103
78.495000000	0.213	104
78.708000000	0.177333	105
78.885333333	0.187167	106
79.072500000	0.204833	107
79.277333333	0.158667	108
79.436000000	0.216333	109
79.652333333	0.175667	110
79.828000000	0.177333	111
80.005333333	0.177167	112
80.182500000	0.168167	113
80.350666667	0.168	114
80.518666667	0.211333	115
80.730000000	0.19	116
80.920000000	0.149333	117
81.069333333	0.215667	118
81.285000000	0.187	119
81.472000000	0.144	120
81.616000000	0.194	121
81.810000000	0.166	122
81.976000000	0.152	123
82.128000000	0.189708	124
82.317708333	0.162292	125
82.480000000	0.152	126
82.632000000	0.217385	127
82.849385417	0.142615	128
82.992000000	0.204	129
83.196000000	0.264	130
83.460000000	0.164	131
83.624000000	0.216	132
83.840000000	0.1675	133
84.007500000	0.2005	134
84.208000000	0.176	135
84.384000000	0.1935	136
84.577500000	0.1825	137
84.760000000	0.168	138
84.928000000	0.227	139
85.155000000	0.181	140
85.336000000	0.176	141
85.512000000	0.2205	142
85.732500000	0.1795	143
85.912000000	0.2	144
86.112000000	0.213	145
86.325000000	0.179	146
86.504000000	0.16	147
86.664000000	0.231	148
86.895000000	0.161	149
87.056000000	0.152	150
87.208000000	0.197	151
87.405000000	0.179	152
87.584000000	0.2	153
87.784000000	0.206	154
87.990000000	0.162	155
88.152000000	0.2	156
88.352000000	0.178	157
88.530000000	0.182	158
88.712000000	0.176	159
88.888000000	0.197	160
89.085000000	0.155	161
89.240000000	0.2	162
89.440000000	0.215	163
89.655000000	0.201	164
89.856000000	0.176	165
90.032000000	0.2905	166
90.322500000	0.1815	167
90.504000000	0.232	168
90.736000000	0.179	169
90.915000000	0.181	170
91.096000000	0.168	171
91.264000000	0.236	172
91.500000000	0.164	173
91.664000000	0.152	174
91.816000000	0.226417	175
92.042416667	0.165583	176
92.208000000	0.16	177
92.368000000	0.4295	178
92.797500000	0.1705	179
92.968000000	0.184	180
93.152000000	0.208	181
93.360000000	0.184	182
93.544000000	0.216	183
93.760000000	0.2225	184
93.982500000	0.1375	185
94.120000000	0.168	186
94.288000000	0.259875	187
94.547875000	0.172125	188
94.720000000	0.224	189
94.944000000	0.351	190
95.295000000	0.241	191
95.536000000	0.168	192
95.704000000	0.176	193
95.880000000	0.184	194
96.064000000	0.16	195
96.224000000	0.166	196
96.390000000	0.194	197
96.584000000	0.144	198
96.728000000	0.220427	199
96.948427083	0.203573	200
97.152000000	0.136	201
97.288000000	0.212	202
97.500000000	0.172	203
97.672000000	0.168	204
97.840000000	0.1925	205
98.032500000	0.1835	206
98.216000000	0.184	207
98.400000000	0.1875	208
98.587500000	0.1725	209
98.760000000	0.176	210
98.936000000	0.199	211
99.135000000	0.161	212
99.296000000	0.16	213
99.456000000	0.1515	214
99.607500000	0.1765	215
99.784000000	0.216	216
100.000000000	0.17	217
100.170000000	0.15	218
100.320000000	0.2	219
100.520000000	0.1825	220
100.702500000	0.1855	221
100.888000000	0.152	222
101.040000000	0.1575	223
101.197500000	0.1785	224
101.376000000	0.128	225
101.504000000	0.286	226
101.790000000	0.154	227
101.944000000	0.208	228
102.152000000	0.193	229
102.345000000	0.143	230
102.488000000	0.176	231
102.664000000	0.1985	232
102.862500000	0.1615	233
103.024000000	0.152	234
103.176000000	0.1965	235
103.372500000	0.1715	236
103.544000000	0.168	237
103.712000000	0.223	238
103.935000000	0.177	239
104.112000000	0.184	240
104.296000000	0.209	241
104.505000000	0.151	242
104.656000000	0.176	243
104.832000000	0.153	244
104.985000000	0.143	245
105.128000000	0.168	246
105.296000000	0.214	247
105.510000000	0.162	248
105.672000000	0.176	249
105.848000000	0.210177	250
106.058177083	0.157823	251
106.216000000	0.184	252
106.400000000	0.205	253
106.605000000	0.163	254
106.768000000	0.128	255
106.896000000	0.1965	256
107.092500000	0.1635	257
107.256000000	0.136	258
107.392000000	0.188	259
107.580000000	0.172	260
107.752000000	0.144	261
107.896000000	0.2315	262
108.127500000	0.1685	263
108.296000000	0.144	264
108.440000000	0.25	265
108.690000000	0.166	266
108.856000000	0.136	267
108.992000000	0.193	268
109.185000000	0.135	269
109.320000000	0.144	270
109.464000000	0.201	271
109.665000000	0.159	272
109.824000000	0.184	273
110.008000000	0.2195	274
110.227500000	0.1565	275
110.384000000	0.16	276
110.544000000	0.171	277
110.715000000	0.149	278
110.864000000	0.16	279
111.024000000	0.1935	280
111.217500000	0.1505	281
111.368000000	0.168	282
111.536000000	0.2065	283
111.742500000	0.1855	284
111.928000000	0.16	285
112.088000000	0.457	286
112.545000000	0.247	287
112.792000000	0.176	288
112.968000000	0.1845	289
113.152500000	0.1675	290
113.320000000	0.168	291
113.488000000	0.197	292
113.685000000	0.139	293
113.824000000	0.16	294
113.984000000	0.166	295
114.150000000	0.17	296
114.320000000	0.136	297
114.456000000	0.1665	298
114.622500000	0.1535	299
114.776000000	0.208	300
114.984000000	0.1635	301
115.147500000	0.1645	302
115.312000000	0.152	303
115.464000000	0.1635	304
115.627500000	0.1485	305
115.776000000	0.152	306
115.928000000	0.172	307
116.100000000	0.14	308
116.240000000	0.16	309
116.400000000	0.21	310
116.610000000	0.158	311
116.768000000	0.144	312
116.912000000	0.223	313
117.135000000	0.145	314
117.280000000	0.2	315
117.480000000	0.135	316
117.615000000	0.185	317
117.800000000	0.152	318
117.952000000	0.1505	319
118.102500000	0.1375	320
118.240000000	0.144	321
118.384000000	0.176	322
118.560000000	0.16	323
118.720000000	0.128	324
118.848000000	0.2145	325
119.062500000	0.1615	326
119.224000000	0.144	327
119.368000000	0.1745	328
119.542500000	0.1535	329
119.696000000	0.16	330
119.856000000	0.159	331
120.015000000	0.137	332
120.152000000	0.16	333
120.312000000	0.2355	334
120.547500000	0.2085	335
120.756000000	0.369	336
121.125000000	0.219	337
121.344000000	0.261	338
121.605000000	0.945	339
122.550000000	0.25	340
122.800000000	0.2675	341
123.067500000	0.2365	342
123.304000000	0.2735	343
123.577500000	0.2225	344
123.800000000	0.2315	345
124.031500000	0.2405	346
124.272000000	0.243	347
124.515000000	0.245	348
124.760000000	0.2275	349
124.987500000	0.2125	350
125.200000000	0.245	351
125.445000000	0.251	352
125.696000000	0.2515	353
125.947500000	0.2445	354
126.192000000	0.288	355
126.480000000	0.473594	356
126.953593750	0.493906	357
127.447500000	0.5325	358
127.980000000	0.932	359
128.912000000	0.313333	360
129.225333333	0.766667	361
129.992000000	0.298	362
130.290000000	0.214	363
130.504000000	0.266	364
130.770000000	0.694	365
131.464000000	0.235062	366
131.699062500	0.188938	367
131.888000000	0.252323	368
132.140322917	0.251677	369
132.392000000	0.221375	370
132.613375000	0.210625	371
132.824000000	0.3385	372
133.162500000	0.7255	373
133.888000000	0.2345	374
134.122500000	0.7815	375
134.904000000	0.254948	376
135.158947917	0.723052	377
135.882000000	0.280583	378
136.162583333	0.584917	379
136.747500000	0.3005	380
137.048000000	0.2995	381
137.347500000	0.2325	382
137.580000000	0.268927	383
137.848927083	0.474781	384
138.323708333	0.264292	385
138.588000000	0.222	386
138.810000000	0.264	387
139.074000000	0.2835	388
139.357500000	0.2145	389
139.572000000	0.303	390
139.875000000	0.261	391
140.136000000	0.272594	392
140.408593750	0.261406	393
140.670000000	0.2325	394
140.902500000	0.2575	395
141.160000000	0.232	396
141.392000000	0.224	397
141.616000000	0.254	398
141.870000000	0.226	399
142.096000000	0.256	400
142.352000000	0.208	401
142.560000000	0.27	402
142.830000000	0.202	403
143.032000000	0.30775	404
143.339750000	0.20425	405
143.544000000	0.291	406
143.835000000	0.261	407
144.096000000	0.3615	408
144.457500000	0.72	409
145.177500000	1.1185	410
146.296000000	0.3965	411
146.692500000	1.0595	412
147.752000000	0.253	413
148.005000000	0.251	414
148.256000000	0.2815	415
148.537500000	0.2705	416
148.808000000	0.367	417
149.175000000	0.921	418
150.096000000	0.30251	419
150.398510417	0.26549	420
150.664000000	0.266	421
150.930000000	0.23	422
151.160000000	0.325	423
151.485000000	0.251	424
151.736000000	0.239698	425
151.975697917	0.224302	426
152.200000000	0.283385	427
152.483385417	0.268615	428
152.752000000	0.247521	429
152.999520833	0.264479	430
153.264000000	0.231	431
153.495000000	0.241	432
153.736000000	0.257865	433
153.993864583	0.238135	434
154.232000000	0.391	435
154.623000000	0.289	436
154.912000000	0.3155	437
155.227500000	0.2205	438
155.448000000	0.3345	439
155.782500000	0.8575	440
156.640000000	0.38	441
157.020000000	0.844	442
157.864000000	0.371	443
158.235000000	0.989	444
159.224000000	0.395125	445
159.619125000	0.852875	446
160.472000000	0.322865	447
160.794864583	0.552635	448
161.347500000	0.2525	449
161.600000000	0.3325	450
161.932500000	0.9795	451
162.912000000	0.308052	452
163.220052083	0.355948	453
163.576000000	0.2915	454
163.867500000	0.2765	455
164.144000000	0.316	456
164.460000000	0.892	457
165.352000000	0.307531	458
165.659531250	0.828469	459
166.488000000	0.342	460
166.830000000	0.786	461
167.616000000	0.429	462
168.045000000	0.907	463
168.952000000	0.338	464
169.290000000	0.8775	465
170.167500000	1.6875	466
171.855000000	0.6975	467
172.552500000	0.851177	468
173.403677083	1.60132	469
175.005000000	0.72	470
175.725000000	0.7725	471
176.497500000	0.72	472
177.217500000	0.6975	473
177.915000000	0.7725	474
178.687500000	0.69	475
179.377500000	0.6225	476
180.000000000	0.645	477
180.645000000	0.6525	478
181.297500000	0.675	479
181.972500000	0.3155	480
182.288000000	0.3445	481
182.632500000	0.675	482
183.307500000	0.66	483
183.967500000	0.625854	484
184.593354167	0.318646	485
184.912000000	0.3755	486
185.287500000	0.6225	487
185.910000000	0.7575	488
186.667500000	0.765	489
187.432500000	0.663896	490
188.096395833	0.663604	491
188.760000000	0.84	492
189.600000000	0.66	493
190.260000000	0.69	494
190.950000000	0.615	495
191.565000000	0.6375	496
192.202500000	0.645	497
192.847500000	0.645	498
193.492500000	0.675	499
194.167500000	0.76551	500
194.933010417	0.69076	501
195.623770833	0.344229	502
195.968000000	0.323885	503
196.291885417	0.725615	504
197.017500000	0.619167	505
197.636666667	0.625833	506
198.262500000	0.6675	507
198.930000000	0.6	508
199.530000000	0.6375	509
200.167500000	0.66	510
200.827500000	0.645	511
201.472500000	0.6675	512
202.140000000	0.7125	513
202.852500000	0.615	514
203.467500000	0.7275	515
204.195000000	0.69	516
204.885000000	0.8775	517
205.762500000	0.75	518
206.512500000	0.6375	519
207.150000000	0.671448	520
207.821447917	0.641052	521
208.462500000	0.7575	522
209.220000000	0.7425	523
209.962500000	0.7275	524
210.690000000	1.43276	525
212.122760417	1.19974	1
213.322500000	1.2225	2
214.545000000	1.1625	3
215.707500000	1.17	4
216.877500000	1.17	5
218.047500000	1.23	6
219.277500000	1.305	7
220.582500000	1.215	8
221.797500000	1.1475	9
222.945000000	1.1625	10
224.107500000	1.14001	11
225.247510417	1.27499	12
226.522500000	1.2525	13
227.775000000	1.4025	14
229.177500000	1.2825	15
230.460000000	1.26565	16
231.725645833	1.14142	17
232.867062500	1.32794	18
234.195000000	1.22791	19
235.422906250	1.19459	20
236.617500000	1.155	21
237.772500000	1.28211	22
239.054614583	1.24539	23
240.300000000	1.1925	24
241.492500000	1.0575	25
242.550000000	1.14042	26
243.690416667	1.11708	27
244.807500000	1.0575	28
245.865000000	1.1025	29
246.967500000	1.1775	30
248.145000000	1.155	31
249.300000000	1.7325	32
251.032500000	7.9875	33
259.020000000	1.125	34
260.145000000	0.823	35
260.968000000	0.3545	36
261.322500000	0.6075	37
261.930000000	0.5475	38
262.477500000	0.5325	39
263.010000000	0.5775	40
263.587500000	0.3645	41
263.952000000	0.128	42
264.080000000	0.133333	43
264.213333333	0.250667	44
264.464000000	0.238177	45
264.702177083	0.841823	46
265.544000000	0.2755	47
265.819500000	1.06198	48
266.881479167	1.34252	49
268.224000000	0.232562	50
268.456562500	0.223438	51
268.680000000	0.27	52
268.950000000	0.492687	53
269.442687500	0.237312	54
269.680000000	0.26	55
269.940000000	0.96	56
270.900000000	0.9975	57
271.897500000	0.2865	58
272.184000000	0.276	59
272.460000000	0.172	60
272.632000000	0.2405	61
272.872500000	0.4875	62
273.360000000	0.224	63
273.584000000	0.211	64
273.795000000	0.93	65
274.725000000	0.495	66
275.220000000	0.473302	67
275.693302083	0.258698	68
275.952000000	0.3405	69
276.292500000	0.1795	70
276.472000000	0.2405	71
276.712500000	0.2075	72
276.920000000	0.2425	73
277.162500000	0.555	74
277.717500000	0.2265	75
277.944000000	0.186	76
278.130000000	0.214	77
278.344000000	0.221	78
278.565000000	0.195	79
278.760000000	0.24	80
279.000000000	0.216	81
279.216000000	0.2715	82
279.487500000	0.2805	83
279.768000000	0.1995	84
279.967500000	0.1925	85
280.160000000	0.22	86
280.380000000	0.212	87
280.592000000	0.238	88
280.830000000	0.25	89
281.080000000	0.2975	90
281.377500000	1.0875	91
282.465000000	2.3325	92
284.797500000	0.702469	93
285.499968750	0.673146	94
286.173114583	0.290885	95
286.464000000	0.184	96
286.648000000	0.167	97
286.815000000	0.201	98
287.016000000	0.184	99
287.200000000	0.1775	100
287.377500000	0.1745	101
287.552000000	0.16	102
287.712000000	0.1905	103
287.902500000	0.1855	104
288.088000000	0.24	105
288.328000000	0.186375	106
288.514375000	0.141625	107
288.656000000	0.216	108
288.872000000	0.178	109
289.050000000	0.19	110
289.240000000	0.176	111
289.416000000	0.2265	112
289.642500000	0.1975	113
289.840000000	0.184	114
290.024000000	0.196	115
290.220000000	0.172	116
290.392000000	0.128	117
290.520000000	0.24	118
290.760000000	0.2	119
290.960000000	0.152	120
291.112000000	0.2105	121
291.322500000	0.1575	122
291.480000000	0.168	123
291.648000000	0.207	124
291.855000000	0.177	125
292.032000000	0.16	126
292.192000000	0.1955	127
292.387500000	0.1565	128
292.544000000	0.224	129
292.768000000	0.197	130
292.965000000	0.219	131
293.184000000	0.176	132
293.360000000	0.205	133
293.565000000	0.187	134
293.752000000	0.208	135
293.960000000	0.205	136
294.165000000	0.179	137
294.344000000	0.176	138
294.520000000	0.215	139
294.735000000	0.217	140
294.952000000	0.192	141
295.144000000	0.197063	142
295.341062500	0.186937	143
295.528000000	0.176	144
295.704000000	0.211958	145
295.915958333	0.196042	146
296.112000000	0.176	147
296.288000000	0.217	148
296.505000000	0.191	149
296.696000000	0.128	150
296.824000000	0.221	151
297.045000000	0.195	152
297.240000000	0.16	153
297.400000000	0.215	154
297.615000000	0.177	155
297.792000000	0.168	156
297.960000000	0.1875	157
298.147500000	0.1965	158
298.344000000	0.152	159
298.496000000	0.2365	160
298.732500000	0.1635	161
298.896000000	0.152	162
299.048000000	0.2695	163
299.317500000	0.1785	164
299.496000000	0.184	165
299.680000000	0.247406	166
299.927406250	0.216594	167
300.144000000	0.168	168
300.312000000	0.3255	169
300.637500000	0.1785	170
300.816000000	0.176	171
300.992000000	0.2005	172
301.192500000	0.1915	173
301.384000000	0.16	174
301.544000000	0.213896	175
301.757895833	0.178104	176
301.936000000	0.208	177
302.144000000	0.301	178
302.445000000	0.195	179
302.640000000	0.176	180
302.816000000	0.2515	181
303.067500000	0.1805	182
303.248000000	0.184	183
303.432000000	0.163458	184
303.595458333	0.196542	185
303.792000000	0.2	186
303.992000000	0.23651	187
304.228510417	0.21149	188
304.440000000	0.168	189
304.608000000	0.29225	190
304.900250000	0.25975	191
305.160000000	0.208	192
305.368000000	0.227	193
305.595000000	0.157	194
305.752000000	0.216	195
305.968000000	0.1745	196
306.142500000	0.1695	197
306.312000000	0.16	198
306.472000000	0.1655	199
306.637500000	0.1705	200
306.808000000	0.216	201
307.024000000	0.191	202
307.215000000	0.177	203
307.392000000	0.184	204
307.576000000	0.194	205
307.770000000	0.182	206
307.952000000	0.152	207
308.104000000	0.191	208
308.295000000	0.169	209
308.464000000	0.152	210
308.616000000	0.2115	211
308.827500000	0.1725	212
309.000000000	0.152	213
309.152000000	0.223	214
309.375000000	0.169	215
309.544000000	0.168	216
309.712000000	0.1805	217
309.892500000	0.1635	218
310.056000000	0.12	219
310.176000000	0.2715	220
310.447500000	0.1685	221
310.616000000	0.144	222
310.760000000	0.1975	223
310.957500000	0.2025	224
311.160000000	0.112	225
311.272000000	0.248	226
311.520000000	0.176	227
311.696000000	0.152	228
311.848000000	0.182	229
312.030000000	0.17	230
312.200000000	0.168	231
312.368000000	0.172271	232
312.540270833	0.155729	233
312.696000000	0.136	234
312.832000000	0.230917	235
313.062916667	0.177083	236
313.240000000	0.168	237
313.408000000	0.227	238
313.635000000	0.173	239
313.808000000	0.168	240
313.976000000	0.2365	241
314.212500000	0.1475	242
314.360000000	0.144	243
314.504000000	0.241	244
314.745000000	0.143	245
314.888000000	0.136	246
315.024000000	0.186	247
315.210000000	0.15	248
315.360000000	0.168	249
315.528000000	0.1995	250
315.727500000	0.1525	251
315.880000000	0.184	252
316.064000000	0.1735	253
316.237500000	0.1705	254
316.408000000	0.168	255
316.576000000	0.164	256
316.740000000	0.164	257
316.904000000	0.136	258
317.040000000	0.2175	259
317.257500000	0.1505	260
317.408000000	0.176	261
317.584000000	0.281	262
317.865000000	0.159	263
318.024000000	0.184	264
318.208000000	0.242	265
318.450000000	0.158	266
318.608000000	0.16	267
318.768000000	0.1395	268
318.907500000	0.1485	269
319.056000000	0.128	270
319.184000000	0.201833	271
319.385833333	0.174167	272
319.560000000	0.176	273
319.736000000	0.199	274
319.935000000	0.169	275
320.104000000	0.184	276
320.288000000	0.172	277
320.460000000	0.156	278
320.616000000	0.152	279
320.768000000	0.1945	280
320.962500000	0.1575	281
321.120000000	0.168	282
321.288000000	0.197729	283
321.485729167	0.218271	284
321.704000000	0.184	285
321.888000000	0.3345	286
322.222500000	0.1375	287
322.360000000	0.24	288
322.600000000	0.23	289
322.830000000	0.186	290
323.016000000	0.16	291
323.176000000	0.164	292
323.340000000	0.172	293
323.512000000	0.176	294
323.688000000	0.1395	295
323.827500000	0.1805	296
324.008000000	0.168	297
324.176000000	0.1615	298
324.337500000	0.1985	299
324.536000000	0.136	300
324.672000000	0.1905	301
324.862500000	0.1455	302
325.008000000	0.152	303
325.160000000	0.175	304
325.335000000	0.153	305
325.488000000	0.144	306
325.632000000	0.168	307
325.800000000	0.16	308
325.960000000	0.16	309
326.120000000	0.184531	310
326.304531250	0.167469	311
326.472000000	0.168	312
326.640000000	0.225	313
326.865000000	0.159	314
327.024000000	0.12	315
327.144000000	0.183875	316
327.327875000	0.120125	317
327.448000000	0.128	318
327.576000000	0.1965	319
327.772500000	0.1475	320
327.920000000	0.12	321
328.040000000	0.228042	322
328.268041667	0.131958	323
328.400000000	0.144	324
328.544000000	0.188771	325
328.732770833	0.139229	326
328.872000000	0.128	327
329.000000000	0.175	328
329.175000000	0.185	329
329.360000000	0.168	330
329.528000000	0.153542	331
329.681541667	0.134458	332
329.816000000	0.16	333
329.976000000	0.2115	334
330.187500000	0.2445	335
330.432000000	0.240354	336
330.672354167	0.247646	337
330.920000000	0.2425	338
331.162500000	0.99	339
332.152500000	0.2475	340
332.400000000	0.27	341
332.670000000	0.274	342
332.944000000	0.1985	343
333.142500000	0.2175	344
333.360000000	0.262208	345
333.622208333	0.249792	346
333.872000000	0.253	347
334.125000000	0.227	348
334.352000000	0.238	349
334.590000000	0.202	350
334.792000000	0.2855	351
335.077500000	0.2265	352
335.304000000	0.2385	353
335.542500000	0.2175	354
335.760000000	0.272969	355
336.032968750	0.485198	356
336.518166667	0.509333	357
337.027500000	0.5325	358
337.560000000	0.928	359
338.488000000	0.356292	360
338.844291667	0.803708	361
339.648000000	0.282	362
339.930000000	0.238	363
340.168000000	0.2345	364
340.402500000	0.6775	365
341.080000000	0.2975	366
341.377500000	0.2225	367
341.600000000	0.2275	368
341.827500000	0.2045	369
342.032000000	0.282073	370
342.314072917	0.253927	371
342.568000000	0.2795	372
342.847500000	0.7765	373
343.624000000	0.223583	374
343.847583333	0.760417	375
344.608000000	0.25951	376
344.867510417	0.78849	377
345.656000000	0.319	378
345.975000000	0.57	379
346.545000000	0.295	380
346.840000000	0.305	381
347.145000000	0.231	382
347.376000000	0.249	383
347.625000000	0.537135	384
348.162135417	0.269865	385
348.432000000	0.288	386
348.720000000	0.296	387
349.016000000	0.2065	388
349.222500000	0.2415	389
349.464000000	0.321	390
349.785000000	0.303	391
350.088000000	0.252	392
350.340000000	0.252	393
350.592000000	0.228	394
350.820000000	0.22	395
351.040000000	0.276646	396
351.316645833	0.227354	397
351.544000000	0.2435	398
351.787500000	0.2285	399
352.016000000	0.2515	400
352.267500000	0.2365	401
352.504000000	0.2585	402
352.762500000	0.1975	403
352.960000000	0.280896	404
353.240895833	0.239104	405
353.480000000	0.247583	406
353.727583333	0.256417	407
353.984000000	0.316	408
354.300000000	0.723083	409
355.023083333	1.19292	410
356.216000000	0.4165	411
356.632500000	1.1515	412
357.784000000	0.348844	413
358.132843750	0.243156	414
358.376000000	0.274	415
358.650000000	0.238	416
358.888000000	0.332	417
359.220000000	0.772	418
359.992000000	0.2705	419
360.262500000	0.2575	420
360.520000000	0.2375	421
360.757500000	0.2585	422
361.016000000	0.289	423
361.305000000	0.231	424
361.536000000	0.2715	425
361.807500000	0.2405	426
362.048000000	0.292	427
362.340000000	0.252	428
362.592000000	0.24901	429
362.841010417	0.26299	430
363.104000000	0.286	431
363.390000000	0.226	432
363.616000000	0.3065	433
363.922500000	0.2375	434
364.160000000	0.415	435
364.575000000	0.249	436
364.824000000	0.252	437
365.076000000	0.3	438
365.376000000	0.2865	439
365.662500000	0.8015	440
366.464000000	0.331	441
366.795000000	0.869	442
367.664000000	0.331	443
367.995000000	0.965	444
368.960000000	0.385	445
369.345000000	0.791	446
370.136000000	0.294948	447
370.430947917	0.601552	448
371.032500000	0.2555	449
371.288000000	0.307	450
371.595000000	0.957	451
372.552000000	0.4005	452
372.952500000	0.2795	453
373.232000000	0.298	454
373.530000000	0.222	455
373.752000000	0.303	456
374.055000000	0.833	457
374.888000000	0.307	458
375.195000000	0.797	459
375.992000000	0.268	460
376.260000000	0.86	461
377.120000000	0.3475	462
377.467500000	0.9405	463
378.408000000	0.3945	464
378.802500000	0.795	465
379.597500000	1.2975	466
380.895000000	0.765	467
381.660000000	0.735	468
382.395000000	1.995	469
384.390000000	0.7725	470
385.162500000	0.6825	471
385.845000000	0.6825	472
386.527500000	0.6675	473
387.195000000	0.7575	474
387.952500000	0.718542	475
388.671041667	0.608958	476
389.280000000	0.6375	477
389.917500000	0.66	478
390.577500000	0.6525	479
391.230000000	0.282	480
391.512000000	0.3705	481
391.882500000	0.6375	482
392.520000000	0.645	483
393.165000000	0.6675	484
393.832500000	0.2875	485
394.120000000	0.41	486
394.530000000	0.6	487
395.130000000	0.6975	488
395.827500000	0.7725	489
396.600000000	0.6675	490
397.267500000	0.78	491
398.047500000	0.765	492
398.812500000	0.825	493
399.637500000	0.6075	494
400.245000000	0.647135	495
400.892135417	0.620365	496
401.512500000	0.645	497
402.157500000	0.6525	498
402.810000000	0.655813	499
403.465812500	0.746687	500
404.212500000	0.656885	501
404.869385417	0.286615	502
405.156000000	0.385781	503
405.541781250	0.671792	504
406.213572917	0.633979	505
406.847552083	0.597448	506
407.445000000	0.6675	507
408.112500000	0.645	508
408.757500000	0.645	509
409.402500000	0.705	510
410.107500000	0.6675	511
410.775000000	0.675	512
411.450000000	0.585	513
412.035000000	0.661812	514
412.696812500	0.725688	515
413.422500000	0.7425	516
414.165000000	0.765	517
414.930000000	0.75	518
415.680000000	0.6525	519
416.332500000	0.675	520
417.007500000	0.6675	521
417.675000000	0.5925	522
418.267500000	0.705	523
418.972500000	0.9075	524
419.880000000	0.621312	525
420.501312500	0.677427	526
421.178739583	0.70376	527
421.882500000	0.583885	528
422.466385417	0.560562	529
423.026947917	0.640552	530
423.667500000	0.5925	531
424.260000000	0.565896	532
424.825895833	0.222104	533
425.048000000	0.309458	534
425.357458333	0.620458	535
425.977916667	0.554583	536
426.532500000	0.555	537
427.087500000	0.3685	538
427.456000000	0.2765	539
427.732500000	1.215	540
428.947500000	0.8285	541
429.776000000	0.304	542
430.080000000	1.1475	543
431.227500000	1.11	544
432.337500000	1.1775	545
433.515000000	1.095	546
434.610000000	0.294	547
434.904000000	0.096	548
435.000000000	0.1725	549
435.172500000	0.2515	550
435.424000000	0.341	551
435.765000000	0.5325	552
436.297500000	0.2385	553
436.536000000	0.3465	554
436.882500000	1.1509	555
438.033395833	1.1591	556
439.192500000	1.185	557
440.377500000	0.7985	558
441.176000000	0.379	559
441.555000000	1.23	560
442.785000000	0.6	561
443.385000000	0.5475	562
443.932500000	0.66	563
444.592500000	0.615	564
445.207500000	0.5625	565
445.770000000	0.334	566
446.104000000	0.3785	567
446.482500000	0.615	568
447.097500000	0.5925	569
447.690000000	0.5625	570
448.252500000	0.7125	571
448.965000000	0.6525	572
449.617500000	0.585	573
450.202500000	0.5475	574
450.750000000	0.615	575
451.365000000	0.548708	576
451.913708333	0.583792	577
452.497500000	0.5775	578
453.075000000	0.6675	579
453.742500000	0.6	580
454.342500000	0.5475	581
454.890000000	0.6075	582
455.497500000	0.585	583
456.082500000	0.63	584
456.712500000	0.6225	585
457.335000000	0.612646	586
457.947645833	0.637448	587
458.585093750	0.609906	588
459.195000000	0.5175	589
459.712500000	0.495	590
460.207500000	0.2645	591
460.472000000	0.298	592
460.770000000	0.5625	593
461.332500000	0.555	594
461.887500000	0.585	595
462.472500000	0.2315	596
462.704000000	0.289542	597
462.993541667	0.663958	598
463.657500000	0.4875	599
464.145000000	0.5325	600
464.677500000	0.2505	601
464.928000000	0.2895	602
465.217500000	0.57	603
465.787500000	0.51	604
466.297500000	0.54	605
466.837500000	0.519292	606
467.356791667	0.605708	607
467.962500000	0.5025	608
468.465000000	0.57	609
469.035000000	0.51	610
469.545000000	0.5625	611
470.107500000	0.516719	612
470.624218750	0.503281	613
471.127500000	0.2245	614
471.352000000	0.3305	615
471.682500000	0.5775	616
472.260000000	0.4875	617
472.747500000	0.5625	618
473.310000000	0.48	619
473.790000000	0.5025	620
474.292500000	0.525	621
474.817500000	0.5625	622
475.380000000	0.18	623
475.560000000	0.3525	624
475.912500000	0.507219	625
476.419718750	0.505281	626
476.925000000	0.509812	627
477.434812500	0.229188	628
477.664000000	0.296	629
477.960000000	0.57	630
478.530000000	0.462052	631
478.992052083	0.467948	632
479.460000000	0.228	633
479.688000000	0.2895	634
479.977500000	0.5025	635
480.480000000	0.5175	636
480.997500000	0.7465	637
481.744000000	0.3185	638
482.062500000	1.0425	639
483.105000000	0.727	640
483.832000000	0.3155	641
484.147500000	1.02	642
485.167500000	0.7285	643
485.896000000	0.315354	644
486.211354167	1.03928	645
487.250635417	0.749365	646
488.000000000	0.3775	647
488.377500000	0.9825	648
489.360000000	0.752	649
490.112000000	0.3655	650
490.477500000	1.0125	651
491.490000000	0.782	652
492.272000000	0.3205	653
492.592500000	1.0352	654
493.627697917	0.812302	655
494.440000000	0.35	656
494.790000000	0.9975	657
495.787500000	1.0725	658
496.860000000	1.0725	659
497.932500000	1.25906	660
499.191562500	1.04044	661
500.232000000	0.2655	662
500.497500000	0.2385	663
500.736000000	0.2565	664
500.992500000	0.7835	665
501.776000000	0.238583	666
502.014583333	0.217417	667
502.232000000	0.253	668
502.485000000	0.211	669
502.696000000	0.239	670
502.935000000	0.225	671
503.160000000	0.3525	672
503.512500000	0.7995	673
504.312000000	0.258	674
504.570000000	0.758	675
505.328000000	0.249437	676
505.577437500	0.806562	677
506.384000000	0.286	678
506.670000000	0.866	679
507.536000000	0.2515	680
507.787500000	0.3165	681
508.104000000	0.291	682
508.395000000	0.213	683
508.608000000	0.2895	684
508.897500000	0.51	685
509.407500000	0.2565	686
509.664000000	0.2385	687
509.902500000	0.2255	688
510.128000000	0.2395	689
510.367500000	0.1925	690
510.560000000	0.3025	691
510.862500000	0.2655	692
511.128000000	0.216667	693
511.344666667	0.255333	694
511.600000000	0.212604	695
511.812604167	0.731396	696
512.544000000	0.261	697
512.805000000	0.699	698
513.504000000	0.276	699
513.780000000	0.732	700
514.512000000	0.3555	701
514.867500000	1.1005	702
515.968000000	0.4445	703
516.412500000	0.7395	704
517.152000000	0.3855	705
517.537500000	0.2705	706
517.808000000	0.322	707
518.130000000	0.718	708
518.848000000	0.2645	709
519.112500000	0.2395	710
519.352000000	0.248	711
519.600000000	0.224	712
519.824000000	0.241	713
520.065000000	0.223	714
520.288000000	0.2645	715
520.552500000	0.7515	716
521.304000000	0.3585	717
521.662500000	0.8015	718
522.464000000	0.316	719
522.780000000	0.5925	720
523.372500000	0.569812	721
523.942312500	0.607687	722
524.550000000	0.5925	723
525.142500000	0.2975	724
525.440000000	0.3625	725
525.802500000	0.7895	726
526.592000000	0.2755	727
526.867500000	0.2565	728
527.124000000	0.381	729
527.505000000	0.647	730
528.152000000	0.222458	731
528.374458333	0.217542	732
528.592000000	0.280031	733
528.872031250	0.239969	734
529.112000000	0.2605	735
529.372500000	0.2595	736
529.632000000	0.2655	737
529.897500000	0.7985	738
530.696000000	0.379	739
531.075000000	0.6975	740
531.772500000	0.3235	741
532.096000000	0.2	742
532.296000000	0.2415	743
532.537500000	0.1985	744
532.736000000	0.152	745
532.888000000	0.137	746
533.025000000	0.175	747
533.200000000	0.144	748
533.344000000	0.187708	749
533.531708333	0.172292	750
533.704000000	0.16	751
533.864000000	0.22474	752
534.088739583	0.28726	753
534.376000000	0.176	754
534.552000000	0.2205	755
534.772500000	0.1635	756
534.936000000	0.152	757
535.088000000	0.172	758
535.260000000	0.156	759
535.416000000	0.152	760
535.568000000	0.202	761
535.770000000	0.19	762
535.960000000	0.176	763
536.136000000	0.1815	764
536.317500000	0.2745	765
536.592000000	0.16	766
536.752000000	0.207927	767
536.959927083	0.192073	768
537.152000000	0.176	769
537.328000000	0.197	770
537.525000000	0.179	771
537.704000000	0.144	772
537.848000000	0.232	773
538.080000000	0.176	774
538.256000000	0.176	775
538.432000000	0.456	776
538.888000000	0.176	777
539.064000000	0.185792	778
539.249791667	0.214208	779
539.464000000	0.136	780
539.600000000	0.192719	781
539.792718750	0.207281	782
540.000000000	0.152	783
540.152000000	0.22524	784
540.377239583	0.18276	785
540.560000000	0.16	786
540.720000000	0.2175	787
540.937500000	0.1905	788
541.128000000	0.168	789
541.296000000	0.159	790
541.455000000	0.177	791
541.632000000	0.168	792
541.800000000	0.1875	793
541.987500000	0.1725	794
542.160000000	0.168	795
542.328000000	0.178344	796
542.506343750	0.173656	797
542.680000000	0.168	798
542.848000000	0.167	799
543.015000000	0.217	800
543.232000000	0.16	801
543.392000000	0.1255	802
543.517500000	0.2025	803
543.720000000	0.16	804
543.880000000	0.2	805
544.080000000	0.152	806
544.232000000	0.168	807
544.400000000	0.16	808
544.560000000	0.184	809
544.744000000	0.168	810
544.912000000	0.188	811
545.100000000	0.18	812
545.280000000	0.152	813
545.432000000	0.1855	814
545.617500000	0.1345	815
545.752000000	0.184	816
545.936000000	0.1765	817
546.112500000	0.1755	818
546.288000000	0.168	819
546.456000000	0.174	820
546.630000000	0.186	821
546.816000000	0.168	822
546.984000000	0.196052	823
547.180052083	0.179948	824
547.360000000	0.152	825
547.512000000	0.173052	826
547.685052083	0.162948	827
547.848000000	0.16	828
548.008000000	0.1895	829
548.197500000	0.1625	830
548.360000000	0.192	831
548.552000000	0.223	832
548.775000000	0.217	833
548.992000000	0.184	834
549.176000000	0.2215	835
549.397500000	0.1945	836
549.592000000	0.184	837
549.776000000	0.1615	838
549.937500000	0.1825	839
550.120000000	0.184	840
550.304000000	0.1585	841
550.462500000	0.2175	842
550.680000000	0.176	843
550.856000000	0.169	844
551.025000000	0.199	845
551.224000000	0.168	846
551.392000000	0.218	847
551.610000000	0.198	848
551.808000000	0.176	849
551.984000000	0.181	850
552.165000000	0.203	851
552.368000000	0.192	852
552.560000000	0.235	853
552.795000000	0.165	854
552.960000000	0.2	855
553.160000000	0.22	856
553.380000000	0.188	857
553.568000000	0.232	858
553.800000000	0.225	859
554.025000000	0.183	860
554.208000000	0.16	861
554.368000000	0.197854	862
554.565854167	0.170146	863
554.736000000	0.2	864
554.936000000	0.259	865
555.195000000	0.189	866
555.384000000	0.12	867
555.504000000	0.231	868
555.735000000	0.161	869
555.896000000	0.192	870
556.088000000	0.202	871
556.290000000	0.182	872
556.472000000	0.16	873
556.632000000	0.228	874
556.860000000	0.188	875
557.048000000	0.16	876
557.208000000	0.2295	877
557.437500000	0.1945	878
557.632000000	0.152	879
557.784000000	0.1935	880
557.977500000	0.1825	881
558.160000000	0.176	882
558.336000000	0.4815	883
558.817500000	0.6075	884
559.425000000	0.183	885
559.608000000	0.128	886
559.736000000	0.199	887
559.935000000	0.185	888
560.120000000	0.136	889
560.256000000	0.174	890
560.430000000	0.21	891
560.640000000	0.192	892
560.832000000	0.2655	893
561.097500000	0.6	894
561.697500000	0.1665	895
561.864000000	0.2	896
562.064000000	0.1885	897
562.252500000	0.1715	898
562.424000000	0.192	899
562.616000000	0.1615	900
562.777500000	0.1825	901
562.960000000	0.208	902
563.168000000	0.1945	903
563.362500000	0.5325	904
563.895000000	0.177	905
564.072000000	0.176	906
564.248000000	0.202	907
564.450000000	0.158	908
564.608000000	0.176	909
564.784000000	0.1835	910
564.967500000	0.1845	911
565.152000000	0.2	912
565.352000000	0.283	913
565.635000000	0.585	914
566.220000000	0.172	915
566.392000000	0.136	916
566.528000000	0.232	917
566.760000000	0.192	918
566.952000000	0.16	919
567.112000000	0.158	920
567.270000000	0.162	921
567.432000000	0.168	922
567.600000000	0.219396	923
567.819395833	0.545604	924
568.365000000	0.195	925
568.560000000	0.184	926
568.744000000	0.164	927
568.908000000	0.228	928
569.136000000	0.18	929
569.316000000	0.219	930
569.535000000	0.185	931
569.720000000	0.192	932
569.912000000	0.178	933
570.090000000	0.382	934
570.472000000	0.2555	935
570.727500000	0.2885	936
571.016000000	0.259	937
571.275000000	0.261	938
571.536000000	0.3165	939
571.852500000	0.2995	940
572.152000000	0.584	941
572.736000000	0.3015	942
573.037500000	0.2905	943
573.328000000	0.339208	944
573.667208333	0.300792	945
573.968000000	0.2995	946
574.267500000	0.2205	947
574.488000000	0.326865	948
574.814864583	0.273135	949
575.088000000	0.298792	950
575.386791667	0.309208	951
575.696000000	0.270396	952
575.966395833	0.241604	953
576.208000000	0.242	954
576.450000000	0.334	955
576.784000000	0.299979	956
577.083979167	0.308021	957
577.392000000	0.378	958
577.770000000	0.35	959
578.120000000	0.3925	960
578.512500000	0.7385	961
579.251000000	1.533	962
580.784000000	0.286	963
581.070000000	0.298	964
581.368000000	0.272	965
581.640000000	0.304	966
581.944000000	0.296	967
582.240000000	0.264	968
582.504000000	0.584	969
583.088000000	0.262	970
583.350000000	0.266	971
583.616000000	0.289	972
583.905000000	0.311	973
584.216000000	0.2965	974
584.512500000	0.2955	975
584.808000000	0.576	976
585.384000000	0.246	977
585.630000000	0.266	978
585.896000000	0.289	979
586.185000000	0.263	980
586.448000000	0.266344	981
586.714343750	0.317656	982
587.032000000	0.536	983
587.568000000	0.260094	984
587.828093750	0.275906	985
588.104000000	0.3085	986
588.412500000	0.2595	987
588.672000000	0.3105	988
588.982500000	0.2815	989
589.264000000	0.576	990
589.840000000	0.272469	991
590.112468750	0.271531	992
590.384000000	0.286	993
590.670000000	0.282	994
590.952000000	0.3255	995
591.277500000	0.2385	996
591.516000000	0.596	997
592.112000000	0.25925	998
592.371250000	0.26875	999
592.640000000	0.31	1000
592.950000000	0.298	1001
593.248000000	0.287	1002
593.535000000	0.261	1003
593.796000000	0.604	1004
594.400000000	0.335	1005
594.735000000	0.297	1006
595.032000000	0.273	1007
595.305000000	0.327	1008
595.632000000	0.2805	1009
595.912500000	0.3835	1010
596.296000000	0.72	1011
597.016000000	0.2915	1012
597.307500000	0.2845	1013
597.592000000	0.278	1014
597.870000000	0.306	1015
598.176000000	0.3015	1016
598.477500000	0.3385	1017
598.816000000	0.656	1018
599.472000000	0.243	1019
599.715000000	0.261	1020
599.976000000	0.309	1021
600.285000000	0.243	1022
600.528000000	0.3195	1023
600.847500000	0.2925	1024
601.140000000	0.628	1025
601.768000000	0.242	1026
602.010000000	0.294	1027
602.304000000	0.3285	1028
602.632500000	0.2315	1029
602.864000000	0.3085	1030
603.172500000	0.2355	1031
603.408000000	0.6	1032
604.008000000	0.282	1033
604.290000000	0.246	1034
604.536000000	0.3015	1035
604.837500000	0.2985	1036
605.136000000	0.249	1037
605.385000000	0.247	1038
605.632000000	0.648	1039
606.280000000	0.275	1040
606.555000000	0.253	1041
606.808000000	0.287	1042
607.095000000	0.281	1043
607.376000000	0.264885	1044
607.640885417	0.287115	1045
607.928000000	0.6	1046
608.528000000	0.27851	1047
608.806510417	0.21749	1048
609.024000000	0.291	1049
609.315000000	0.277	1050
609.592000000	0.321938	1051
609.913937500	0.270063	1052
610.184000000	0.544	1053
610.728000000	0.221448	1054
610.949447917	0.298552	1055
611.248000000	0.242	1056
611.490000000	0.246	1057
611.736000000	0.294	1058
612.030000000	0.242	1059
612.272000000	0.56	1060
612.832000000	0.2555	1061
613.087500000	0.2965	1062
613.384000000	0.191	1063
613.575000000	0.265	1064
613.840000000	0.246969	1065
614.086968750	0.265031	1066
614.352000000	0.52	1067
614.872000000	0.248	1068
615.120000000	0.256	1069
615.376000000	0.568	1070
615.944000000	0.256	1071
616.200000000	0.248	1072
616.448000000	0.792	1073
617.240000000	0.295	1074
617.535000000	0.385	1075
617.920000000	0.3125	1076
618.232500000	0.2715	1077
618.504000000	0.276	1078
618.780000000	0.268	1079
619.048000000	0.2345	1080
619.282500000	0.2855	1081
619.568000000	0.220969	1082
619.788968750	0.275031	1083
620.064000000	0.231	1084
620.295000000	5.475	1085
625.770000000	1.1325	1086
626.902500000	0.7615	1087
627.664000000	0.3635	1088
628.027500000	0.5775	1089
628.605000000	0.507219	1090
629.112218750	0.632781	1091
629.745000000	0.51	1092
630.255000000	0.313	1093
630.568000000	0.096	1094
630.664000000	0.146	1095
630.810000000	0.262	1096
631.072000000	0.293	1097
631.365000000	0.755	1098
632.120000000	0.31	1099
632.430000000	1.05	1100
633.480000000	1.352	1101
634.832000000	0.235479	1102
635.067479167	0.220521	1103
635.288000000	0.2845	1104
635.572500000	0.457052	1105
636.029552083	0.202448	1106
636.232000000	0.263	1107
636.495000000	0.975	1108
637.470000000	0.48	1109
637.950000000	0.4725	1110
638.422500000	0.2495	1111
638.672000000	0.255698	1112
638.927697917	0.160302	1113
639.088000000	0.2795	1114
639.367500000	0.474385	1115
639.841885417	0.206115	1116
640.048000000	0.263771	1117
640.311770833	0.915729	1118
641.227500000	0.4485	1119
641.676000000	0.6315	1120
642.307500000	0.2445	1121
642.552000000	0.258	1122
642.810000000	0.238	1123
643.048000000	0.2045	1124
643.252500000	0.1875	1125
643.440000000	0.268479	1126
643.708479167	0.496521	1127
644.205000000	0.235	1128
644.440000000	0.2225	1129
644.662500000	0.1935	1130
644.856000000	0.234	1131
645.090000000	0.198	1132
645.288000000	0.237	1133
645.525000000	0.251	1134
645.776000000	0.2665	1135
646.042500000	0.2455	1136
646.288000000	0.227	1137
646.515000000	0.197	1138
646.712000000	0.228042	1139
646.940041667	0.219958	1140
647.160000000	0.24	1141
647.400000000	0.216	1142
647.616000000	0.339	1143
647.955000000	1.26	1144
649.215000000	2.5275	1145
651.742500000	0.6825	1146
652.425000000	0.81	1147
653.235000000	0.269	1148
653.504000000	0.2	1149
653.704000000	0.176	1150
653.880000000	0.184	1151
654.064000000	0.184	1152
654.248000000	0.187	1153
654.435000000	0.205	1154
654.640000000	0.168	1155
654.808000000	0.1895	1156
654.997500000	0.2105	1157
655.208000000	0.16	1158
655.368000000	0.222	1159
655.590000000	0.234	1160
655.824000000	0.2	1161
656.024000000	0.166	1162
656.190000000	0.21	1163
656.400000000	0.176	1164
656.576000000	0.169	1165
656.745000000	0.175	1166
656.920000000	0.168	1167
657.088000000	0.1895	1168
657.277500000	0.2025	1169
657.480000000	0.16	1170
657.640000000	0.215	1171
657.855000000	0.273	1172
658.128000000	0.152	1173
658.280000000	0.1975	1174
658.477500000	0.1625	1175
658.640000000	0.192	1176
658.832000000	0.163	1177
658.995000000	0.189	1178
659.184000000	0.192	1179
659.376000000	0.189	1180
659.565000000	0.179	1181
659.744000000	0.152	1182
659.896000000	0.2165	1183
660.112500000	0.1835	1184
660.296000000	0.16	1185
660.456000000	0.219	1186
660.675000000	0.213	1187
660.888000000	0.184	1188
661.072000000	0.222167	1189
661.294166667	0.185833	1190
661.480000000	0.168	1191
661.648000000	0.22199	1192
661.869989583	0.18601	1193
662.056000000	0.192	1194
662.248000000	0.2945	1195
662.542500000	0.2095	1196
662.752000000	0.168	1197
662.920000000	0.2	1198
663.120000000	0.184	1199
663.304000000	0.176	1200
663.480000000	0.1725	1201
663.652500000	0.1875	1202
663.840000000	0.168	1203
664.008000000	0.1845	1204
664.192500000	0.1915	1205
664.384000000	0.192	1206
664.576000000	0.1865	1207
664.762500000	0.1815	1208
664.944000000	0.176	1209
665.120000000	0.19	1210
665.310000000	0.186	1211
665.496000000	0.184	1212
665.680000000	0.185	1213
665.865000000	0.215	1214
666.080000000	0.184	1215
666.264000000	0.1935	1216
666.457500000	0.1825	1217
666.640000000	0.2	1218
666.840000000	0.2175	1219
667.057500000	0.2225	1220
667.280000000	0.152	1221
667.432000000	0.1955	1222
667.627500000	0.1885	1223
667.816000000	0.16	1224
667.976000000	0.184	1225
668.160000000	0.184	1226
668.344000000	0.184	1227
668.528000000	0.1795	1228
668.707500000	0.1645	1229
668.872000000	0.176	1230
669.048000000	0.297	1231
669.345000000	0.183	1232
669.528000000	0.192	1233
669.720000000	0.2025	1234
669.922500000	0.1655	1235
670.088000000	0.16	1236
670.248000000	0.2445	1237
670.492500000	0.1635	1238
670.656000000	0.184	1239
670.840000000	0.204667	1240
671.044666667	0.219333	1241
671.264000000	0.172	1242
671.436000000	0.339	1243
671.775000000	0.201	1244
671.976000000	0.168	1245
672.144000000	0.171542	1246
672.315541667	0.164458	1247
672.480000000	0.152	1248
672.632000000	0.210396	1249
672.842395833	0.189604	1250
673.032000000	0.152	1251
673.184000000	0.211	1252
673.395000000	0.149	1253
673.544000000	0.168	1254
673.712000000	0.2005	1255
673.912500000	0.1675	1256
674.080000000	0.128	1257
674.208000000	0.282	1258
674.490000000	0.142	1259
674.632000000	0.144	1260
674.776000000	0.2315	1261
675.007500000	0.1925	1262
675.200000000	0.144	1263
675.344000000	0.211	1264
675.555000000	0.189	1265
675.744000000	0.168	1266
675.912000000	0.1755	1267
676.087500000	0.1765	1268
676.264000000	0.168	1269
676.432000000	0.188	1270
676.620000000	0.196	1271
676.816000000	0.12	1272
676.936000000	0.194	1273
677.130000000	0.182	1274
677.312000000	0.176	1275
677.488000000	0.152	1276
677.640000000	0.2	1277
677.840000000	0.12	1278
677.960000000	0.1975	1279
678.157500000	0.1785	1280
678.336000000	0.168	1281
678.504000000	0.17501	1282
678.679010417	0.17699	1283
678.856000000	0.16	1284
679.016000000	0.1615	1285
679.177500000	0.1745	1286
679.352000000	0.184	1287
679.536000000	0.1815	1288
679.717500000	0.1865	1289
679.904000000	0.136	1290
680.040000000	0.2325	1291
680.272500000	0.1675	1292
680.440000000	0.192	1293
680.632000000	0.203	1294
680.835000000	0.149	1295
680.984000000	0.128	1296
681.112000000	0.2255	1297
681.337500000	0.1505	1298
681.488000000	0.128	1299
681.616000000	0.1865	1300
681.802500000	0.1415	1301
681.944000000	0.176	1302
682.120000000	0.185	1303
682.305000000	0.159	1304
682.464000000	0.16	1305
682.624000000	0.221	1306
682.845000000	0.171	1307
683.016000000	0.144	1308
683.160000000	0.1725	1309
683.332500000	0.1635	1310
683.496000000	0.176	1311
683.672000000	0.148	1312
683.820000000	0.14	1313
683.960000000	0.152	1314
684.112000000	0.2405	1315
684.352500000	0.1435	1316
684.496000000	0.224	1317
684.720000000	0.1875	1318
684.907500000	0.1325	1319
685.040000000	0.152	1320
685.192000000	0.173	1321
685.365000000	0.139	1322
685.504000000	0.152	1323
685.656000000	0.2115	1324
685.867500000	0.1645	1325
686.032000000	0.152	1326
686.184000000	0.1785	1327
686.362500000	0.1495	1328
686.512000000	0.208	1329
686.720000000	0.16	1330
686.880000000	0.168	1331
687.048000000	0.136	1332
687.184000000	0.2135	1333
687.397500000	0.1225	1334
687.520000000	0.136	1335
687.656000000	0.214	1336
687.870000000	0.162	1337
688.032000000	0.192	1338
688.224000000	0.321	1339
688.545000000	0.151	1340
688.696000000	0.232	1341
688.928000000	0.202	1342
689.130000000	0.174	1343
689.304000000	0.144	1344
689.448000000	0.1845	1345
689.632500000	0.1515	1346
689.784000000	0.16	1347
689.944000000	0.1535	1348
690.097500000	0.1825	1349
690.280000000	0.136	1350
690.416000000	0.1765	1351
690.592500000	0.1915	1352
690.784000000	0.136	1353
690.920000000	0.22	1354
691.140000000	0.164	1355
691.304000000	0.152	1356
691.456000000	0.164	1357
691.620000000	0.148	1358
691.768000000	0.144	1359
691.912000000	0.147198	1360
692.059197917	0.160802	1361
692.220000000	0.144	1362
692.364000000	0.25224	1363
692.616239583	0.15976	1364
692.776000000	0.136	1365
692.912000000	0.208	1366
693.120000000	0.152	1367
693.272000000	0.152	1368
693.424000000	0.176	1369
693.600000000	0.152	1370
693.752000000	0.112	1371
693.864000000	0.181719	1372
694.045718750	0.162281	1373
694.208000000	0.192	1374
694.400000000	0.145	1375
694.545000000	0.199	1376
694.744000000	0.128	1377
694.872000000	0.1455	1378
695.017500000	0.1745	1379
695.192000000	0.152	1380
695.344000000	0.146	1381
695.490000000	0.15	1382
695.640000000	0.128	1383
695.768000000	0.172	1384
695.940000000	0.12	1385
696.060000000	0.156	1386
696.216000000	0.3165	1387
696.532500000	0.2835	1388
696.816000000	0.2715	1389
697.087500000	0.2325	1390
697.320000000	0.24	1391
697.560000000	0.967125	1392
698.527125000	0.264875	1393
698.792000000	0.2455	1394
699.037500000	0.2105	1395
699.248000000	0.277	1396
699.525000000	0.259	1397
699.784000000	0.1985	1398
699.982500000	0.2335	1399
700.216000000	0.2315	1400
700.447500000	0.2565	1401
700.704000000	0.261	1402
700.965000000	0.179	1403
701.144000000	0.241	1404
701.385000000	0.239	1405
701.624000000	0.2485	1406
701.872500000	0.2395	1407
702.112000000	0.248	1408
702.360000000	0.541615	1409
702.901614583	0.478385	1410
703.380000000	0.5325	1411
703.912500000	0.9675	1412
704.880000000	0.2925	1413
705.172500000	0.7875	1414
705.960000000	0.27	1415
706.230000000	0.21	1416
706.440000000	0.285	1417
706.725000000	0.651	1418
707.376000000	0.324	1419
707.700000000	0.196	1420
707.896000000	0.2465	1421
708.142500000	0.2335	1422
708.376000000	0.206792	1423
708.582791667	0.241208	1424
708.824000000	0.2635	1425
709.087500000	0.7245	1426
709.812000000	0.2355	1427
710.047500000	0.7205	1428
710.768000000	0.2695	1429
711.037500000	0.7305	1430
711.768000000	0.252	1431
712.020000000	0.69	1432
712.710000000	0.242	1433
712.952000000	0.248583	1434
713.200583333	0.215417	1435
713.416000000	0.299	1436
713.715000000	0.54	1437
714.255000000	0.217	1438
714.472000000	0.2405	1439
714.712500000	0.2315	1440
714.944000000	0.2635	1441
715.207500000	0.1845	1442
715.392000000	0.325417	1443
715.717416667	0.282583	1444
716.000000000	0.25	1445
716.250000000	0.23	1446
716.480000000	0.25	1447
716.730000000	0.23	1448
716.960000000	0.265	1449
717.225000000	0.215	1450
717.440000000	0.2275	1451
717.667500000	0.2125	1452
717.880000000	0.26	1453
718.140000000	0.228	1454
718.368000000	0.282	1455
718.650000000	0.262	1456
718.912000000	0.218	1457
719.130000000	0.278	1458
719.408000000	0.2695	1459
719.677500000	0.2585	1460
719.936000000	0.349	1461
720.285000000	1.563	1462
721.848000000	0.2895	1463
722.137500000	1.5185	1464
723.656000000	0.2815	1465
723.937500000	0.2625	1466
724.200000000	0.3225	1467
724.522500000	1.3415	1468
725.864000000	0.305094	1469
726.169093750	0.350906	1470
726.520000000	0.3125	1471
726.832500000	0.7755	1472
727.608000000	0.2295	1473
727.837500000	0.2585	1474
728.096000000	0.2365	1475
728.332500000	0.2675	1476
728.600000000	0.2725	1477
728.872500000	0.2635	1478
729.136000000	0.2915	1479
729.427500000	0.2525	1480
729.680000000	0.3475	1481
730.027500000	0.2765	1482
730.304000000	0.3535	1483
730.657500000	0.57199	1484
731.229489583	0.29851	1485
731.528000000	0.329125	1486
731.857125000	0.562875	1487
732.420000000	0.252	1488
732.672000000	0.3105	1489
732.982500000	0.615	1490
733.597500000	0.2585	1491
733.856000000	0.34	1492
734.196000000	0.7215	1493
734.917500000	0.4345	1494
735.352000000	0.338	1495
735.690000000	0.302	1496
735.992000000	0.2905	1497
736.282500000	0.562594	1498
736.845093750	0.290906	1499
737.136000000	0.322865	1500
737.458864583	0.269135	1501
737.728000000	0.272563	1502
738.000562500	0.287437	1503
738.288000000	0.327	1504
738.615000000	0.6525	1505
739.267500000	0.2765	1506
739.544000000	0.2935	1507
739.837500000	0.2585	1508
740.096000000	0.276823	1509
740.372822917	0.541073	1510
740.913895833	0.318104	1511
741.232000000	0.290323	1512
741.522322917	0.53326	1513
742.055583333	0.296417	1514
742.352000000	0.3505	1515
742.702500000	0.5625	1516
743.265000000	0.263	1517
743.528000000	0.307	1518
743.835000000	0.7425	1519
744.577500000	2.91789	1520
747.495385417	2.33876	1521
749.834145833	0.8575	1522
750.691645833	0.650854	1523
751.342500000	0.675	1524
752.017500000	0.66	1525
752.677500000	0.75	1526
753.427500000	0.6675	1527
754.095000000	0.615	1528
754.710000000	0.615	1529
755.325000000	0.6525	1530
755.977500000	0.6225	1531
756.600000000	0.304	1532
756.904000000	0.4085	1533
757.312500000	0.63	1534
757.942500000	0.688271	1535
758.630770833	0.618781	1536
759.249552083	0.326448	1537
759.576000000	0.288	1538
759.864000000	0.771	1539
760.635000000	0.719521	1540
761.354520833	0.704677	1541
762.059197917	0.654167	1542
762.713364583	0.681635	1543
763.395000000	0.745365	1544
764.140364583	0.777135	1545
764.917500000	0.66	1546
765.577500000	0.590958	1547
766.168458333	0.586542	1548
766.755000000	0.615	1549
767.370000000	0.66	1550
768.030000000	0.66	1551
768.690000000	0.75274	1552
769.442739583	0.65726	1553
770.100000000	0.316	1554
770.416000000	0.3515	1555
770.767500000	0.700021	1556
771.467520833	0.604979	1557
772.072500000	0.615	1558
772.687500000	0.606802	1559
773.294302083	0.660698	1560
773.955000000	0.645	1561
774.600000000	0.5825	1562
775.182500000	0.6325	1563
775.815000000	0.69	1564
776.505000000	0.587365	1565
777.092364583	0.635135	1566
777.727500000	0.6525	1567
778.380000000	0.6375	1568
779.017500000	0.6075	1569
779.625000000	0.645	1570
780.270000000	0.675	1571
780.945000000	0.676531	1572
781.621531250	0.669292	1573
782.290822917	0.652281	1574
782.943104167	0.709396	1575
783.652500000	0.6375	1576
784.290000000	0.695781	1577
784.985781250	0.624219	1578
785.610000000	0.6975	1579
786.307500000	0.7275	1580
787.035000000	0.8775	1581
787.912500000	1.26	1582
789.172500000	0.9155	1583
790.088000000	0.352	1584
790.440000000	1.2675	1585
791.707500000	0.8925	1586
792.600000000	0.33	1587
792.930000000	1.5	1588
794.430000000	0.7125	1589
795.142500000	0.7575	1590
795.900000000	0.69	1591
796.590000000	0.6675	1592
797.257500000	0.6675	1593
797.925000000	0.676792	1594
798.601791667	0.658208	1595
799.260000000	0.6825	1596
799.942500000	0.6675	1597
800.610000000	0.69	1598
801.300000000	0.6225	1599
801.922500000	0.6975	1600
802.620000000	0.655323	1601
803.275322917	0.679677	1602
803.955000000	0.680469	1603
804.635468750	0.699531	1604
805.335000000	0.6825	1605
806.017500000	0.78	1606
806.797500000	0.624958	1607
807.422458333	0.649969	1608
808.072427083	0.712573	1609
808.785000000	0.66	1610
809.445000000	0.7125	1611
810.157500000	0.69	1612
810.847500000	0.7275	1613
811.575000000	0.795	1614
812.370000000	0.63	1615
813.000000000	0.605094	1616
813.605093750	0.572406	1617
814.177500000	0.2785	1618
814.456000000	0.284	1619
814.740000000	0.6375	1620
815.377500000	0.554688	1621
815.932187500	0.532812	1622
816.465000000	0.279	1623
816.744000000	0.329937	1624
817.073937500	0.643562	1625
817.717500000	0.54	1626
818.257500000	0.555	1627
818.812500000	0.3075	1628
819.120000000	0.4125	1629
819.532500000	0.765	1630
820.297500000	0.676167	1631
820.973666667	0.606333	1632
821.580000000	0.6525	1633
822.232500000	0.63	1634
822.862500000	0.696177	1635
823.558677083	0.612198	1636
824.170875000	0.694125	1637
824.865000000	0.7425	1638
825.607500000	0.7575	1639
826.365000000	0.645	1640
827.010000000	0.72	1641
827.730000000	0.72	1642
828.450000000	0.724073	1643
829.174072917	0.68701	1644
829.861083333	0.778917	1645
830.640000000	0.626854	1646
831.266854167	0.636354	1647
831.903208333	0.731792	1648
832.635000000	0.6975	1649
833.332500000	0.705	1650
834.037500000	0.7425	1651
834.780000000	0.6825	1652
835.462500000	0.7125	1653
836.175000000	0.7725	1654
836.947500000	0.69326	1655
837.640760417	0.701063	1656
838.341822917	0.788177	1657
839.130000000	0.78	1658
839.910000000	0.66	1659
840.570000000	0.708781	1660
841.278781250	0.626219	1661
841.905000000	0.765	1662
842.670000000	0.6675	1663
843.337500000	0.795	1664
844.132500000	0.66	1665
844.792500000	0.6825	1666
845.475000000	0.75	1667
846.225000000	0.660708	1668
846.885708333	0.726792	1669
847.612500000	0.735	1670
848.347500000	0.72	1671
849.067500000	0.798417	1672
849.865916667	0.851583	1673
850.717500000	0.8925	1674
851.610000000	0.885	1675
852.495000000	0.6825	1676
853.177500000	0.69	1677
853.867500000	0.675	1678
854.542500000	0.757156	1679
855.299656250	0.720344	1680
856.020000000	0.66751	1681
856.687510417	0.72749	1682
857.415000000	0.8625	1683
858.277500000	0.718594	1684
858.996093750	0.893781	1685
859.889875000	0.784219	1686
860.674093750	0.723406	1687
861.397500000	0.6975	1688
862.095000000	0.615	1689
862.710000000	0.73726	1690
863.447260417	0.748583	1691
864.195843750	0.944156	1692
865.140000000	1.3199	1693
866.459895833	0	1694