0.720000000	0	0.5
0.968000000	241.935	0.6
1.200000000	258.621	1.1
1.404000000	294.118	1.2
1.636000000	258.621	1.3
1.844000000	288.462	1.4
2.076000000	258.621	1.5
2.296020833	272.701	1.6
2.528000000	258.644	2.1
2.736000000	288.462	2.2
2.956000000	272.727	2.3
3.178552083	269.6	2.4
3.388000000	286.467	2.5
3.596000000	288.462	2.6
3.820000000	267.857	3.1
4.040000000	272.727	3.2
4.236000000	306.122	3.3
4.475375000	250.653	3.4
4.692000000	276.976	3.5
4.912000000	272.727	3.6
5.140000000	263.158	4.1
5.348000000	288.462	4.2
5.568000000	272.727	4.3
5.776000000	288.462	4.4
5.972000000	306.122	4.5
6.168000000	306.122	4.6
6.396000000	263.158	5.1
6.600000000	294.118	5.2
6.828000000	263.158	5.3
7.024000000	306.122	5.4
7.224000000	300	5.5
7.442562500	274.521	5.6
7.656000000	281.113	6.1
7.876000000	272.727	6.2
8.104000000	263.158	6.3
8.288000000	326.087	6.4
8.504000000	277.778	6.5
8.700000000	306.122	6.6
8.928000000	263.158	7.1
9.132000000	294.118	7.2
9.356000000	267.857	7.3
9.552000000	306.122	7.4
9.760000000	288.462	7.5
9.972000000	283.019	7.6
10.184000000	283.019	8.1
10.392000000	288.462	8.2
10.588000000	306.122	8.3
10.816916667	262.104	8.4
11.024000000	289.738	8.5
11.244000000	272.727	8.6
11.424000000	333.333	9.1
11.652000000	263.158	9.2
11.856000000	294.118	9.3
12.072000000	277.778	9.4
12.280000000	288.462	9.5
12.502937500	269.134	9.6
12.742031250	250.948	10.1
12.968000000	265.523	10.2
13.244000000	217.391	10.3
13.480000000	254.237	10.4
13.756000000	217.391	10.5
13.960000000	294.118	10.6
14.168000000	288.462	11.1
14.396000000	263.158	11.2
14.632000000	254.237	11.3
14.844000000	283.019	11.4
15.052000000	288.462	11.5
15.281604167	261.319	11.6
15.504000000	269.789	12.1
15.740000000	254.237	12.2
16.020000000	214.286	12.3
16.232000000	283.019	12.4
16.472000000	250	12.5
16.692000000	272.727	12.6
16.932000000	250	13.1
17.168000000	254.237	13.2
17.400000000	258.621	13.3
17.632000000	258.621	13.4
17.860000000	263.158	13.5
18.124000000	227.273	13.6
18.380000000	234.375	14.1
18.696000000	189.873	14.2
19.056000000	166.667	14.3
19.311885417	234.48	14.4
19.592000000	214.198	14.5
19.804000000	283.019	14.6
20.000000000	306.122	15.1
20.228000000	263.158	15.2
20.432000000	294.118	15.3
20.644000000	283.019	15.4
20.852000000	288.462	15.5
21.069520833	275.836	15.6
21.284000000	279.747	16.1
21.533218750	240.752	16.2
21.744083333	284.543	16.3
21.964000000	272.831	16.4
22.172000000	288.462	16.5
22.364000000	312.5	16.6
22.588000000	267.857	17.1
22.796000000	288.462	17.2
23.012000000	277.778	17.3
23.208000000	306.122	17.4
23.396000000	319.149	17.5
23.624000000	263.158	17.6
23.848000000	267.857	18.1
24.044000000	306.122	18.2
24.248000000	294.118	18.3
24.512000000	227.273	18.4
24.700000000	319.149	18.5
24.916000000	277.778	18.6
25.124000000	288.462	19.1
25.344000000	272.727	19.2
25.544000000	300	19.3
25.728000000	326.087	19.4
25.956000000	263.158	19.5
26.156000000	300	19.6
26.376000000	272.727	20.1
26.588000000	283.019	20.2
26.814927083	264.402	20.3
27.044000000	261.925	20.4
27.248000000	294.118	20.5
27.440000000	312.5	20.6
27.664000000	267.857	21.1
27.872520833	287.741	21.2
28.092000000	273.374	21.3
28.296000000	294.118	21.4
28.492000000	306.122	21.5
28.684000000	312.5	21.6
28.908000000	267.857	22.1
29.126447917	274.665	22.2
29.312000000	323.359	22.3
29.508000000	306.122	22.4
29.712000000	294.118	22.5
29.908000000	306.122	22.6
30.108000000	300	23.1
30.308000000	300	23.2
30.528000000	272.727	23.3
30.732000000	294.118	23.4
30.912000000	333.333	23.5
31.172177083	230.612	23.6
31.417145833	244.929	24.1
31.640822917	268.244	24.2
31.868000000	264.111	24.3
32.076000000	288.462	24.4
32.288000000	283.019	24.5
32.492000000	294.118	24.6
32.700000000	288.462	25.1
32.896000000	306.122	25.2
33.100000000	294.118	25.3
33.309041667	287.024	25.4
33.508000000	301.571	25.5
33.756000000	241.935	25.6
33.996000000	250	26.1
34.240000000	245.902	26.2
34.440000000	300	26.3
34.660000000	272.727	26.4
34.876000000	277.778	26.5
35.052000000	340.909	26.6
35.316000000	227.273	27.1
35.512000000	306.122	27.2
35.748000000	254.237	27.3
36.003041667	235.256	27.4
36.232000000	262.056	27.5
36.472000000	250	27.6
36.744000000	220.588	28.1
37.070468750	183.785	28.2
37.429052083	167.325	28.3
37.800000000	161.748	28.4
38.184000000	156.25	28.5
38.416000000	258.621	28.6
38.641125000	266.519	29.1
38.848000000	290.03	29.2
39.060000000	283.019	29.3
39.304000000	245.902	29.4
39.512000000	288.462	29.5
39.748000000	254.237	29.6
39.996000000	241.935	30.1
40.236000000	250	30.2
40.440000000	294.118	30.3
40.632000000	312.5	30.4
40.860000000	263.158	30.5
41.084000000	267.857	30.6
41.292000000	288.462	31.1
41.512000000	272.727	31.2
41.736000000	267.857	31.3
41.976000000	250	31.4
42.140000000	365.854	31.5
42.392000000	238.095	31.6
42.632000000	250	32.1
42.836000000	294.118	32.2
43.080000000	245.902	32.3
43.256000000	340.909	32.4
43.476000000	272.727	32.5
43.684000000	288.462	32.6
43.917906250	256.513	33.1
44.132000000	280.251	33.2
44.356000000	267.857	33.3
44.564000000	288.462	33.4
44.792000000	263.158	33.5
45.024000000	258.621	33.6
45.256000000	258.621	34.1
45.472000000	277.778	34.2
45.668000000	306.122	34.3
45.904000000	254.237	34.4
46.096000000	312.5	34.5
46.300000000	294.118	34.6
46.508000000	288.462	35.1
46.744197917	254.024	35.2
46.948000000	294.403	35.3
47.152000000	294.118	35.4
47.384000000	258.621	35.5
47.600000000	277.778	35.6
47.908000000	194.805	36.1
48.148312500	249.675	36.2
48.372052083	268.169	36.3
48.577583333	291.926	36.4
48.776000000	302.394	36.5
48.972000000	306.122	36.6
49.188000000	277.778	37.1
49.412000000	267.857	37.2
49.652000000	250	37.3
49.928000000	217.391	37.4
50.188000000	230.769	37.5
50.524000000	178.571	37.6
50.872000000	172.414	38.1
51.156000000	211.268	38.2
51.360000000	294.118	38.3
51.568000000	288.462	38.4
51.788000000	272.727	38.5
52.013614583	265.94	38.6
52.292000000	215.529	39.1
52.508000000	277.778	39.2
52.784000000	217.391	39.3
53.012000000	263.158	39.4
53.227177083	278.84	39.5
53.472000000	245.075	39.6
53.652000000	333.333	40.1
53.864000000	283.019	40.2
54.068000000	294.118	40.3
54.280000000	283.019	40.4
54.512000000	258.621	40.5
54.716000000	294.118	40.6
54.952000000	254.237	41.1
55.124000000	348.837	41.2
55.352000000	263.158	41.3
55.584000000	258.621	41.4
55.808000000	267.857	41.5
56.036000000	263.158	41.6
56.272000000	254.237	42.1
56.524000000	238.095	42.2
56.752000000	263.158	42.3
56.952000000	300	42.4
57.189187500	252.964	42.5
57.416000000	264.536	42.6
57.649645833	256.799	43.1
57.872000000	269.84	43.2
58.119760417	242.169	43.3
58.332000000	282.699	43.4
58.572000000	250	43.5
58.780000000	288.462	43.6
58.992000000	283.019	44.1
59.200000000	288.462	44.2
59.432000000	258.621	44.3
59.624000000	312.5	44.4
59.852000000	263.158	44.5
60.052000000	300	44.6
60.284000000	258.621	45.1
60.480000000	306.122	45.2
60.680000000	300	45.3
60.920000000	250	45.4
61.132000000	283.019	45.5
61.324000000	312.5	45.6
61.568000000	245.902	46.1
61.808000000	250	46.2
62.028000000	272.727	46.3
62.236000000	288.462	46.4
62.444000000	288.462	46.5
62.670281250	265.157	46.6
62.888000000	275.585	47.1
63.112000000	267.857	47.2
63.320000000	288.462	47.3
63.516000000	306.122	47.4
63.716000000	300	47.5
63.924000000	288.462	47.6
64.124000000	300	48.1
64.344000000	272.727	48.2
64.560000000	277.778	48.3
64.772000000	283.019	48.4
65.004000000	258.621	48.5
65.204000000	300	48.6
65.416000000	283.019	49.1
65.600000000	326.087	49.2
65.820000000	272.727	49.3
66.016000000	306.122	49.4
66.228000000	283.019	49.5
66.480000000	238.095	49.6
66.676000000	306.122	50.1
66.920000000	245.902	50.2
67.108000000	319.149	50.3
67.296000000	319.149	50.4
67.496000000	300	50.5
67.720000000	267.857	50.6
67.934177083	280.142	51.1
68.208000000	219.12	51.2
68.436000000	263.158	51.3
68.620000000	326.087	51.4
68.812000000	312.5	51.5
69.016000000	294.118	51.6
69.240000000	267.857	52.1
69.480000000	250	52.2
69.688000000	288.462	52.3
69.876000000	319.149	52.4
70.056000000	333.333	52.5
70.260000000	294.118	52.6
70.480000000	272.727	53.1
70.742750000	228.354	53.2
70.952000000	286.738	53.3
71.136000000	326.087	53.4
71.316000000	333.333	53.5
71.516000000	300	53.6
71.748000000	258.621	54.1
72.008000000	230.769	54.2
72.192000000	326.087	54.3
72.376000000	326.087	54.4
72.588000000	283.019	54.5
72.788000000	300	54.6
73.028000000	250	55.1
73.236000000	288.462	55.2
73.436000000	300	55.3
73.616000000	333.333	55.4
73.816000000	300	55.5
74.049885417	256.536	55.6
74.256000000	291.1	56.1
74.500000000	245.902	56.2
74.692000000	312.5	56.3
74.900000000	288.462	56.4
75.064000000	365.854	56.5
75.290458333	264.949	56.6
75.480000000	316.553	57.1
75.708000000	263.158	57.2
75.888000000	333.333	57.3
76.112000000	267.857	57.4
76.304000000	312.5	57.5
76.531604167	263.616	57.6
76.784000000	237.722	58.1
77.136000000	170.455	58.2
77.404000000	223.881	58.3
77.624000000	272.727	58.4
77.844000000	272.727	58.5
78.047541667	294.78	58.6
78.254135417	290.425	59.1
78.464000000	285.899	59.2
78.692000000	263.158	59.3
78.892000000	300	59.4
79.144000000	238.095	59.5
79.367416667	268.557	59.6
79.596000000	262.486	60.1
79.840000000	245.902	60.2
80.040000000	300	60.3
80.240000000	300	60.4
80.436000000	306.122	60.5
80.640000000	294.118	60.6
80.848000000	288.462	61.1
81.082187500	256.205	61.2
81.292000000	285.97	61.3
81.501572917	286.297	61.4
81.720000000	274.691	61.5
81.933177083	281.456	61.6
82.144000000	284.599	62.1
82.355156250	284.15	62.2
82.584656250	261.438	62.3
82.768000000	327.254	62.4
82.976000000	288.462	62.5
83.160000000	326.087	62.6
83.388000000	263.158	63.1
83.598635417	284.852	63.2
83.826062500	263.821	63.3
84.012000000	322.689	63.4
84.212000000	300	63.5
84.424000000	283.019	63.6
84.636000000	283.019	64.1
84.860000000	267.857	64.2
85.048000000	319.149	64.3
85.252000000	294.118	64.4
85.480062500	263.086	64.5
85.636000000	384.77	64.6
85.852000000	277.778	65.1
86.056000000	294.118	65.2
86.260000000	294.118	65.3
86.491197917	259.518	65.4
86.668000000	339.363	65.5
86.872000000	294.118	65.6
87.056000000	326.087	66.1
87.272000000	277.778	66.2
87.484000000	283.019	66.3
87.676000000	312.5	66.4
87.872000000	306.122	66.5
88.076000000	294.118	66.6
88.313062500	253.098	67.1
88.499572917	321.698	67.2
88.688000000	318.426	67.3
88.900000000	283.019	67.4
89.096000000	306.122	67.5
89.332000000	254.237	67.6
89.552000000	272.727	68.1
89.772000000	272.727	68.2
90.056000000	211.268	68.3
90.268000000	283.019	68.4
90.488000000	272.727	68.5
90.730229167	247.699	68.6
90.968000000	252.344	69.1
91.180000000	283.019	69.2
91.364000000	326.087	69.3
91.572000000	288.462	69.4
91.748000000	340.909	69.5
91.964000000	277.778	69.6
92.209854167	244.047	70.1
92.416000000	291.056	70.2
92.662354167	243.552	70.3
92.980000000	188.89	70.4
93.220000000	250	70.5
93.408000000	319.149	70.6
93.612000000	294.118	71.1
93.840000000	263.158	71.2
94.048000000	288.462	71.3
94.224000000	340.909	71.4
94.428000000	294.118	71.5
94.628000000	300	71.6
94.840000000	283.019	72.1
95.050656250	284.824	72.2
95.269416667	274.273	72.3
95.469135417	300.422	72.4
95.672000000	295.764	72.5
95.880000000	288.462	72.6
96.120000000	250	73.1
96.380000000	230.769	73.2
96.632000000	238.095	73.3
96.888000000	234.375	73.4
97.092000000	294.118	73.5
97.304000000	283.019	73.6
97.512000000	288.462	74.1
97.724000000	283.019	74.2
97.932000000	288.462	74.3
98.132000000	300	74.4
98.344000000	283.019	74.5
98.584812500	249.156	74.6
98.796000000	284.108	75.1
98.992000000	306.122	75.2
99.236000000	245.902	75.3
99.468208333	258.389	75.4
99.728000000	230.954	75.5
100.004000000	217.391	75.6
100.292000000	208.333	76.1
100.560000000	223.881	76.2
100.812000000	238.095	76.3
101.128000000	189.873	76.4
103.157333333	29.5664	76.5
103.456000000	200.893	76.6
103.736000000	214.286	77.1
104.078166667	175.353	77.2
104.428000000	171.51	77.3
104.804000000	159.574	77.4
105.244000000	136.364	77.5
105.572000000	182.927	77.6
105.923312500	170.788	78.1
106.392000000	128.017	78.2
106.836000000	135.135	78.3
107.220000000	156.25	78.4
107.696000000	126.05	78.5
108.164000000	128.205	78.6
108.648000000	123.967	79.1
109.032000000	156.25	79.2
109.384000000	170.455	79.3
109.668000000	211.268	79.4
109.916000000	241.935	79.5
110.183854167	224.002	79.6
110.464364583	213.896	80.1
110.700000000	254.631	80.2
110.928000000	263.158	80.3
111.171447917	246.459	80.4
111.412000000	249.426	80.5
111.664000000	238.095	80.6
111.968000000	197.368	81.1
112.256000000	208.333	81.2
112.532000000	217.391	81.3
112.732000000	300	81.4
112.992000000	230.769	81.5
113.237947917	243.954	81.6
113.489031250	238.964	82.1
113.764000000	218.207	82.2
114.000000000	254.237	82.3
114.248000000	241.935	82.4
114.552000000	197.368	82.5
114.864000000	192.308	82.6
115.212000000	172.414	83.1
115.464000000	238.095	83.2
115.756000000	205.479	83.3
115.979166667	268.857	83.4
116.248000000	223.187	83.5
116.484000000	254.237	83.6
116.728000000	245.902	84.1
116.952000000	267.857	84.2
117.208000000	234.375	84.3
117.460000000	238.095	84.4
117.696000000	254.237	84.5
117.920000000	267.857	84.6
118.239104167	188.026	85.1
118.556000000	189.337	85.2
118.816000000	230.769	85.3
119.056000000	250	85.4
119.288000000	258.621	85.5
119.536000000	241.935	85.6
119.792000000	234.375	86.1
120.036000000	245.902	86.2
120.280000000	245.902	86.3
120.516000000	254.237	86.4
120.788000000	220.588	86.5
121.020000000	258.621	86.6
121.328000000	194.805	87.1
121.594229167	225.37	87.2
121.824000000	261.13	87.3
122.104000000	214.286	87.4
122.364958333	229.922	87.5
122.592000000	264.269	87.6
122.892000000	200	88.1
123.208000000	189.873	88.2
123.524281250	189.705	88.3
123.796000000	220.817	88.4
124.072000000	217.391	88.5
124.376000000	197.368	88.6
124.684000000	194.805	89.1
125.036000000	170.455	89.2
125.405677083	162.304	89.3
125.784000000	158.595	89.4
126.196000000	145.631	89.5
126.644000000	133.929	89.6
126.996000000	170.455	79.1
127.496000000	120	79.2
127.818291667	186.167	79.3
128.080000000	229.263	79.4
128.316000000	254.237	79.5
128.576000000	230.769	79.6
128.840447917	226.888	80.1
129.120000000	214.629	80.2
129.368000000	241.935	80.3
129.624000000	234.375	80.4
129.912000000	208.333	80.5
130.284000000	161.29	80.6
130.596000000	192.308	81.1
130.888000000	205.479	81.2
131.152000000	227.273	81.3
131.412000000	230.769	81.4
131.644000000	258.621	81.5
131.884000000	250	81.6
132.144000000	230.769	82.1
132.420000000	217.391	82.2
132.644000000	267.857	82.3
132.904000000	230.769	82.4
133.248000000	174.419	82.5
133.620000000	161.29	82.6
133.944000000	185.185	83.1
134.248000000	197.368	83.2
134.540000000	205.479	83.3
134.776000000	254.237	83.4
135.044000000	223.881	83.5
135.284000000	250	83.6
135.542270833	232.314	84.1
135.764000000	270.6	84.2
135.988000000	267.857	84.3
136.265510417	216.208	84.4
136.516000000	239.531	84.5
136.756000000	250	84.6
137.056000000	200	85.1
137.420000000	164.835	85.2
137.700000000	214.286	85.3
137.960000000	230.769	85.4
138.196000000	254.237	85.5
138.452000000	234.375	85.6
138.720000000	223.881	86.1
138.980000000	230.769	86.2
139.212000000	258.621	86.3
139.468000000	234.375	86.4
139.704000000	254.237	86.5
139.972000000	223.881	86.6
140.256000000	211.268	87.1
140.564000000	194.805	87.2
140.800000000	254.237	87.3
141.056000000	234.375	87.4
141.356000000	200	87.5
141.636000000	214.286	87.6
141.936000000	200	88.1
142.257333333	186.722	88.2
142.571145833	191.197	88.3
142.867364583	202.553	88.4
143.160000000	205.033	88.5
143.468000000	194.805	88.6
143.808000000	176.471	89.1
144.208000000	150	89.2
144.527947917	187.531	89.3
144.896000000	163.02	89.4
145.420000000	114.504	89.5
145.836000000	144.231	89.6
146.200000000	164.835	90.1
146.672000000	127.119	90.2
146.992000000	187.5	90.3
147.264000000	220.588	90.4
147.516000000	238.095	90.5
147.748000000	258.621	90.6
148.020000000	220.588	91.1
148.254000000	256.41	91.2
148.496000000	247.934	91.3
148.756000000	230.769	91.4
148.984000000	263.158	91.5
149.216000000	258.621	91.6
149.540000000	185.185	92.1
149.804000000	227.273	92.2
150.092000000	208.333	92.3
150.348562500	233.861	92.4
150.592000000	246.47	92.5
150.804000000	283.019	92.6
151.053614583	240.371	93.1
151.294260417	249.329	93.2
151.544000000	240.25	93.3
151.792000000	241.935	93.4
152.104000000	192.308	93.5
152.476000000	161.29	93.6
152.720000000	245.902	94.1
153.088000000	163.043	94.2
153.334750000	243.161	94.3
153.548000000	281.36	94.4
153.792000000	245.902	94.5
154.060000000	223.881	94.6
154.340000000	214.286	95.1
154.564000000	267.857	95.2
154.772000000	288.462	95.3
155.044000000	220.588	95.4
155.300000000	234.375	95.5
155.540000000	250	95.6
155.780000000	250	96.1
156.128000000	172.414	96.2
156.432000000	197.368	96.3
156.672000000	250	96.4
156.912000000	250	96.5
157.144000000	258.621	96.6
157.404000000	230.769	97.1
157.640000000	254.237	97.2
157.880000000	250	97.3
158.108000000	263.158	97.4
158.386635417	215.335	97.5
158.664000000	216.322	97.6
158.884000000	272.727	98.1
159.148000000	227.273	98.2
159.372000000	267.857	98.3
159.616000000	245.902	98.4
159.888000000	220.588	98.5
160.140000000	238.095	98.6
160.412000000	220.588	99.1
160.742041667	181.795	99.2
161.032000000	206.926	99.3
161.320312500	208.108	99.4
161.504000000	326.642	99.5
161.812000000	194.805	99.6
162.163489583	170.702	100.1
162.486927083	185.507	100.2
162.776000000	207.56	100.3
163.035197917	231.483	100.4
163.312000000	216.761	100.5
163.592000000	214.286	100.6
163.936000000	174.419	101.1
164.312000000	159.574	101.2
164.596000000	211.268	101.3
164.792000000	306.122	101.4
165.056000000	227.273	101.5
165.340000000	211.268	101.6
165.617458333	216.249	102.1
165.862281250	245.075	102.2
166.052000000	316.258	102.3
166.353614583	198.929	102.4
166.609333333	234.633	102.5
166.859843750	239.511	102.6
167.100000000	249.837	103.1
167.516000000	144.231	103.2
167.748000000	258.621	103.3
167.988000000	250	103.4
168.248000000	230.769	103.5
168.528000000	214.286	103.6
168.808000000	214.286	104.1
169.084000000	217.391	104.2
169.356000000	220.588	104.3
169.628000000	220.588	104.4
169.916000000	208.333	104.5
170.187520833	220.978	104.6
170.566885417	158.159	105.1
170.876000000	194.103	105.2
171.152000000	217.391	105.3
171.361541667	286.339	105.4
171.638177083	216.892	105.5
171.892000000	236.385	105.6
172.109541667	275.809	106.1
172.332000000	269.713	106.2
172.600000000	223.881	106.3
172.864000000	227.273	106.4
173.113604167	240.381	106.5
173.364000000	239.621	106.6
173.684000000	187.5	107.1
174.000000000	189.873	107.2
174.228000000	263.158	107.3
174.496000000	223.881	107.4
174.774437500	215.488	107.5
175.084000000	193.822	107.6
175.384135417	199.91	108.1
175.628000000	246.038	108.2
175.956000000	182.927	108.3
176.251437500	203.089	108.4
176.632000000	157.661	108.5
177.024000000	153.061	108.6
177.332000000	194.805	90.1
177.712000000	157.895	90.2
178.000000000	208.333	90.3
178.245041667	244.856	90.4
178.548000000	198.047	90.5
178.772000000	267.857	90.6
179.020000000	241.935	91.1
179.284000000	227.273	91.2
179.513739583	261.165	91.3
179.756000000	247.667	91.4
180.032000000	217.391	91.5
180.284000000	238.095	91.6
180.564000000	214.286	92.1
180.828000000	227.273	92.2
181.088000000	230.769	92.3
181.336000000	241.935	92.4
181.580000000	245.902	92.5
181.808000000	263.158	92.6
182.040000000	258.621	93.1
182.300000000	230.769	93.2
182.532000000	258.621	93.3
182.780000000	241.935	93.4
183.084000000	197.368	93.5
183.440000000	168.539	93.6
183.688000000	241.935	94.1
184.040000000	170.455	94.2
184.283437500	246.47	94.3
184.530604167	242.751	94.4
184.816000000	210.234	94.5
185.044000000	263.158	94.6
185.292000000	241.935	95.1
185.527666667	254.597	95.2
185.812000000	211.02	95.3
186.024000000	283.019	95.4
186.274979167	239.064	95.5
186.535593750	230.225	95.6
186.784000000	241.54	96.1
187.128000000	174.419	96.2
187.396000000	223.881	96.3
187.628000000	258.621	96.4
187.880000000	238.095	96.5
188.109093750	261.902	96.6
188.382041667	219.822	97.1
188.624000000	247.977	97.2
188.880000000	234.375	97.3
189.144000000	227.273	97.4
189.356000000	283.019	97.5
189.656000000	200	97.6
189.948000000	205.479	98.1
190.216000000	223.881	98.2
190.440000000	267.857	98.3
190.686395833	243.511	98.4
190.940000000	236.589	98.5
191.176000000	254.237	98.6
191.472000000	202.703	99.1
191.828000000	168.539	99.2
192.076854167	241.105	99.3
192.372000000	203.289	99.4
192.685687500	191.273	99.5
192.956000000	221.965	99.6
193.316000000	166.667	100.1
193.672000000	168.539	100.2
194.004000000	180.723	100.3
194.247677083	246.228	100.4
194.548000000	199.785	100.5
194.888000000	176.471	100.6
195.240000000	170.455	101.1
195.588000000	172.414	101.2
195.964000000	159.574	101.3
196.220000000	234.375	101.4
196.420000000	300	101.5
196.712000000	205.479	101.6
196.968000000	234.375	102.1
197.264000000	202.703	102.2
197.532750000	223.256	102.3
197.787625000	235.41	102.4
198.019968750	258.238	102.5
198.272000000	238.066	102.6
198.548000000	217.391	103.1
198.932000000	156.25	103.2
199.192000000	230.769	103.3
199.436000000	245.902	103.4
199.715739583	214.485	103.5
200.004000000	208.145	103.6
200.332000000	182.927	104.1
200.708000000	159.574	104.2
201.020000000	192.308	104.3
201.256000000	254.237	104.4
201.536000000	214.286	104.5
201.836000000	200	104.6
202.192000000	168.539	105.1
202.532000000	176.471	105.2
202.768000000	254.237	105.3
203.036000000	223.881	105.4
203.302666667	225	105.5
203.572000000	222.772	105.6
203.796000000	267.857	106.1
204.033833333	252.278	106.2
204.300000000	225.423	106.3
204.584000000	211.268	106.4
204.828000000	245.902	106.5
205.084000000	234.375	106.6
205.436000000	170.455	107.1
205.756000000	187.5	107.2
205.996000000	250	107.3
206.292000000	202.703	107.4
206.528000000	254.237	107.5
206.880000000	170.455	107.6
207.120000000	250	108.1
207.468000000	172.414	108.2
207.760000000	205.479	108.3
207.996000000	254.237	108.4
208.272000000	217.391	108.5
208.584000000	192.308	108.6
208.832000000	241.935	109.1
209.124666667	205.011	109.2
209.364927083	249.729	109.3
209.619125000	236.037	109.4
209.992000000	160.912	109.5
210.316000000	185.185	109.6
210.600000000	211.268	110.1
210.870718750	221.632	110.2
211.160427083	207.105	110.3
211.384000000	268.369	110.4
211.708187500	185.078	110.5
211.996000000	208.469	110.6
212.300000000	197.368	111.1
212.616000000	189.873	111.2
212.940000000	185.185	111.3
213.224000000	211.268	111.4
213.545364583	186.704	111.5
213.827041667	213.01	111.6
214.128677083	198.916	112.1
214.392000000	227.857	112.2
214.692000000	200	112.3
215.092000000	150	112.4
215.448000000	168.539	112.5
215.768000000	187.5	112.6
216.092000000	185.185	113.1
216.412000000	187.5	113.2
216.956000000	110.294	113.3
217.532000000	104.167	113.4
217.892000000	166.667	113.5
218.180000000	208.333	113.6
218.463229167	211.843	114.1
218.752000000	207.777	114.2
219.132000000	157.895	114.3
219.475447917	174.699	114.4
219.840000000	164.586	114.5
220.232000000	153.061	114.6
220.668000000	137.615	115.1
221.212000000	110.294	115.2
221.876000000	90.3614	115.3
222.489677083	97.7713	115.4
223.292000000	74.7829	0.5
223.556000000	227.273	0.6
223.796000000	250	1.1
224.032000000	254.237	1.2
224.256000000	267.857	1.3
224.456000000	300	1.4
224.692000000	254.237	1.5
224.908031250	277.738	1.6
225.188000000	214.31	2.1
225.424000000	254.237	2.2
225.660000000	254.237	2.3
225.854739583	308.104	2.4
226.064000000	286.724	2.5
226.276000000	283.019	2.6
226.484000000	288.462	3.1
226.684000000	300	3.2
226.932000000	241.935	3.3
227.168000000	254.237	3.4
227.360000000	312.5	3.5
227.592000000	258.621	3.6
227.812000000	272.727	4.1
228.056000000	245.902	4.2
228.263114583	289.695	4.3
228.473875000	284.683	4.4
228.656000000	329.444	4.5
228.852000000	306.122	4.6
229.076000000	267.857	5.1
229.288541667	282.298	5.2
229.508322917	272.999	5.3
229.724906250	277.03	5.4
229.916000000	313.982	5.5
230.134093750	275.111	5.6
230.380000000	243.995	6.1
230.598479167	274.626	6.2
230.805697917	289.549	6.3
231.004000000	302.569	6.4
231.208000000	294.118	6.5
231.408000000	300	6.6
231.632000000	267.857	7.1
231.844000000	283.019	7.2
232.052000000	288.462	7.3
232.264958333	281.745	7.4
232.464000000	301.444	7.5
232.680031250	277.738	7.6
232.896000000	277.818	8.1
233.104000000	288.462	8.2
233.316000000	283.019	8.3
233.530802083	279.327	8.4
233.751031250	272.443	8.5
233.969041667	275.216	8.6
234.164000000	307.758	9.1
234.367635417	294.644	9.2
234.572000000	293.593	9.3
234.797895833	265.609	9.4
235.000000000	296.877	9.5
235.240000000	250	9.6
235.444000000	294.118	10.1
235.720000000	217.391	10.2
236.024000000	197.368	10.3
236.266718750	247.2	10.4
236.523770833	233.416	10.5
236.720000000	305.765	10.6
236.932000000	283.019	11.1
237.146083333	280.265	11.2
237.364000000	275.335	11.3
237.600000000	254.237	11.4
237.800000000	300	11.5
238.032000000	258.621	11.6
238.264000000	258.621	12.1
238.512000000	241.935	12.2
238.752000000	250	12.3
238.968000000	277.778	12.4
239.192000000	267.857	12.5
239.444041667	238.056	12.6
239.696000000	238.135	13.1
239.940875000	245.023	13.2
240.180000000	250.915	13.3
240.392000000	283.019	13.4
240.616000000	267.857	13.5
240.884000000	223.881	13.6
241.168000000	211.268	14.1
241.540000000	161.29	14.2
241.936000000	151.515	14.3
242.244000000	194.805	14.4
242.472000000	263.158	14.5
242.684312500	282.602	14.6
242.888000000	294.569	15.1
243.072000000	326.087	15.2
243.312000000	250	15.3
243.532000000	272.727	15.4
243.744000000	283.019	15.5
243.976000000	258.621	15.6
244.212000000	254.237	16.1
244.440000000	263.158	16.2
244.644000000	294.118	16.3
244.872000000	263.158	16.4
245.068000000	306.122	16.5
245.280000000	283.019	16.6
245.496000000	277.778	17.1
245.720000000	267.857	17.2
245.952000000	258.621	17.3
246.157593750	291.838	17.4
246.356000000	302.41	17.5
246.587458333	259.226	17.6
246.800000000	282.298	18.1
247.012000000	283.019	18.2
247.228000000	277.778	18.3
247.436000000	288.462	18.4
247.640000000	294.118	18.5
247.836000000	306.122	18.6
248.064000000	263.158	19.1
248.279562500	278.342	19.2
248.532000000	237.683	19.3
248.720312500	318.619	19.4
248.932000000	283.437	19.5
249.172000000	250	19.6
249.392000000	272.727	20.1
249.608000000	277.778	20.2
249.824000000	277.778	20.3
250.064000000	250	20.4
250.252000000	319.149	20.5
250.452000000	300	20.6
250.677906250	265.597	21.1
250.884406250	290.557	21.2
251.116000000	259.074	21.3
251.324000000	288.462	21.4
251.522010417	303.014	21.5
251.712000000	315.807	21.6
251.928000000	277.778	22.1
252.147510417	273.336	22.2
252.372000000	267.273	22.3
252.572000000	300	22.4
252.776000000	294.118	22.5
252.976000000	300	22.6
253.176000000	300	23.1
253.396000000	272.727	23.2
253.600000000	294.118	23.3
253.836000000	254.237	23.4
254.016000000	333.333	23.5
254.220000000	294.118	23.6
254.500000000	214.286	24.1
254.728000000	263.158	24.2
254.964000000	254.237	24.3
255.192437500	262.654	24.4
255.390427083	303.046	24.5
255.596000000	291.867	24.6
255.812208333	277.51	25.1
256.011562500	300.972	25.2
256.219218750	288.939	25.3
256.434791667	278.328	25.4
256.656947917	270.08	25.5
256.872687500	278.113	25.6
257.123927083	238.816	26.1
257.336260417	282.575	26.2
257.576000000	250.272	26.3
257.774677083	301.998	26.4
257.984000000	286.638	26.5
258.228000000	245.902	26.6
258.468000000	250	27.1
258.707677083	250.337	27.2
258.904000000	305.619	27.3
259.144000000	250	27.4
259.336000000	312.5	27.5
259.556000000	272.727	27.6
259.832000000	217.391	28.1
260.100000000	223.881	28.2
260.536000000	137.615	28.3
260.889416667	169.771	28.4
261.236000000	173.119	28.5
261.464000000	263.158	28.6
261.684000000	272.727	29.1
261.884000000	300	29.2
262.088000000	294.118	29.3
262.318322917	260.504	29.4
262.536000000	275.638	29.5
262.768000000	258.621	29.6
262.980000000	283.019	30.1
263.208000000	263.158	30.2
263.424000000	277.778	30.3
263.612000000	319.149	30.4
263.821572917	286.297	30.5
264.019572917	303.03	30.6
264.237281250	275.598	31.1
264.448083333	284.627	31.2
264.660000000	283.13	31.3
264.872083333	282.908	31.4
265.092000000	272.831	31.5
265.308000000	277.778	31.6
265.540708333	257.833	32.1
265.776000000	255.003	32.2
265.986781250	284.655	32.3
266.192000000	292.371	32.4
266.384000000	312.5	32.5
266.564000000	333.333	32.6
266.788000000	267.857	33.1
267.016000000	263.158	33.2
267.236000000	272.727	33.3
267.470322917	256.057	33.4
267.680000000	286.154	33.5
267.908937500	262.08	33.6
268.124000000	278.989	34.1
268.344000000	272.727	34.2
268.576000000	258.621	34.3
268.766020833	315.755	34.4
268.944000000	337.118	34.5
269.140000000	306.122	34.6
269.352000000	283.019	35.1
269.580000000	263.158	35.2
269.804000000	267.857	35.3
270.000802083	304.875	35.4
270.204000000	295.279	35.5
270.460000000	234.375	35.6
270.740000000	214.286	36.1
270.956000000	277.778	36.2
271.132000000	340.909	36.3
271.376000000	245.902	36.4
271.548000000	348.837	36.5
271.760000000	283.019	36.6
271.980000000	272.727	37.1
272.200000000	272.727	37.2
272.452000000	238.095	37.3
272.720000000	223.881	37.4
272.992000000	220.588	37.5
273.260000000	223.881	37.6
273.640000000	157.895	38.1
273.924000000	211.268	38.2
274.172000000	241.935	38.3
274.388000000	277.778	38.4
274.605166667	276.285	38.5
274.816000000	284.585	38.6
275.064000000	241.935	39.1
275.284000000	272.727	39.2
275.556000000	220.588	39.3
275.799979167	245.923	39.4
276.013666667	280.784	39.5
276.244135417	260.339	39.6
276.512000000	223.994	40.1
276.716000000	294.118	40.2
276.940000000	267.857	40.3
277.140000000	300	40.4
277.320000000	333.333	40.5
277.532000000	283.019	40.6
277.776000000	245.902	41.1
278.002510417	264.888	41.2
278.220000000	275.875	41.3
278.448218750	262.906	41.4
278.666375000	275.032	41.5
278.872906250	290.513	41.6
279.136000000	228.056	42.1
279.360000000	267.857	42.2
279.524000000	365.854	42.3
279.692000000	357.143	42.4
279.912000000	272.727	42.5
280.141177083	261.806	42.6
280.396000000	235.458	43.1
280.620000000	267.857	43.2
280.828000000	288.462	43.3
281.056000000	263.158	43.4
281.260000000	294.118	43.5
281.480000000	272.727	43.6
281.700000000	272.727	44.1
281.946333333	243.572	44.2
282.132000000	323.16	44.3
282.324000000	312.5	44.4
282.536000000	283.019	44.5
282.754760417	274.273	44.6
282.972000000	276.193	45.1
283.168000000	306.122	45.2
283.385031250	276.458	45.3
283.588000000	295.612	45.4
283.808000000	272.727	45.5
284.008000000	300	45.6
284.324000000	189.873	46.1
284.536614583	282.201	46.2
284.741375000	293.025	46.3
284.935833333	308.549	46.4
285.131270833	307.004	46.5
285.344968750	280.77	46.6
285.571802083	264.511	47.1
285.805677083	256.547	47.2
286.012000000	290.806	47.3
286.215687500	294.569	47.4
286.433500000	275.466	47.5
286.652000000	274.6	47.6
286.893677083	248.265	48.1
287.108020833	279.924	48.2
287.322947917	279.164	48.3
287.508979167	322.526	48.4
287.736000000	264.293	48.5
287.940000000	294.118	48.6
288.152000000	283.019	49.1
288.368822917	276.724	49.2
288.564000000	307.413	49.3
288.782187500	274.993	49.4
289.012000000	261.082	49.5
289.232000000	272.727	49.6
289.492000000	230.769	50.1
289.736000000	245.902	50.2
289.972000000	254.237	50.3
290.172000000	300	50.4
290.368000000	306.122	50.5
290.591322917	268.669	50.6
290.816000000	267.05	51.1
291.060000000	245.902	51.2
291.308000000	241.935	51.3
291.500000000	312.5	51.4
291.708000000	288.462	51.5
291.944000000	254.237	51.6
292.128000000	326.087	52.1
292.384000000	234.375	52.2
292.614416667	260.398	52.3
292.804000000	316.484	52.4
292.980000000	340.909	52.5
293.252000000	220.588	52.6
293.492000000	250	53.1
293.736000000	245.902	53.2
293.936000000	300	53.3
294.136000000	300	53.4
294.316000000	333.333	53.5
294.532000000	277.778	53.6
294.752000000	272.727	54.1
295.008000000	234.375	54.2
295.192000000	326.087	54.3
295.376000000	326.087	54.4
295.580000000	294.118	54.5
295.748000000	357.143	54.6
296.012000000	227.273	55.1
296.248000000	254.237	55.2
296.444000000	306.122	55.3
296.632000000	319.149	55.4
296.840000000	288.462	55.5
297.064000000	267.857	55.6
297.292000000	263.158	56.1
297.572000000	214.286	56.2
297.748000000	340.909	56.3
297.973708333	265.83	56.4
298.156000000	329.143	56.5
298.361020833	292.653	56.6
298.573458333	282.436	57.1
298.816000000	247.38	57.2
299.008000000	312.5	57.3
299.220000000	283.019	57.4
299.428000000	288.462	57.5
299.664000000	254.237	57.6
299.936000000	220.588	58.1
300.320000000	156.25	58.2
300.636000000	189.873	58.3
300.896000000	230.769	58.4
301.116000000	272.727	58.5
301.333520833	275.836	58.6
301.536000000	296.327	59.1
301.740000000	294.118	59.2
301.964000000	267.857	59.3
302.177500000	281.03	59.4
302.380000000	296.296	59.5
302.630354167	239.66	59.6
302.844000000	280.839	60.1
303.067427083	268.544	60.2
303.256000000	318.179	60.3
303.448000000	312.5	60.4
303.687000000	251.046	60.5
303.872000000	324.324	60.6
304.072000000	300	61.1
304.296000000	267.857	61.2
304.503020833	289.826	61.3
304.718520833	278.422	61.4
304.904000000	323.486	61.5
305.122114583	275.085	61.6
305.308000000	322.779	62.1
305.525416667	275.968	62.2
305.737937500	282.325	62.3
305.928000000	315.686	62.4
306.096000000	357.143	62.5
306.306166667	285.488	62.6
306.529479167	268.682	63.1
306.728000000	302.235	63.2
306.936000000	288.462	63.3
307.156000000	272.727	63.4
307.348000000	312.5	63.5
307.544000000	306.122	63.6
307.760000000	277.778	64.1
307.980000000	272.727	64.2
308.176031250	306.074	64.3
308.380000000	294.163	64.4
308.560000000	333.333	64.5
308.756000000	306.122	64.6
308.952000000	306.122	65.1
309.154937500	295.658	65.2
309.388000000	257.442	65.3
309.572000000	326.087	65.4
309.780000000	288.462	65.5
309.964000000	326.087	65.6
310.156000000	312.5	66.1
310.392000000	254.237	66.2
310.600000000	288.462	66.3
310.760000000	375	66.4
310.956000000	306.122	66.5
311.148000000	312.5	66.6
311.378614583	260.174	67.1
311.572958333	308.731	67.2
311.785552083	282.228	67.3
311.983447917	303.19	67.4
312.192000000	287.698	67.5
312.396625000	293.219	67.6
312.633833333	252.942	68.1
312.832000000	302.775	68.2
313.144000000	192.308	68.3
313.424000000	214.286	68.4
313.600000000	340.909	68.5
313.833302083	257.177	68.6
314.042770833	286.439	69.1
314.248000000	292.356	69.2
314.472000000	267.857	69.3
314.664000000	312.5	69.4
314.856000000	312.5	69.5
315.064000000	288.462	69.6
315.324000000	230.769	70.1
315.531468750	289.2	70.2
315.802916667	221.037	70.3
316.060000000	233.387	70.4
316.296000000	254.237	70.5
316.496000000	300	70.6
316.704000000	288.462	71.1
316.892000000	319.149	71.2
317.088000000	306.122	71.3
317.292000000	294.118	71.4
317.496000000	294.118	71.5
317.700000000	294.118	71.6
317.915020833	279.043	72.1
318.080000000	363.682	72.2
318.314500000	255.864	72.3
318.508000000	310.078	72.4
318.752000000	245.902	72.5
318.936000000	326.087	72.6
319.212208333	217.227	73.1
319.439447917	264.039	73.2
319.692000000	237.575	73.3
319.944000000	238.095	73.4
320.142833333	301.76	73.5
320.344000000	298.26	73.6
320.560000000	277.778	74.1
320.760000000	300	74.2
320.948000000	319.149	74.3
321.190552083	247.37	74.4
321.404000000	281.099	74.5
321.617729167	280.729	74.6
321.836000000	274.888	75.1
322.088145833	237.958	75.2
322.317333333	261.794	75.3
322.540000000	269.461	75.4
322.768000000	263.158	75.5
323.060000000	205.479	75.6
323.380000000	187.5	76.1
323.672000000	205.479	76.2
323.972000000	200	76.3
324.252000000	214.286	76.4