0.766427083	1.04107	1.1
1.807500000	0.9225	1.2
2.730000000	0.96	2.1
3.690000000	0.88049	2.2
4.570489583	0.986844	3.1
5.557333333	0.992	3.2
6.549333333	0.906667	4.1
7.456000000	0.928	4.2
8.384000000	1.04533	5.1
9.429333333	0.988167	5.2
10.417500000	1.035	6.1
11.452500000	0.910167	6.2
12.362666666	1.00417	7.1
13.366833333	1.06317	7.2
14.430000000	0.898	8.1
15.328000000	0.962	8.2
16.290000000	1.086	9.1
17.376000000	0.949333	9.2
18.325333333	1.01717	10.1
19.342500000	0.93	10.2
20.272500000	1.02883	11.1
21.301333333	0.970667	11.2
22.272000000	0.938667	12.1
23.210666666	0.956708	12.2
24.167375000	1.02513	13.1
25.192500000	1.00483	13.2
26.197333333	0.928	14.1
27.125333333	0.896	14.2
28.021333333	0.980937	15.1
29.002270833	0.939062	15.2
29.941333333	1.03367	16.1
30.975000000	1.01433	16.2
31.989333333	1.01817	17.1
33.007500000	1.0085	17.2
34.016000000	1.024	18.1
35.040000000	0.949333	18.2
35.989333333	0.981333	19.1
36.970666666	1.00267	19.2
37.973333333	1.05667	20.1
39.030000000	0.9825	20.2
40.012500000	1.03283	21.1
41.045333333	0.970865	21.2
42.016197916	1.02914	22.1
43.045333333	1.02467	22.2
44.070000000	0.975333	23.1
45.045333333	0.997167	23.2
46.042500000	0.99	24.1
47.032500000	0.975	24.2
48.007500000	1.095	25.1
49.102500000	1.23	25.2
50.332500000	1.02	26.1
51.352500000	1.07368	26.2
52.426177083	1.02795	27.1
53.454125000	1.07088	27.2
54.525000000	1.08	28.1
55.605000000	1.00049	28.2
56.605489583	1.20451	29.1
57.810000000	1.0875	29.2
58.897500000	1.125	30.1
60.022500000	1.26	30.2
61.282500000	1.1175	31.1
62.400000000	0.9525	31.2
63.352500000	1.0275	32.1
64.380000000	0.945	32.2
65.325000000	0.9975	33.1
66.322500000	0.975	33.2
67.297500000	0.975	34.1
68.272500000	1.08	34.2
69.352500000	1.10296	35.1
70.455458333	0.959542	35.2
71.415000000	1.0575	36.1
72.472500000	0.9375	36.2
73.410000000	1.01154	37.1
74.421541666	1.10346	37.2
75.525000000	1.095	38.1
76.620000000	1.005	38.2
77.625000000	1.11	39.1
78.735000000	0.99	39.2
79.725000000	0.99	40.1
80.715000000	1.0425	40.2
81.757500000	1.035	41.1
82.792500000	1.00952	41.2
83.802020833	1.00798	42.1
84.810000000	0.997698	42.2
85.807697916	0.997302	43.1
86.805000000	0.992396	43.2
87.797395833	0.951958	44.1
88.749354166	0.932719	44.2
89.682072916	0.947927	45.1
90.630000000	0.945	45.2
91.575000000	0.93476	46.1
92.509760416	0.98524	46.2
93.495000000	0.945	47.1
94.440000000	0.96	47.2
95.400000000	0.9075	48.1
96.307500000	0.99	48.2
97.297500000	0.9525	49.1
98.250000000	0.9825	49.2
99.232500000	0.982333	50.1
100.214833333	1.00517	50.2
101.220000000	1.0725	51.1
102.292500000	1.02	51.2
103.312500000	1.095	52.1
104.407500000	1.17	52.2
105.577500000	1.3725	53.1
106.950000000	1.1775	53.2
108.127500000	1.305	54.1
109.432500000	1.2075	54.2
110.640000000	1.53	55.1
112.170000000	1.1625	55.2
113.332500000	1.2525	56.1
114.585000000	1.2225	56.2
115.807500000	1.365	57.1
117.172500000	1.2825	57.2
118.455000000	1.3575	58.1
119.812500000	1.5375	58.2
121.350000000	1.2225	59.1
122.572500000	1.155	59.2
123.727500000	1.1175	60.1
124.845000000	1.125	60.2
125.970000000	1.4625	61.1
127.432500000	1.155	61.2
128.587500000	1.1475	62.1
129.735000000	1.15547	62.2
130.890468750	1.37203	63.1
132.262500000	1.26	63.2
133.522500000	1.2075	64.1
134.730000000	1.21596	64.2
135.945958333	1.36853	65.1
137.314489583	1.51051	65.2
138.825000000	1.4025	66.1
140.227500000	1.4175	66.2
141.645000000	1.4547	67.1
143.099697916	1.4928	67.2
144.592500000	1.395	68.1
145.987500000	1.485	68.2
147.472500000	1.7025	69.1
149.175000000	1.6125	69.2
150.787500000	1.3125	70.1
152.100000000	1.18736	70.2
153.287364583	1.36245	71.1
154.649812500	1.50085	71.2
156.150666666	1.26683	72.1
157.417500000	1.1989	72.2
158.616395833	1.2311	73.1
159.847500000	1.2075	73.2
161.055000000	1.3125	74.1
162.367500000	1.65	74.2
164.017500000	1.4775	75.1
165.495000000	1.335	75.2
166.830000000	0.96	76.1
167.790000000	0.87	76.2
168.660000000	0.9	77.1
169.560000000	0.8775	77.2
170.437500000	0.87	78.1
171.307500000	0.87	78.2
172.177500000	0.87	79.1
173.047500000	0.8475	79.2
173.895000000	0.92449	80.1
174.819489583	0.84551	80.2
175.665000000	0.889552	81.1
176.554552083	0.855458	81.2
177.410010416	0.906083	82.1
178.316093750	0.866406	82.2
179.182500000	0.8475	83.1
180.030000000	0.8625	83.2
180.892500000	0.860427	84.1
181.752927083	0.842073	84.2
182.595000000	0.8625	85.1
183.457500000	0.886187	85.2
184.343687500	0.898354	86.1
185.242041666	0.862958	86.2
186.105000000	0.87	87.1
186.975000000	0.888292	87.2
187.863291666	0.829208	88.1
188.692500000	0.8475	88.2
189.540000000	0.85599	89.1
190.395989583	0.85401	89.2
191.250000000	0.8775	90.1
192.127500000	0.9525	90.2
193.080000000	0.96975	91.1
194.049750000	0.92025	91.2
194.970000000	0.9	92.1
195.870000000	0.915	92.2
196.785000000	0.9225	93.1
197.707500000	0.855	93.2
198.562500000	0.885	94.1
199.447500000	1.065	94.2
200.512500000	1.305	95.1
201.817500000	1.215	95.2
203.032500000	1.0875	96.1
204.120000000	1.125	96.2
205.245000000	1.13202	97.1
206.377020833	1.03548	97.2
207.412500000	0.968823	98.1
208.381322916	1.05618	98.2
209.437500000	1.0105	99.1
210.448000000	0.932604	99.2
211.380604166	0.906896	100.1
212.287500000	1.14	100.2
213.427500000	1.14703	101.1
214.574531250	0.986719	101.2
215.561250000	0.91125	102.1
216.472500000	1.005	102.2
217.477500000	0.9	103.1
218.377500000	0.96	103.2
219.337500000	0.939833	104.1
220.277333333	1.056	104.2
221.333333333	1.37917	105.1
222.712500000	1.2825	105.2
223.995000000	1.1025	106.1
225.097500000	1.23	106.2
226.327500000	1.15849	107.1
227.485989583	1.20401	107.2
228.690000000	1.11	108.1
229.800000000	1.2	108.2
231.000000000	1.14	109.1
232.140000000	1.1925	109.2
233.332500000	1.155	110.1
234.487500000	1.32	110.2
235.807500000	1.185	111.1
236.992500000	1.1025	111.2
238.095000000	1.06712	112.1
239.162125000	1.03287	112.2
240.195000000	1.05755	113.1
241.252552083	1.04995	113.2
242.302500000	1.20041	114.1
243.502906250	1.33485	114.2
244.837760416	1.15474	115.1
245.992500000	0.96	115.2
246.952500000	1.005	116.1
247.957500000	0.975479	116.2
248.932979166	1.03452	117.1
249.967500000	0.9225	117.2
250.890000000	0.96	118.1
251.850000000	0.975	118.2
252.825000000	1.02	119.1
253.845000000	0.9825	119.2
254.827500000	0.9675	120.1
255.795000000	1.02	120.2
256.815000000	0.99	121.1
257.805000000	0.975	121.2
258.780000000	0.975	122.1
259.755000000	1.08	122.2
260.835000000	1.5675	123.1
262.402500000	1.065	123.2
263.467500000	1.1475	124.1
264.615000000	1.08	124.2
265.695000000	1.455	125.1
267.150000000	1.1925	125.2
268.342500000	1.1625	126.1
269.505000000	1.275	126.2
270.780000000	1.4475	127.1
272.227500000	1.35	127.2
273.577500000	1.46294	128.1
275.040437500	1.43956	128.2
276.480000000	1.3325	129.1
277.812500000	1.4575	129.2
279.270000000	1.4133	130.1
280.683302083	1.408	130.2
282.091302083	1.52978	131.1
283.621083333	1.75392	131.2
285.375000000	0.992292	132.1
286.367291666	0.942708	132.2
287.310000000	0.96	133.1
288.270000000	0.9075	133.2
289.177500000	0.9375	134.1
290.115000000	1.035	134.2
291.150000000	0.9375	135.1
292.087500000	0.9225	135.2
293.010000000	1.0575	136.1
294.067500000	0.95849	136.2
295.025989583	0.99151	137.1
296.017500000	0.94424	137.2
296.961739583	0.99826	138.1
297.960000000	0.975	138.2
298.935000000	0.9525	139.1
299.887500000	0.96	139.2
300.847500000	1.0275	140.1
301.875000000	1.02496	140.2
302.899958333	0.925042	141.1
303.825000000	0.945604	141.2
304.770604166	0.944396	142.1
305.715000000	0.915	142.2
306.630000000	1.0275	143.1
307.657500000	1.0275	143.2
308.685000000	1.005	144.1
309.690000000	1.005	144.2
310.695000000	1.05095	145.1
311.745947916	1.00405	145.2
312.750000000	0.9825	146.1
313.732500000	1.0275	146.2
314.760000000	1.12332	147.1
315.883322916	0.999177	147.2
316.882500000	1.0125	148.1
317.895000000	1.005	148.2
318.900000000	1.0875	149.1
319.987500000	0.9975	149.2
320.985000000	1.04619	150.1
322.031187500	0.986313	150.2
323.017500000	1.0275	151.1
324.045000000	1.0575	151.2
325.102500000	1.17	152.1
326.272500000	1.2525	152.2
327.525000000	1.005	153.1
328.530000000	1.0275	153.2
329.557500000	1.065	154.1
330.622500000	1.065	154.2
331.687500000	1.0275	155.1
332.715000000	1.05	155.2
333.765000000	1.2	156.1
334.965000000	1.1025	156.2
336.067500000	1.1175	157.1
337.185000000	1.2825	157.2
338.467500000	1.155	158.1
339.622500000	0.96	158.2
340.582500000	1.035	159.1
341.617500000	0.93	159.2
342.547500000	0.9885	160.1
343.536000000	1.01867	160.2
344.554666666	0.962833	161.1
345.517500000	1.1025	161.2
346.620000000	1.11181	162.1
347.731812500	0.966854	162.2
348.698666666	1.05633	163.1
349.755000000	0.945	163.2
350.700000000	1.05	164.1
351.750000000	1.155	164.2
352.905000000	1.07365	165.1
353.978645833	1.04885	165.2
355.027500000	1.0425	166.1
356.070000000	1.0425	166.2
357.112500000	1.0875	167.1
358.200000000	1.065	167.2
359.265000000	1.0125	168.1
360.277500000	1.035	168.2
361.312500000	1.0725	169.1
362.385000000	1.08149	169.2
363.466489583	1.00351	170.1
364.470000000	1.05	170.2
365.520000000	1.11	171.1
366.630000000	1.0725	171.2
367.702500000	1.035	172.1
368.737500000	1.14	172.2
369.877500000	1.08	173.1
370.957500000	1.2525	173.2
372.210000000	1.2975	174.1
373.507500000	1.59	174.2
375.097500000	0.843833	175.1
375.941333333	0.836167	175.2
376.777500000	0.785375	176.1
377.562875000	0.782125	176.2
378.345000000	0.8325	177.1
379.177500000	0.933167	177.2
380.110666666	0.836833	178.1
380.947500000	0.9075	178.2
381.855000000	0.81	179.1
382.665000000	0.84	179.2
383.505000000	0.78	180.1
384.285000000	0.7875	180.2
385.072500000	0.9075	181.1
385.980000000	0.84	181.2
386.820000000	0.780813	182.1
387.600812500	0.839188	182.2
388.440000000	0.9	183.1
389.340000000	0.9	183.2
390.240000000	0.885	184.1
391.125000000	0.915	184.2
392.040000000	0.8775	185.1
392.917500000	0.84	185.2
393.757500000	0.862312	186.1
394.619812500	0.877688	186.2
395.497500000	0.8475	187.1
396.345000000	0.914458	187.2
397.259458333	0.870542	188.1
398.130000000	0.975	188.2
399.105000000	0.84	189.1
399.945000000	0.7725	189.2
400.717500000	0.827219	190.1
401.544718750	0.777781	190.2
402.322500000	0.7575	191.1
403.080000000	0.78	191.2
403.860000000	0.743604	192.1
404.603604166	0.763896	192.2
405.367500000	0.795	193.1
406.162500000	0.795	193.2
406.957500000	0.8025	194.1
407.760000000	0.795	194.2
408.555000000	0.81	195.1
409.365000000	0.78	195.2
410.145000000	0.75	196.1
410.895000000	0.7725	196.2
411.667500000	0.87	197.1
412.537500000	1.065	197.2
413.602500000	0	198.1
