1.149387755	1.99692	1.1
3.146303854	2.05497	1.2
5.201269841	1.91565	1.3
7.116916099	2.07819	1.4
9.195102040	1.92726	2.1
11.122358276	2.13624	2.2
13.258594104	2.12463	2.3
15.383219954	1.91565	2.4
17.298866213	2.13624	3.1
19.435102040	2.19429	3.2
21.629387755	2.26395	3.3
23.893333333	2.19429	3.4
26.087619047	2.47293	4.1
28.560544217	2.97215	4.2
31.532698412	2.48454	4.3
34.017233560	2.42649	4.4
36.443718820	1.76472	5.1
38.208435374	1.66023	5.2
39.868662131	1.62163	5.3
41.490294784	1.97746	5.4
43.467755102	1.68345	6.1
45.151201814	1.63701	6.2
46.788208616	1.77633	6.3
48.564535147	1.8576	6.4
50.422131519	1.89243	7.1
52.314557823	1.61379	7.2
53.928344671	1.69506	7.3
55.623401360	1.9737	7.4
57.597097505	1.69506	8.1
59.292154195	1.75311	8.2
61.045260770	1.64862	8.3
62.693877551	1.49916	8.4
64.193038548	1.7073	9.1
65.900340136	1.73828	9.2
67.638616780	1.45236	9.3
69.090975056	1.57896	9.4
70.669931972	1.45125	10.1
72.121179138	1.45125	10.2
73.572426303	1.41478	10.3
74.987210884	1.44127	10.4
76.428480725	1.38175	11.1
77.810226757	1.54397	11.2
79.354195011	1.89243	11.3
81.246621315	2.54259	11.4
83.789206349	1.64862	12.1
85.437823129	1.44694	12.2
86.884761904	1.36268	12.3
88.247437641	1.38159	12.4
89.629024943	1.42803	13.1
91.057052154	1.41642	13.2
92.473469387	1.2771	13.3
93.750566893	1.55574	13.4
95.306303854	1.46329	14.1
96.769591836	1.48565	14.2
98.255238095	1.26549	14.3
99.520725623	1.55574	14.4
101.076462585	1.65345	15.1
102.729909297	1.43175	15.2
104.161655328	1.37229	15.3
105.533945578	1.928	15.4
107.461950113	1.41642	16.1
108.878367346	1.38159	16.2
110.259954648	1.40481	16.3
111.664761904	1.47447	16.4
113.139229024	1.43964	17.1
114.578866213	1.2771	17.2
115.855963718	1.40444	17.3
117.260408163	1.4395	17.4
118.699909297	1.5098	18.1
120.209705215	1.47447	18.2
121.684172335	1.49769	18.3
123.181859410	1.49769	18.4
124.679546485	1.63701	19.1
126.316553287	1.34676	19.2
127.663310657	1.3932	19.3
129.056507936	1.35649	19.4
130.412993197	1.20263	20.1
131.615623582	1.03109	20.2
132.646712018	1.17213	20.3
133.818843537	0.996213	20.4
134.815056689	1.06592	21.1
135.880975056	0.984263	21.2
136.865238095	0.991633	21.3
137.856870748	1.08385	21.4
138.940725623	1.12204	22.1
140.062766439	1.19583	22.2
141.258594104	1.28499	22.3
142.543582766	1.04862	22.4
143.592199546	1.07011	23.1
144.662312925	1.00807	23.2
145.670385487	0.928798	23.3
146.599183673	1.24227	23.4
147.841451247	1.26401	24.1
149.105464852	1.25535	24.2
150.360816326	1.25005	24.3
151.610861678	1.50152	24.4
153.112380952	1.05651	25.1
154.168888888	1.07973	25.2
155.248616780	1.13778	25.3
156.386394557	1.17261	25.4
157.559002267	1.17261	26.1
158.731609977	1.05651	26.2
159.788117913	1.21905	26.3
161.007165532	1.5093	26.4
162.516462585	1.2771	27.1
163.793560090	1.18082	27.2
164.974376417	1.14118	27.3
166.115555555	1.18422	27.4
167.299773242	1.18422	28.1
168.483990929	1.31193	28.2
169.795918367	1.31193	28.3
171.107845804	1.42803	28.4
172.535873015	1.19583	29.1
173.731700680	1.24227	29.2
174.973968253	1.31193	29.3
176.285895691	1.56735	29.4
177.853242630	1.47447	30.1
179.327709750	1.53252	30.2
180.860226757	1.38159	30.3
182.241814058	1.36998	30.4
183.611791383	1.31193	31.1
184.923718820	1.52091	31.2
186.444625850	1.42803	31.3
187.872653061	1.68345	31.4
189.556099773	1.42587	32.1
190.981972789	1.44179	32.2
192.423764172	1.43766	32.3
193.861428571	1.81406	32.4
195.675487528	1.53277	33.1
197.208253968	1.56617	33.2
198.774421768	1.56735	33.3
200.341768707	1.71828	33.4
202.060045351	1.55574	34.1
203.615782312	1.61379	34.2
205.229569160	1.56735	34.3
206.796916099	1.64354	34.4
208.440453514	1.36345	35.1
209.803900226	1.30032	35.2
211.104217687	1.25388	35.3
212.358095238	1.17261	35.4
213.530702947	1.31193	36.1
214.842630385	1.24227	36.2
216.084897959	1.35655	36.3
217.441451247	1.37179	36.4
218.813242630	1.23066	37.1
220.043900226	1.28871	37.2
221.332607709	1.10295	37.3
222.435555555	1.0449	37.4
223.480453514	0.940408	38.1
224.420861678	1.02964	38.2
225.450498866	0.972245	38.3
226.422743764	0.936644	38.4
227.359387755	0.846327	39.1
228.205714285	1.18422	39.2
229.389931972	1.36447	39.3
230.754399092	1.54964	39.4
232.304036281	1.42803	40.1
233.732063492	1.3932	40.2
235.125260770	1.28871	40.3
236.413968253	1.2771	40.4
237.691065759	1.2771	41.1
238.968163265	1.32354	41.2
240.291700680	1.24227	41.3
241.533968253	1.2771	41.4
242.811065759	1.26549	42.1
244.076553287	1.30032	42.2
245.376870748	1.33515	42.3
246.712018140	1.38159	42.4
248.093605442	1.41642	43.1
249.510022675	1.48608	43.2
250.996099773	1.36998	43.3
252.366077097	1.72989	43.4
254.095963718	1.70667	44.1
255.802630385	1.46286	44.2
257.265487528	1.3932	44.3
258.658684807	1.45125	44.4
260.109931972	1.47447	45.1
261.584399092	1.61379	45.2
263.198185941	1.60218	45.3
264.800362811	1.42803	45.4
266.228390022	1.52091	46.1
267.749297052	1.54413	46.2
269.293424036	1.5093	46.3
270.802721088	1.53252	46.4
272.335238095	1.61379	47.1
273.949024943	2.13624	47.2
276.085260770	2.04336	47.3
278.128616780	1.86921	47.4
279.997823129	1.56735	48.1
281.565170068	1.14939	48.2
282.714557823	1.25494	48.3
283.969501133	1.45018	48.4
285.419682539	1.38159	49.1
286.801269841	1.17862	49.2
287.979886621	1.27109	49.3
289.250975056	1.3661	49.4
290.617074829	1.37385	50.1
291.990929705	1.14939	50.2
293.140317460	1.23066	50.3
294.370975056	1.36998	50.4
295.740952380	1.34676	51.1
297.087709750	1.31193	51.2
298.399637188	1.19583	51.3
299.595464852	1.408	51.4
301.003469387	1.33195	52.1
302.335419501	1.28871	52.2
303.624126984	1.20744	52.3
304.831564625	1.21023	52.4
306.041791383	1.43685	53.1
307.478639455	1.40481	53.2
308.883446712	1.83438	53.3
310.717823129	1.41642	53.4
312.134240362	1.49769	54.1
313.631927437	1.3088	54.2
314.940725623	1.28023	54.3
316.220952380	1.24227	54.4
317.463219954	1.38023	55.1
318.843446712	1.48628	55.2
320.329727891	1.50206	55.3
321.831791383	2.53937	55.4
324.371156462	1.59057	56.1
325.961723356	1.35882	56.2
327.320544217	1.38585	56.3
328.706394557	1.28354	56.4
329.989931972	1.34277	57.1
331.332698412	1.28136	57.2
332.614058956	1.1915	57.3
333.805555555	1.31635	57.4
335.121904761	1.36771	58.1
336.489614512	1.21399	58.2
337.703605442	1.25293	58.3
338.956530612	1.16937	58.4
340.125895691	1.42803	59.1
341.553922902	1.41642	59.2
342.970340136	1.49769	59.3
344.468027210	1.56735	59.4
346.035374149	1.28871	60.1
347.324081632	1.23066	60.2
348.554739229	1.38159	60.3
349.936326530	1.45884	60.4
351.395170068	1.32755	61.1
352.722721088	1.17261	61.2
353.895328798	1.21583	61.3
355.111156462	1.31297	61.4
356.424126984	1.74134	62.1
358.165464852	1.82868	62.2
359.994149659	1.86061	62.3
361.854761904	2.48955	62.4
364.344308390	1.78794	63.1
366.132244897	1.63701	63.2
367.769251700	1.46286	63.3
369.232108843	1.36998	63.4
370.602086167	1.23066	64.1
371.832743764	1.20744	64.2
373.040181405	1.18422	64.3
374.224399092	1.02168	64.4
375.246077097	1.05651	65.1
376.302585034	0.917188	65.2
377.219773242	1.09134	65.3
378.311111111	1.3466	65.4
379.657709750	1.24243	66.1
380.900136054	1.38522	66.2
382.285351473	1.55141	66.3
383.836757369	1.46073	66.4
385.297482993	1.53535	67.1
386.832834467	1.40481	67.2
388.237641723	1.41642	67.3
389.654058956	1.99692	67.4
391.650975056	1.63701	68.1
393.287981859	1.53252	68.2
394.820498866	1.52091	68.3
396.341405895	1.76472	68.4
398.106122448	1.82277	69.1
399.928888888	2.55419	69.2
402.483083900	1.95707	69.3
404.440158730	3.09327	69.4
407.533424036	2.07819	70.1
409.611609977	1.38159	70.2
410.993197278	1.72989	70.3
412.723083900	3.6107	70.4
416.333786848	0	71.1
