3.288866213	1
4.546938776	2
5.828571429	3
7.093877551	4
8.293877551	5
9.567346939	6
10.832653061	7
12.261224490	8
13.665306122	9
14.881632653	10
16.138684807	11
17.453061224	12
19.004081633	13
20.497959184	14
22.048979592	15
23.583673469	16
25.028571429	17
26.211360544	18
27.386349206	19
28.661224490	20
29.869387755	21
31.028571429	22
32.246099773	23
33.461224490	24
34.636734694	25
35.771428571	26
36.906122449	27
38.016326531	28
39.053061224	29
40.089795918	30
41.151020408	31
42.253061224	32
43.910204082	33
52.236190476	34
53.363265306	35
54.102494331	36
54.440816327	37
55.053061224	38
55.567346939	39
56.073469388	40
56.555102041	41
56.765532880	42
56.910657596	43
57.053061224	44
57.273469388	45
57.502040816	46
58.180498866	47
58.538775510	48
59.502040816	49
60.678095238	50
60.881632653	51
61.094603175	52
61.281632653	53
61.734603175	54
61.927619048	55
62.220408163	56
63.200000000	57
64.212244898	58
64.442630385	59
64.653061224	60
64.870748299	61
65.093877551	62
65.510204082	63
65.661678005	64
65.942857143	65
66.857142857	66
67.306122449	67
67.902040816	68
68.215873016	69
68.448979592	70
68.636734694	71
68.860589569	72
69.064852608	73
69.297959184	74
69.869387755	75
70.153287982	76
70.388979592	77
70.595918367	78
70.816326531	79
70.995011338	80
71.232653061	81
71.423129252	82
71.697959184	83
71.938321995	84
72.212743764	85
72.409977324	86
72.620408163	87
72.816326531	88
73.031383220	89
73.251700680	90
73.567346939	91
74.587755102	92
76.922448980	93
77.697959184	94
78.620408163	95
78.953650794	96
79.095873016	97
79.273469388	98
79.455782313	99
79.629931973	100
79.844897959	101
80.014512472	102
80.181405896	103
80.326530612	104
80.500680272	105
80.732879819	106
80.971428571	107
81.229206349	108
81.412063492	109
81.605079365	110
81.798095238	111
81.950476190	112
82.138775510	113
82.292970522	114
82.467120181	115
82.637913832	116
82.822675737	117
82.996825397	118
83.224489796	119
83.395918367	120
83.577324263	121
83.779591837	122
83.954648526	123
84.136054422	124
84.334693878	125
84.498866213	126
84.665759637	127
84.848979592	128
85.028571429	129
85.231746032	130
85.567346939	131
85.761451247	132
85.971882086	133
86.253061224	134
86.407256236	135
86.574149660	136
86.726530612	137
86.900680272	138
87.096598639	139
87.363265306	140
87.553741497	141
87.735147392	142
88.048979592	143
88.221315193	144
88.475283447	145
88.677551020	146
88.823582766	147
89.019501134	148
89.208163265	149
89.367800454	150
89.534693878	151
89.719070295	152
89.890249433	153
90.078911565	154
90.261224490	155
90.419954649	156
90.594104308	157
90.775510204	158
90.913378685	159
91.073015873	160
91.248979592	161
91.435827664	162
91.602721088	163
91.746938776	164
91.885714286	165
92.038095238	166
92.311814059	167
92.531519274	168
92.705668934	169
92.873469388	170
93.039455782	171
93.191836735	172
93.355102041	173
93.503854875	174
93.619954649	175
93.787755102	176
93.968253968	177
94.106122449	178
94.411519274	179
94.592290249	180
94.817233560	181
95.069387755	182
95.223582766	183
95.375963719	184
95.591836735	185
95.731519274	186
95.891156463	187
96.081632653	188
96.261224490	189
96.436825397	190
96.906122449	191
97.146485261	192
97.298866213	193
97.461224490	194
97.610884354	195
97.748752834	196
97.934693878	197
98.068027211	198
98.234920635	199
98.400000000	200
98.554195011	201
98.728344671	202
98.930612245	203
99.083900227	204
99.250793651	205
99.453061224	206
99.599092971	207
99.722448980	208
99.893877551	209
100.034467120	210
100.179591837	211
100.365147392	212
100.527891156	213
100.673015873	214
100.897959184	215
101.028571429	216
101.173696145	217
101.360725624	218
101.514739229	219
101.645351474	220
101.812244898	221
101.950113379	222
102.073469388	223
102.253061224	224
102.407256236	225
102.508843537	226
102.767346939	227
102.922448980	228
103.060317460	229
103.224489796	230
103.357823129	231
103.531972789	232
103.714285714	233
103.851247166	234
103.981859410	235
104.146938776	236
104.315646259	237
104.446258503	238
104.702040816	239
104.845351474	240
105.034013605	241
105.218480726	242
105.375056689	243
105.505668934	244
105.680952381	245
105.810430839	246
105.941043084	247
106.130612245	248
106.274829932	249
106.419954649	250
106.628571429	251
106.760997732	252
106.884353741	253
107.053061224	254
107.189115646	255
107.312471655	256
107.485714286	257
107.617233560	258
107.769614512	259
107.926530612	260
108.067120181	261
108.219501134	262
108.416326531	263
108.553287982	264
108.662131519	265
108.830430839	266
108.959637188	267
109.119274376	268
109.289795918	269
109.416780045	270
109.540136054	271
109.706122449	272
109.823129252	273
109.982766440	274
110.187755102	275
110.316553288	276
110.439909297	277
110.624331066	278
110.744671202	279
110.911564626	280
111.077551020	281
111.180045351	282
111.310657596	283
111.493877551	284
111.629931973	285
111.825850340	286
112.106122449	287
112.268480726	288
112.435374150	289
112.644897959	290
112.769160998	291
112.907029478	292
113.077551020	293
113.188571429	294
113.330793651	295
113.493877551	296
113.639909297	297
113.785034014	298
113.951020408	299
114.097052154	300
114.278458050	301
114.465306122	302
114.590476190	303
114.712380952	304
114.840816327	305
114.960544218	306
115.098412698	307
115.224489796	308
115.381405896	309
115.504761905	310
115.706122449	311
115.838548753	312
116.005442177	313
116.179591837	314
116.295691610	315
116.440816327	316
116.546938776	317
116.703492063	318
116.825396825	319
116.963265306	320
117.093877551	321
117.202721088	322
117.364285714	323
117.500226757	324
117.638095238	325
117.844897959	326
117.957369615	327
118.051700680	328
118.212244898	329
118.334693878	330
118.472562358	331
118.618480726	332
118.726530612	333
118.857142857	334
119.077551020	335
119.336054422	336
119.540113379	337
119.677097506	338
119.907936508	339
120.711972789	340
120.903401361	341
121.093877551	342
121.302494331	343
121.503945578	344
121.723356009	345
121.934693878	346
122.107936508	347
122.322176871	348
122.528798186	349
122.751020408	350
122.927891156	351
123.116190476	352
123.326984127	353
123.493877551	354
123.668027211	355
123.877551020	356
124.383673469	357
124.840816327	358
125.428571429	359
126.425396825	360
126.759183673	361
127.586394558	362
127.828571429	363
128.065306122	364
128.310204082	365
129.088435374	366
129.306122449	367
129.494784580	368
129.763265306	369
129.959183673	370
130.163265306	371
130.394557823	372
130.644897959	373
131.279818594	374
131.538616780	375
132.194104308	376
132.473469388	377
133.151927438	378
133.480861678	379
134.130612245	380
134.407256236	381
134.669387755	382
134.922448980	383
135.167346939	384
135.624489796	385
135.829478458	386
136.065306122	387
136.272108844	388
136.497959184	389
136.714739229	390
137.020408163	391
137.367800454	392
137.640816327	393
137.839455782	394
138.114285714	395
138.332879819	396
138.571428571	397
138.804535147	398
139.020408163	399
139.225396825	400
139.493877551	401
139.704308390	402
139.942857143	403
140.154195011	404
140.400000000	405
140.611337868	406
140.877233560	407
141.112018141	408
141.395918367	409
142.057142857	410
142.998639456	411
143.297959184	412
144.297505669	413
144.579591837	414
144.834467120	415
145.093877551	416
145.371428571	417
145.624489796	418
146.568707483	419
146.881632653	420
147.149206349	421
147.420408163	422
147.628117914	423
147.902040816	424
148.157823129	425
148.448979592	426
148.687528345	427
148.971428571	428
149.231746032	429
149.510204082	430
149.746938776	431
149.995396825	432
150.269387755	433
150.555102041	434
150.835374150	435
151.240816327	436
151.553741497	437
151.820408163	438
152.061678005	439
152.351020408	440
153.200907029	441
153.551020408	442
154.434467120	443
154.734693878	444
155.726077098	445
156.155102041	446
157.112018141	447
157.453061224	448
158.057142857	449
158.345578231	450
158.677551020	451
159.550113379	452
159.918367347	453
160.297505669	454
160.628571429	455
160.878004535	456
161.265306122	457
162.140589569	458
162.473469388	459
163.432199546	460
163.763265306	461
164.716553288	462
165.053061224	463
166.240362812	464
166.938775510	465
167.885714286	466
169.591836735	467
170.718367347	468
171.853061224	469
174.097959184	470
174.946575964	471
175.648979592	472
176.285714286	473
176.906122449	474
177.559183673	475
178.269387755	476
178.881632653	477
179.493877551	478
180.122448980	479
180.726530612	480
181.006802721	481
181.355102041	482
181.934693878	483
182.571428571	484
183.191836735	485
183.473922902	486
183.820408163	487
184.432653061	488
185.102040816	489
185.755102041	490
186.473469388	491
187.183673469	492
187.934693878	493
188.612244898	494
189.216326531	495
189.820408163	496
190.465306122	497
191.069387755	498
191.640816327	499
192.334693878	500
192.941020408	501
193.608163265	502
193.886621315	503
194.212244898	504
194.865306122	505
195.591836735	506
196.220408163	507
196.897959184	508
197.493877551	509
198.244897959	510
198.881632653	511
199.542857143	512
200.171428571	513
200.857142857	514
201.477551020	515
202.114285714	516
202.734693878	517
203.485714286	518
204.277551020	519
204.930612245	520
205.599727891	521
206.253786848	522
206.979591837	523
207.722448980	524
208.514285714	525
210.097959184	1
211.300430839	2
212.563265306	3
213.763265306	4
214.971428571	5
216.261224490	6
217.534693878	7
218.979591837	8
220.448979592	9
221.706122449	10
222.906122449	11
224.163265306	12
225.706122449	13
227.069387755	14
228.602902494	15
230.106122449	16
231.681632653	17
232.832653061	18
234.040816327	19
235.213151927	20
236.334693878	21
237.559183673	22
238.742857143	23
240.008163265	24
241.170816327	25
242.236734694	26
243.420408163	27
244.448979592	28
245.510204082	29
246.587755102	30
247.648979592	31
248.816326531	32
250.448979592	33
258.773333333	34
259.931428571	35
260.662857143	36
261.004081633	37
261.485714286	38
262.110748299	39
262.613265306	40
263.111768707	41
263.357823129	42
263.466666667	43
263.586984127	44
263.778684807	45
264.020000000	46
264.649433107	47
265.026757370	48
265.952675737	49
267.080272109	50
267.306122449	51
267.486621315	52
267.714285714	53
268.146938776	54
268.364625850	55
268.639070295	56
269.541065760	57
270.516825397	58
270.817233560	59
271.053061224	60
271.216326531	61
271.436734694	62
271.877551020	63
272.079818594	64
272.342857143	65
273.256802721	66
273.697959184	67
274.326530612	68
274.619501134	69
274.820816327	70
275.033106576	71
275.257142857	72
275.468480726	73
275.681632653	74
276.284285714	75
276.571428571	76
276.800000000	77
276.992290249	78
277.202494331	79
277.391383220	80
277.624489796	81
277.834013605	82
278.068616780	83
278.356462585	84
278.574557823	85
278.770068027	86
278.969274376	87
279.161904762	88
279.387755102	89
279.604535147	90
279.951020408	91
280.955102041	92
283.314285714	93
284.072176871	94
284.995918367	95
285.358730159	96
285.547392290	97
285.746938776	98
285.910204082	99
286.069841270	100
286.269387755	101
286.447165533	102
286.592290249	103
286.767346939	104
286.940589569	105
287.114739229	106
287.420408163	107
287.600907029	108
287.862131519	109
288.057142857	110
288.217687075	111
288.370068027	112
288.563265306	113
288.732879819	114
288.936054422	115
289.102040816	116
289.291609977	117
289.480272109	118
289.722448980	119
289.901133787	120
290.097052154	121
290.302040816	122
290.474376417	123
290.648526077	124
290.808163265	125
290.982312925	126
291.170975057	127
291.363265306	128
291.541043084	129
291.751473923	130
291.961904762	131
292.186848073	132
292.382766440	133
292.644897959	134
292.789115646	135
292.992290249	136
293.240816327	137
293.391383220	138
293.580045351	139
293.828571429	140
294.037188209	141
294.218594104	142
294.530612245	143
294.726530612	144
294.951473923	145
295.134693878	146
295.299773243	147
295.488435374	148
295.706122449	149
295.873015873	150
296.039909297	151
296.220408163	152
296.409977324	153
296.591383220	154
296.767346939	155
296.925170068	156
297.106575964	157
297.255736961	158
297.418594104	159
297.570975057	160
297.779591837	161
297.984580499	162
298.180498866	163
298.359183673	164
298.528798186	165
298.695691610	166
298.889795918	167
299.094784580	168
299.276190476	169
299.502040816	170
299.668027211	171
299.834920635	172
300.000000000	173
300.154195011	174
300.328344671	175
300.481632653	176
300.627301587	177
300.800000000	178
301.126530612	179
301.336961451	180
301.583673469	181
301.861224490	182
302.026303855	183
302.185941043	184
302.361972789	185
302.526984127	186
302.693877551	187
302.914285714	188
303.129251701	189
303.329523810	190
303.706122449	191
303.898412698	192
304.108843537	193
304.342857143	194
304.500680272	195
304.638548753	196
304.816326531	197
304.950566893	198
305.081179138	199
305.244399093	200
305.407709751	201
305.610884354	202
305.795918367	203
305.959183673	204
306.126077098	205
306.310204082	206
306.474376417	207
306.590476190	208
306.775510204	209
306.917006803	210
307.069387755	211
307.224489796	212
307.366893424	213
307.533786848	214
307.746938776	215
307.867573696	216
308.056235828	217
308.228571429	218
308.390022676	219
308.506122449	220
308.661224490	221
308.789115646	222
308.926984127	223
309.093877551	224
309.239002268	225
309.398639456	226
309.624489796	227
309.783219955	228
309.964625850	229
310.146938776	230
310.283900227	231
310.436281179	232
310.595918367	233
310.733786848	234
310.857142857	235
311.020408163	236
311.161904762	237
311.321541950	238
311.583673469	239
311.727891156	240
311.916553288	241
312.113038549	242
312.264852608	243
312.380952381	244
312.563265306	245
312.678458050	246
312.816326531	247
312.979591837	248
313.128344671	249
313.258956916	250
313.461224490	251
313.592743764	252
313.752380952	253
313.910204082	254
314.042630385	255
314.173242630	256
314.359183673	257
314.478004535	258
314.608616780	259
314.759183673	260
314.869841270	261
315.029478458	262
315.257142857	263
315.385034014	264
315.493877551	265
315.644240363	266
315.762358277	267
315.914739229	268
316.097959184	269
316.212244898	270
316.335600907	271
316.506122449	272
316.640362812	273
316.807256236	274
316.971428571	275
317.075736961	276
317.220861678	277
317.405850340	278
317.532879819	279
317.656235828	280
317.828571429	281
317.960997732	282
318.077097506	283
318.246371882	284
318.403628118	285
318.567619048	286
318.816326531	287
318.969614512	288
319.180045351	289
319.355102041	290
319.484807256	291
319.600907029	292
319.755102041	293
319.891156463	294
320.021768707	295
320.163265306	296
320.319274376	297
320.435374150	298
320.605963719	299
320.754648526	300
320.914285714	301
321.118367347	302
321.226303855	303
321.335147392	304
321.493877551	305
321.610884354	306
321.734240363	307
321.869387755	308
321.995464853	309
322.147845805	310
322.302040816	311
322.452607710	312
322.619501134	313
322.783673469	314
322.895238095	315
323.047619048	316
323.159183673	317
323.294331066	318
323.432199546	319
323.559183673	320
323.707936508	321
323.831292517	322
323.991836735	323
324.121541950	324
324.230385488	325
324.367346939	326
324.506122449	327
324.636734694	328
324.775510204	329
324.905215420	330
325.043083900	331
325.167346939	332
325.297052154	333
325.456689342	334
325.624489796	335
325.877551020	336
326.081632653	337
326.233106576	338
326.457142857	339
327.273469388	340
327.459410431	341
327.657142857	342
327.858503401	343
328.081632653	344
328.264852608	345
328.462426304	346
328.671201814	347
328.889795918	348
329.092063492	349
329.314285714	350
329.483900227	351
329.689795918	352
329.875736961	353
330.050453515	354
330.231292517	355
330.432653061	356
330.938775510	357
331.387755102	358
331.975510204	359
332.988662132	360
333.289795918	361
334.142403628	362
334.375510204	363
334.598095238	364
334.857142857	365
335.651700680	366
335.893877551	367
336.101587302	368
336.304013605	369
336.487619048	370
336.734693878	371
336.924444444	372
337.191836735	373
337.806802721	374
338.079523810	375
338.735600907	376
339.012244898	377
339.715192744	378
340.032653061	379
340.677551020	380
340.941496599	381
341.224489796	382
341.456689342	383
341.706122449	384
342.163265306	385
342.363718821	386
342.620408163	387
342.835374150	388
343.063265306	389
343.278004535	390
343.575510204	391
343.916553288	392
344.212244898	393
344.388208617	394
344.661224490	395
344.874376417	396
345.134693878	397
345.346031746	398
345.575510204	399
345.824943311	400
346.065306122	401
346.267573696	402
346.489795918	403
346.724716553	404
346.961609977	405
347.160090703	406
347.436734694	407
347.660770975	408
347.926530612	409
348.595918367	410
349.643174603	411
349.942857143	412
351.014603175	413
351.339682540	414
351.600907029	415
351.846145125	416
352.101587302	417
352.416326531	418
353.381587302	419
353.676190476	420
353.951927438	421
354.228571429	422
354.459863946	423
354.718367347	424
355.011337868	425
355.280975057	426
355.562811791	427
355.820408163	428
356.136054422	429
356.384625850	430
356.622222222	431
356.886575964	432
357.151927438	433
357.428140590	434
357.717913832	435
358.106122449	436
358.407256236	437
358.734693878	438
358.958730159	439
359.289795918	440
360.083446712	441
360.411428571	442
361.244444444	443
361.589841270	444
362.507029478	445
362.971428571	446
363.892970522	447
364.244897959	448
364.808163265	449
365.053968254	450
365.387755102	451
366.229478458	452
366.595918367	453
366.955102041	454
367.257142857	455
367.535600907	456
367.885714286	457
368.776417234	458
369.102040816	459
369.980952381	460
370.416326531	461
371.185487528	462
371.608163265	463
372.680272109	464
373.412244898	465
374.359183673	466
376.005079365	467
377.081360544	468
378.244897959	469
380.400000000	470
381.248979592	471
381.967346939	472
382.587755102	473
383.208163265	474
383.877551020	475
384.571428571	476
385.191836735	477
385.828571429	478
386.457142857	479
387.036734694	480
387.287074830	481
387.648979592	482
388.244897959	483
388.848979592	484
389.461224490	485
389.739682540	486
390.065306122	487
390.685714286	488
391.338775510	489
391.959183673	490
392.636734694	491
393.289795918	492
393.951020408	493
394.628571429	494
395.216326531	495
395.795918367	496
396.391836735	497
396.987755102	498
397.600000000	499
398.228571429	500
398.824489796	501
399.477551020	502
399.776507937	503
400.122448980	504
400.791836735	505
401.453061224	506
402.089795918	507
402.693877551	508
403.305328798	509
404.000000000	510
404.661224490	511
405.338775510	512
405.975510204	513
406.702040816	514
407.346938776	515
407.970929705	516
408.571428571	517
409.273469388	518
410.057142857	519
410.693877551	520
411.306122449	521
411.926530612	522
412.546938776	523
413.200000000	524
413.918367347	525
414.661224490	526
415.297959184	527
415.861224490	528
416.408163265	529
416.971428571	530
417.510204082	531
418.097959184	532
418.669387755	533
418.895238095	534
419.257142857	535
419.790294785	536
420.383673469	537
420.914285714	538
421.188208617	539
421.551020408	540
422.759183673	541
423.590022676	542
423.967346939	543
425.107709751	544
426.228571429	545
427.371428571	546
428.538775510	547
428.901587302	548
429.039455782	549
429.175510204	550
429.402267574	551
429.673469388	552
430.205011338	553
430.483446712	554
430.857142857	555
432.024489796	556
433.387755102	557
434.514285714	558
435.316099773	559
435.689795918	560
436.800000000	561
437.404081633	562
438.016326531	563
438.644897959	564
439.208163265	565
439.722448980	566
440.061678005	567
440.432653061	568
440.982947846	569
441.632653061	570
442.195918367	571
442.904126984	572
443.575510204	573
444.097959184	574
444.636734694	575
445.232653061	576
445.942857143	577
446.530612245	578
446.914285714	579
447.583673469	580
448.244897959	581
448.783673469	582
449.330612245	583
450.016326531	584
450.587755102	585
451.175510204	586
451.793968254	587
452.440816327	588
453.077551020	589
453.584897959	590
454.138775510	591
454.334693878	592
454.661224490	593
455.232653061	594
455.746938776	595
456.261224490	596
456.504308390	597
456.881632653	598
457.412244898	599
457.934693878	600
458.448979592	601
458.702947846	602
459.061224490	603
459.624489796	604
460.187755102	605
460.726530612	606
461.240816327	607
461.771428571	608
462.253061224	609
462.734693878	610
462.991383220	611
463.306122449	612
463.795215420	613
464.318367347	614
464.803242630	615
465.322448980	616
465.844897959	617
466.334693878	618
466.832653061	619
467.091156463	620
467.371428571	621
467.910204082	622
468.424489796	623
468.889795918	624
469.130158730	625
469.428185941	626
469.917981859	627
470.432653061	628
470.914285714	629
471.132879819	630
471.436734694	631
471.983673469	632
472.465306122	633
472.963265306	634
473.193650794	635
473.518367347	636
474.040816327	637
474.563265306	638
475.414058957	639
475.804081633	640
476.906122449	641
477.598185941	642
477.918367347	643
478.971428571	644
479.687981859	645
480.019614512	646
481.061224490	647
481.763265306	648
482.097959184	649
483.167346939	650
483.882086168	651
484.236734694	652
485.281632653	653
485.964625850	654
486.277551020	655
487.322448980	656
488.003628118	657
488.350158730	658
489.363265306	659
490.359183673	660
491.436734694	661
492.881632653	662
493.939229025	663
494.228571429	664
494.483446712	665
494.751020408	666
495.506575964	667
495.779591837	668
495.992743764	669
496.220408163	670
496.457142857	671
496.710204082	672
496.907029478	673
497.151020408	674
497.821315193	675
498.089795918	676
498.742857143	677
498.987755102	678
499.686167800	679
500.040816327	680
500.803628118	681
501.183673469	682
501.442176871	683
501.706122449	684
501.892063492	685
502.220408163	686
502.687596372	687
502.915192744	688
503.175510204	689
503.394104308	690
503.624489796	691
503.793197279	692
504.106122449	693
504.439002268	694
504.669387755	695
504.888888889	696
505.167346939	697
505.846712018	698
506.102448980	699
506.768253968	700
507.041678005	701
507.704308390	702
508.016326531	703
509.170068027	704
509.828571429	705
510.853514739	706
511.142857143	707
511.419501134	708
511.730612245	709
512.565986395	710
512.848979592	711
513.095691610	712
513.363378685	713
513.618140590	714
513.861224490	715
514.118820862	716
514.391836735	717
515.141950113	718
515.399637188	719
516.201360544	720
516.546439909	721
517.232653061	722
517.804081633	723
518.416326531	724
519.085714286	725
519.437641723	726
519.812244898	727
520.627664399	728
520.889795918	729
521.135600907	730
521.420408163	731
522.238548753	732
522.448458050	733
522.695691610	734
522.979591837	735
523.203628118	736
523.477551020	737
523.689795918	738
523.951020408	739
524.705668934	740
525.015804989	741
525.861224490	742
526.156916100	743
526.345578231	744
526.571428571	745
526.751927438	746
526.962358277	747
527.126530612	748
527.281632653	749
527.419501134	750
527.583673469	751
527.767800454	752
527.927437642	753
528.130612245	754
528.326530612	755
528.515192744	756
528.685714286	757
528.856235828	758
529.015873016	759
529.191836735	760
529.371428571	761
529.533968254	762
529.716825397	763
529.920000000	764
530.062222222	765
530.234920635	766
530.445351474	767
530.619501134	768
530.832653061	769
530.975056689	770
531.156462585	771
531.322448980	772
531.490249433	773
531.657142857	774
531.869387755	775
532.048979592	776
532.244897959	777
532.680272109	778
532.847165533	779
533.020408163	780
533.260770975	781
533.449433107	782
533.592721088	783
533.754195011	784
533.913832200	785
534.081632653	786
534.269387755	787
534.421768707	788
534.636734694	789
534.820861678	790
534.987755102	791
535.208163265	792
535.357823129	793
535.524716553	794
535.697052154	795
535.880272109	796
536.025396825	797
536.171428571	798
536.344671202	799
536.482539683	800
536.685714286	801
536.830839002	802
536.954195011	803
537.110204082	804
537.273469388	805
537.469387755	806
537.652222222	807
537.795918367	808
537.962811791	809
538.130317460	810
538.296598639	811
538.434467120	812
538.604603175	813
538.760997732	814
538.855328798	815
539.049931973	816
539.225396825	817
539.370521542	818
539.526530612	819
539.711564626	820
539.863945578	821
540.024489796	822
540.190476190	823
540.328344671	824
540.497959184	825
540.691156463	826
540.850793651	827
541.012244898	828
541.191836735	829
541.344217687	830
541.485714286	831
541.634467120	832
541.815873016	833
542.008163265	834
542.185941043	835
542.394920635	836
542.547301587	837
542.773696145	838
542.911564626	839
543.077551020	840
543.281632653	841
543.426757370	842
543.567346939	843
543.753287982	844
543.927437642	845
544.089795918	846
544.268480726	847
544.406349206	848
544.620408163	849
544.790929705	850
544.979591837	851
545.126530612	852
545.291609977	853
545.473015873	854
545.697959184	855
545.872108844	856
546.068027211	857
546.285714286	858
546.445351474	859
546.619501134	860
546.808163265	861
547.004081633	862
547.156462585	863
547.281632653	864
547.446712018	865
547.635374150	866
547.877551020	867
548.048979592	868
548.223129252	869
548.391836735	870
548.564172336	871
548.738321995	872
548.938775510	873
549.108390023	874
549.268027211	875
549.477551020	876
549.645351474	877
549.826757370	878
550.008163265	879
550.182312925	880
550.341950113	881
550.627823129	882
550.806349206	883
550.987755102	884
551.461224490	885
552.073469388	886
552.264852608	887
552.395464853	888
552.563265306	889
552.692970522	890
552.859863946	891
553.044897959	892
553.183492063	893
553.335873016	894
553.575510204	895
554.122448980	896
554.340136054	897
554.422857143	898
554.514285714	899
554.718367347	900
554.898866213	901
555.036734694	902
555.208163265	903
555.385034014	904
555.566439909	905
555.714285714	906
556.220408163	907
556.415419501	908
556.469115646	909
556.589569161	910
556.816326531	911
556.959637188	912
557.162811791	913
557.395918367	914
557.576417234	915
557.721541950	916
557.951020408	917
558.587755102	918
558.809977324	919
558.947845805	920
559.167346939	921
559.332426304	922
559.470294785	923
559.695260771	924
559.825850340	925
560.007256236	926
560.228571429	927
560.800000000	928
560.950566893	929
561.110204082	930
561.314285714	931
561.458503401	932
561.618140590	933
561.828594104	934
561.966439909	935
562.147845805	936
562.400000000	937
562.684807256	938
562.995918367	939
563.258049887	940
563.559183673	941
563.838548753	942
564.130612245	943
564.360997732	944
565.006802721	945
565.363265306	946
565.703401361	947
566.040816327	948
566.385487528	949
566.693877551	950
566.965986395	951
567.297959184	952
567.590022676	953
567.918752834	954
568.148752834	955
568.497959184	956
568.780045351	957
569.085714286	958
569.346031746	959
569.680884354	960
569.991836735	961
570.351020408	962
570.702947846	963
571.167346939	964
573.278911565	965
573.714285714	966
574.026303855	967
574.342857143	968
574.614058957	969
574.914285714	970
575.259863946	971
575.891156463	972
576.195918367	973
576.486167800	974
576.783673469	975
577.066666667	976
577.371428571	977
577.683446712	978
578.271201814	979
578.538775510	980
578.822675737	981
579.159183673	982
579.446712018	983
579.755102041	984
580.078004535	985
580.723809524	986
581.004081633	987
581.304308390	988
581.665306122	989
581.986394558	990
582.277551020	991
582.581405896	992
583.227210884	993
583.608163265	994
583.902040816	995
584.228571429	996
584.482539683	997
584.791836735	998
585.099319728	999
585.759637188	1000
586.057142857	1001
586.347392290	1002
586.677551020	1003
586.971428571	1004
587.273469388	1005
587.617233560	1006
588.415419501	1007
588.800000000	1008
589.119274376	1009
589.436734694	1010
589.728798186	1011
590.022108844	1012
590.381859410	1013
591.230839002	1014
591.551020408	1015
591.825850340	1016
592.138775510	1017
592.413605442	1018
592.726530612	1019
593.059410431	1020
593.821315193	1021
594.130612245	1022
594.387301587	1023
594.702040816	1024
594.960544218	1025
595.224489796	1026
595.490249433	1027
596.121541950	1028
596.412494331	1029
596.651247166	1030
596.955034014	1031
597.209977324	1032
597.493877551	1033
597.754195011	1034
598.341950113	1035
598.661224490	1036
598.871655329	1037
599.167346939	1038
599.423129252	1039
599.673469388	1040
599.989115646	1041
600.584126984	1042
600.955102041	1043
601.200907029	1044
601.469387755	1045
601.745124717	1046
602.003582766	1047
602.267573696	1048
602.862585034	1049
603.143106576	1050
603.435827664	1051
603.632653061	1052
603.914739229	1053
604.212244898	1054
604.473469388	1055
604.952380952	1056
605.265306122	1057
605.518367347	1058
605.779591837	1059
605.997278912	1060
606.269387755	1061
606.497959184	1062
606.998639456	1063
607.289795918	1064
607.535600907	1065
607.787755102	1066
608.000000000	1067
608.293877551	1068
608.471655329	1069
608.972335601	1070
609.273469388	1071
609.480272109	1072
609.951927438	1073
610.237278912	1074
610.488888889	1075
611.105668934	1076
611.493877551	1077
611.838548753	1078
612.097959184	1079
612.310204082	1080
612.563265306	1081
612.825396825	1082
613.044897959	1083
613.297052154	1084
613.551020408	1085
613.804988662	1086
614.040589569	1087
619.567346939	1088
620.628571429	1089
621.365986395	1090
621.706122449	1091
622.400000000	1092
622.800000000	1093
623.330612245	1094
623.829727891	1095
624.087074830	1096
624.224943311	1097
624.334693878	1098
624.536961451	1099
624.800000000	1100
625.487528345	1101
625.779591837	1102
626.775510204	1103
627.257142857	1104
627.657142857	1105
627.889342404	1106
628.097664399	1107
628.288435374	1108
628.482970522	1109
628.929954649	1110
629.151927438	1111
629.412244898	1112
630.391836735	1113
630.824489796	1114
631.404081633	1115
631.844897959	1116
632.244897959	1117
632.718367347	1118
633.159183673	1119
633.681632653	1120
634.065306122	1121
634.522448980	1122
635.126530612	1123
635.450340136	1124
635.677052154	1125
635.871201814	1126
636.073469388	1127
636.277551020	1128
636.497959184	1129
637.074489796	1130
637.373242630	1131
637.611632653	1132
637.844897959	1133
638.079092971	1134
638.280272109	1135
638.506122449	1136
638.730158730	1137
639.028571429	1138
639.281632653	1139
639.493877551	1140
639.666213152	1141
639.902040816	1142
640.101587302	1143
640.318367347	1144
640.565986395	1145
640.873469388	1146
641.885714286	1147
644.187755102	1148
645.036734694	1149
646.106122449	1150
646.501587302	1151
646.668480726	1152
646.868095238	1153
647.045804989	1154
647.212698413	1155
647.379591837	1156
647.524716553	1157
647.735147392	1158
647.877551020	1159
648.097959184	1160
648.250340136	1161
648.497959184	1162
648.714739229	1163
648.946938776	1164
649.142857143	1165
649.324263039	1166
649.469387755	1167
649.608163265	1168
649.803174603	1169
649.955555556	1170
650.114285714	1171
650.282086168	1172
650.412698413	1173
650.710204082	1174
650.935147392	1175
651.080272109	1176
651.240816327	1177
651.414058957	1178
651.588208617	1179
651.771428571	1180
651.929251701	1181
652.081632653	1182
652.244897959	1183
652.429931973	1184
652.618594104	1185
652.897959184	1186
653.082993197	1187
653.286167800	1188
653.493877551	1189
653.663492063	1190
653.844897959	1191
654.010498866	1192
654.193197279	1193
654.381859410	1194
654.555102041	1195
654.780952381	1196
654.933333333	1197
655.171088435	1198
655.448526077	1199
655.615419501	1200
655.771428571	1201
655.956462585	1202
656.101587302	1203
656.269387755	1204
656.428117914	1205
656.609523810	1206
656.751020408	1207
656.928798186	1208
657.081179138	1209
657.248979592	1210
657.429478458	1211
657.581859410	1212
657.746938776	1213
657.893877551	1214
658.039002268	1215
658.220408163	1216
658.416326531	1217
658.575963719	1218
658.759183673	1219
658.953287982	1220
659.083900227	1221
659.346326531	1222
659.512018141	1223
659.707936508	1224
659.893877551	1225
660.070748299	1226
660.230385488	1227
660.367346939	1228
660.506122449	1229
660.651247166	1230
660.832653061	1231
661.014058957	1232
661.173696145	1233
661.414603175	1234
661.688888889	1235
661.871746032	1236
662.085079365	1237
662.278095238	1238
662.450793651	1239
662.604081633	1240
662.777324263	1241
662.980498866	1242
663.175510204	1243
663.357823129	1244
663.524716553	1245
663.926530612	1246
664.148752834	1247
664.286621315	1248
664.538775510	1249
664.685714286	1250
664.845351474	1251
664.987755102	1252
665.157369615	1253
665.309750567	1254
665.485714286	1255
665.658049887	1256
665.832199546	1257
666.016326531	1258
666.173242630	1259
666.332879819	1260
666.538775510	1261
666.695691610	1262
666.833560091	1263
667.017709751	1264
667.189115646	1265
667.326984127	1266
667.477551020	1267
667.675283447	1268
667.827664399	1269
668.032653061	1270
668.219501134	1271
668.393650794	1272
668.546938776	1273
668.698412698	1274
668.843537415	1275
669.020408163	1276
669.148299320	1277
669.264399093	1278
669.436734694	1279
669.605442177	1280
669.779591837	1281
670.048979592	1282
670.178684807	1283
670.316553288	1284
670.506122449	1285
670.679365079	1286
670.817233560	1287
670.979591837	1288
671.107482993	1289
671.281632653	1290
671.428571429	1291
671.564625850	1292
671.731519274	1293
671.967346939	1294
672.130612245	1295
672.275736961	1296
672.464013605	1297
672.616780045	1298
672.776417234	1299
672.930612245	1300
673.059410431	1301
673.175510204	1302
673.346938776	1303
673.465759637	1304
673.632653061	1305
673.812244898	1306
673.944671202	1307
674.089795918	1308
674.244897959	1309
674.372789116	1310
674.517913832	1311
674.702040816	1312
674.815419501	1313
674.975056689	1314
675.102040816	1315
675.221768707	1316
675.410430839	1317
675.555759637	1318
675.693424036	1319
675.853061224	1320
676.024489796	1321
676.136054422	1322
676.259410431	1323
676.416326531	1324
676.549659864	1325
676.687528345	1326
676.832653061	1327
676.985034014	1328
677.151927438	1329
677.338775510	1330
677.507482993	1331
677.667120181	1332
677.828571429	1333
677.950113379	1334
678.066213152	1335
678.211065760	1336
678.349206349	1337
678.472562358	1338
678.661133787	1339
678.806349206	1340
678.989206349	1341
679.281632653	1342
679.430385488	1343
679.655328798	1344
679.844897959	1345
679.989115646	1346
680.097959184	1347
680.238072562	1348
680.366439909	1349
680.526077098	1350
680.661224490	1351
680.801814059	1352
680.954195011	1353
681.099705215	1354
681.273469388	1355
681.433106576	1356
681.616326531	1357
681.766893424	1358
681.919274376	1359
682.040816327	1360
682.165986395	1361
682.296598639	1362
682.432653061	1363
682.594104308	1364
682.710204082	1365
682.889682540	1366
683.022222222	1367
683.181859410	1368
683.371428571	1369
683.486621315	1370
683.617233560	1371
683.763265306	1372
683.885714286	1373
684.023582766	1374
684.187755102	1375
684.313832200	1376
684.466213152	1377
684.612244898	1378
684.756462585	1379
684.923356009	1380
685.075895692	1381
685.213605442	1382
685.344217687	1383
685.461224490	1384
685.590929705	1385
685.714285714	1386
685.844897959	1387
685.960997732	1388
686.062585034	1389
686.285714286	1390
686.497959184	1391
686.751020408	1392
686.889795918	1393
687.093877551	1394
687.559183673	1395
687.934693878	1396
688.130612245	1397
688.326530612	1398
688.507936508	1399
688.718367347	1400
688.928798186	1401
689.143174603	1402
689.320634921	1403
689.542857143	1404
689.748752834	1405
689.951020408	1406
690.147845805	1407
690.359183673	1408
690.554195011	1409
690.742857143	1410
690.917006803	1411
691.122403628	1412
691.576122449	1413
692.057142857	1414
692.661224490	1415
693.710657596	1416
694.016326531	1417
694.886167800	1418
695.118367347	1419
695.328798186	1420
695.567346939	1421
696.409977324	1422
696.612448980	1423
696.816326531	1424
697.038208617	1425
697.229931973	1426
697.458299320	1427
697.636281179	1428
697.885714286	1429
698.586848073	1430
698.833129252	1431
699.457596372	1432
699.714285714	1433
700.487981859	1434
700.783673469	1435
701.477551020	1436
701.707029478	1437
701.959183673	1438
702.171428571	1439
702.465306122	1440
702.955102041	1441
703.121995465	1442
703.338775510	1443
703.615419501	1444
703.844897959	1445
704.050793651	1446
704.293877551	1447
704.674829932	1448
704.914285714	1449
705.146485261	1450
705.355102041	1451
705.603628118	1452
705.869387755	1453
706.060770975	1454
706.310204082	1455
706.496145125	1456
706.726530612	1457
706.946031746	1458
707.183673469	1459
707.403174603	1460
707.608163265	1461
707.795011338	1462
708.048979592	1463
708.288435374	1464
708.620408163	1465
710.305668934	1466
710.679659864	1467
712.707482993	1468
712.990476190	1469
713.382312925	1470
713.746938776	1471
715.356009070	1472
715.666349206	1473
715.907482993	1474
716.210793651	1475
717.119274376	1476
717.388707483	1477
717.678004535	1478
717.934693878	1479
718.127891156	1480
718.351020408	1481
718.628571429	1482
718.914285714	1483
719.252607710	1484
719.714285714	1485
720.116099773	1486
720.508390023	1487
721.044897959	1488
721.291609977	1489
721.596394558	1490
722.228571429	1491
722.561451247	1492
722.848979592	1493
723.444897959	1494
723.773242630	1495
724.145668934	1496
724.906122449	1497
725.202721088	1498
725.485419501	1499
725.754195011	1500
726.122448980	1501
726.704988662	1502
727.002267574	1503
727.342358277	1504
727.640816327	1505
727.959183673	1506
728.243083900	1507
728.783673469	1508
729.371428571	1509
729.665306122	1510
730.040816327	1511
730.325623583	1512
730.647188209	1513
731.281632653	1514
731.624489796	1515
731.933514739	1516
732.612244898	1517
733.003174603	1518
733.395918367	1519
734.097959184	1520
734.389115646	1521
734.824489796	1522
736.024489796	1523
740.204081633	1524
743.836734694	1525
744.653061224	1526
745.379591837	1527
746.014897959	1528
746.653061224	1529
747.387755102	1530
748.107528345	1531
748.742857143	1532
749.363265306	1533
749.991836735	1534
750.628571429	1535
750.940589569	1536
751.265306122	1537
751.883628118	1538
752.563265306	1539
753.208163265	1540
753.523809524	1541
753.869387755	1542
754.538775510	1543
755.200000000	1544
755.861224490	1545
756.538775510	1546
757.306122449	1547
758.097959184	1548
758.857142857	1549
759.502040816	1550
760.122448980	1551
760.775510204	1552
761.428571429	1553
762.114852608	1554
762.824489796	1555
763.534693878	1556
764.228571429	1557
764.930612245	1558
765.657142857	1559
766.375510204	1560
767.069387755	1561
767.755102041	1562
768.432653061	1563
769.191836735	1564
769.902040816	1565
770.612244898	1566
771.346938776	1567
772.000000000	1568
772.710204082	1569
773.363265306	1570
774.016326531	1571
774.751020408	1572
775.485714286	1573
776.212244898	1574
776.906122449	1575
777.608163265	1576
778.424489796	1577
779.175510204	1578
779.910204082	1579
780.642585034	1580
781.477551020	1581
782.220408163	1582
783.053061224	1583
783.991836735	1584
785.453061224	1585
786.358276644	1586
786.759183673	1587
788.085396825	1588
788.992290249	1589
789.425238095	1590
790.824489796	1591
791.575510204	1592
792.628571429	1593
793.330612245	1594
793.919024943	1595
794.555102041	1596
795.216326531	1597
795.828571429	1598
796.432653061	1599
797.029705215	1600
797.706122449	1601
798.276984127	1602
798.922448980	1603
799.510204082	1604
800.081632653	1605
800.677551020	1606
801.286326531	1607
801.885714286	1608
802.604081633	1609
803.240816327	1610
803.804081633	1611
804.408163265	1612
805.118367347	1613
805.804081633	1614
806.497959184	1615
807.061224490	1616
808.048979592	1617
808.726530612	1618
809.322448980	1619
809.902040816	1620
810.144217687	1621
810.579591837	1622
811.257142857	1623
811.853061224	1624
812.473469388	1625
812.749206349	1626
813.183673469	1627
813.828571429	1628
814.514285714	1629
815.240816327	1630
815.760544218	1631
816.408163265	1632
817.289795918	1633
817.991836735	1634
818.644897959	1635
819.355102041	1636
820.040816327	1637
820.669387755	1638
821.322448980	1639
822.155102041	1640
822.857142857	1641
823.453061224	1642
824.081632653	1643
824.775510204	1644
825.559183673	1645
826.359183673	1646
827.102040816	1647
828.073469388	1648
828.824489796	1649
829.371428571	1650
829.934693878	1651
830.587755102	1652
831.199478458	1653
831.746213152	1654
832.318367347	1655
833.020408163	1656
833.714285714	1657
834.257278912	1658
834.822743764	1659
835.436734694	1660
836.016326531	1661
836.620408163	1662
837.224489796	1663
837.820408163	1664
838.432653061	1665
839.012244898	1666
839.567346939	1667
840.293877551	1668
840.955102041	1669
841.542857143	1670
842.116439909	1671
842.800000000	1672
843.461224490	1673
844.179591837	1674
844.922448980	1675
845.959183673	1676
846.759183673	1677
847.729070295	1678
848.563265306	1679
849.281632653	1680
850.000000000	1681
850.750680272	1682
851.502040816	1683
852.212244898	1684
852.995918367	1685
853.861224490	1686
854.783673469	1687
856.146938776	1688
856.955102041	1689
857.649319728	1690
858.361519274	1691
859.167346939	1692
859.942857143	1693
860.718367347	1694
861.655192744	1695
863.502040816	1696