0.098684807	0.595193	1
0.693877551	0.786395	2
1.480272109	0.148027	3
1.628299320	0.165442	4
1.793741497	0.121905	5
1.915646259	0.130612	6
2.046258503	0.165442	7
2.211700680	0.13932	8
2.351020408	0.130612	9
2.481632653	0.167528	10
2.649160998	0.729342	11
3.378503401	0.13932	12
3.517823129	0.131156	13
3.648979592	0.138776	14
3.787755102	0.148027	15
3.935782313	0.154014	16
4.089795918	0.124626	17
4.214421769	0.148027	18
4.362448980	0.143673	19
4.506122449	0.70966	20
5.215782313	0.17415	21
5.389931973	0.169252	22
5.559183673	0.666667	23
6.225850340	0.156735	24
6.382585034	0.18068	25
6.563265306	0.141497	26
6.704761905	0.130612	27
6.835374150	0.185034	28
7.020408163	0.14585	29
7.166258503	0.130612	30
7.296870748	0.188844	31
7.485714286	0.142041	32
7.627755102	0.148027	33
7.775782313	0.175238	34
7.951020408	0.538776	35
8.489795918	0.24381	36
8.733605442	0.294966	37
9.028571429	0.23619	38
9.264761905	0.253605	39
9.518367347	0.286258	40
9.804625850	0.244354	41
10.048979592	0.251973	42
10.300952381	0.478912	43
10.779863946	0.289524	44
11.069387755	0.21551	45
11.284897959	0.249796	46
11.534693878	0.211701	47
11.746394558	0.294422	48
12.040816327	0.236735	49
12.277551020	0.531156	50
12.808707483	0.252517	51
13.061224490	0.252517	52
13.313741497	0.496327	53
13.810068027	0.287891	54
14.097959184	0.234558	55
14.332517007	0.238912	56
14.571428571	0.222585	57
14.794013605	0.291701	58
15.085714286	0.213333	59
15.299047619	0.235646	60
15.534693878	0.234558	61
15.769251701	0.311905	62
16.081156463	0.236667	63
16.317823129	0.302585	64
16.620408163	0.245986	65
16.866394558	0.260136	66
17.126530612	0.157823	67
17.284353741	0.191565	68
17.475918367	0.148571	69
17.624489796	0.182313	70
17.806802721	0.148027	71
17.954829932	0.151293	72
18.106122449	0.188299	73
18.294421769	0.0609524	74
18.355374150	0.0957823	75
18.451156463	0.177415	76
18.628571429	0.223129	77
18.851700680	0.234014	78
19.085714286	0.149116	79
19.234829932	0.148027	80
19.382857143	0.203719	81
19.586575964	0.153288	82
19.739863946	0.13932	83
19.879183673	0.210612	84
20.089795918	0.12898	85
20.218775510	0.0696599	86
20.288435374	0.0870748	87
20.375510204	0.172562	88
20.548072562	0.271519	89
20.819591837	0.200816	90
21.020408163	0.164898	91
21.185306122	0.0696599	92
21.254965986	0.0609524	93
21.315918367	0.202449	94
21.518367347	0.232925	95
21.751292517	0.20898	96
21.960272109	0.20898	97
22.169251701	0.0696599	98
22.238911565	0.0870748	99
22.325986395	0.156825	100
22.482811791	0.165351	101
22.648163265	0.130612	102
22.778775510	0.175805	103
22.954580499	0.163787	104
23.118367347	0.0696599	105
23.188027211	0.0696599	106
23.257687075	0.179048	107
23.436734694	0.151837	108
23.588571429	0.13932	109
23.727891156	0.17415	110
23.902040816	0.156735	111
24.058775510	0.0870748	112
24.145850340	0.0696599	113
24.215510204	0.192653	114
24.408163265	0.138231	115
24.546394558	0.130612	116
24.677006803	0.196463	117
24.873469388	0.186667	118
25.060136054	0.0783673	119
25.138503401	0.0609524	120
25.199455782	0.180136	121
25.379591837	0.168163	122
25.547755102	0.156735	123
25.704489796	0.182313	124
25.886802721	0.157279	125
26.044081633	0.0783673	126
26.122448980	0.0783673	127
26.200816327	0.166531	128
26.367346939	0.155646	129
26.522993197	0.13932	130
26.662312925	0.17034	131
26.832653061	0.151837	132
26.984489796	0.0783673	133
27.062857143	0.0696599	134
27.132517007	0.181769	135
27.314285714	0.166531	136
27.480816327	0.130612	137
27.611428571	0.192653	138
27.804081633	0.138231	139
27.942312925	0.0870748	140
28.029387755	0.0696599	141
28.099047619	0.137687	142
28.236734694	0.167075	143
28.403809524	0.0783673	144
28.482176871	0.0783673	145
28.560544218	0.165986	146
28.726530612	0.164898	147
28.891428571	0.0783673	148
28.969795918	0.0696599	149
29.039455782	0.145193	150
29.184648526	0.159569	151
29.344217687	0.0957823	152
29.440000000	0.0870748	153
29.527074830	0.127619	154
29.654693878	0.159728	155
29.814421769	0.13932	156
29.953741497	0.201361	157
30.155102041	0.277551	158
30.432653061	0.228571	159
30.661224490	0.154558	160
30.815782313	0.0870748	161
30.902857143	0.0783673	162
30.981224490	0.169796	163
31.151020408	0.143673	164
31.294693878	0.0870748	165
31.381768707	0.0609524	166
31.442721088	0.173605	167
31.616326531	0.139864	168
31.756190476	0.10449	169
31.860680272	0.0522449	170
31.912925170	0.185034	171
32.097959184	0.276463	172
32.374421769	0.245986	173
32.620408163	0.163265	174
32.783673469	0.0783673	175
32.862040816	0.0783673	176
32.940408163	0.153469	177
33.093877551	0.151293	178
33.245170068	0.0870748	179
33.332244898	0.0783673	180
33.410612245	0.156735	181
33.567346939	0.165442	182
33.732789116	0.0783673	183
33.811156463	0.0609524	184
33.872108844	0.160544	185
34.032653061	0.266122	186
34.298775510	0.221995	187
34.520770975	0.169841	188
34.690612245	0.0783673	189
34.768979592	0.0870748	190
34.856054422	0.143946	191
35.000000000	0.247891	192
35.247891156	0.20517	193
35.453061224	0.186667	194
35.639727891	0.0957823	195
35.735510204	0.0696599	196
35.805170068	0.17034	197
35.975510204	0.143129	198
36.118639456	0.0957823	199
36.214421769	0.0696599	200
36.284081633	0.140408	201
36.424489796	0.146939	202
36.571428571	0.0870748	203
36.658503401	0.0696599	204
36.728163265	0.153469	205
36.881632653	0.186122	206
37.067755102	0.0957823	207
37.163537415	0.0696599	208
37.233197279	0.138231	209
37.371428571	0.27102	210
37.642448980	0.275918	211
37.918367347	0.263946	212
38.182312925	0.25034	213
38.432653061	0.465306	214
38.897959184	0.473469	215
39.371428571	0.256327	216
39.627755102	0.298776	217
39.926530612	0.249796	218
40.176326531	0.223673	219
40.400000000	0.489796	220
40.889795918	0.481633	221
41.371428571	0.241633	222
41.613061224	0.231837	223
41.844897959	0.273197	224
42.118095238	0.257415	225
42.375510204	0.481633	226
42.857142857	0.465306	227
43.322448980	0.241088	228
43.563537415	0.246395	229
43.809931973	0.22381	230
44.033741497	0.276463	231
44.310204082	0.460499	232
44.770702948	0.976236	233
45.746938776	0.922449	234
46.669387755	0.979592	235
47.648979592	0.542063	236
48.191043084	1.32841	237
49.519455782	0.148027	238
49.667482993	0.169252	239
49.836734694	0.161633	240
49.998367347	0.148027	241
50.146394558	0.15966	242
50.306054422	0.162517	243
50.468571429	0.156735	244
50.625306122	0.199184	245
50.824489796	0.697687	246
51.522176871	0.191565	247
51.713741497	0.162857	248
51.876598639	0.150612	249
52.027210884	0.148027	250
52.175238095	0.162744	251
52.337981859	0.142018	252
52.480000000	0.148027	253
52.628027211	0.19737	254
52.825396825	0.708209	255
53.533605442	0.156735	256
53.690340136	0.179048	257
53.869387755	0.700408	258
54.569795918	0.13932	259
54.709115646	0.148027	260
54.857142857	0.635646	261
55.492789116	0.165442	262
55.658231293	0.178503	263
55.836734694	0.683537	264
56.520272109	0.156735	265
56.677006803	0.171973	266
56.848979592	0.611701	267
57.460680272	0.182857	268
57.643537415	0.185034	269
57.828571429	0.163265	270
57.991836735	0.165442	271
58.157278912	0.152925	272
58.310204082	0.151837	273
58.462040816	0.182857	274
58.644897959	0.138776	275
58.783673469	0.183401	276
58.967074830	0.165442	277
59.132517007	0.183968	278
59.316485261	0.544739	279
59.861224490	0.229116	280
60.090340136	0.165442	281
60.255782313	0.160544	282
60.416326531	0.17034	283
60.586666667	0.17415	284
60.760816327	0.13932	285
60.900136054	0.156735	286
61.056870748	0.148027	287
61.204897959	0.167279	288
61.372176871	0.677347	289
62.049523810	0.130612	290
62.180136054	0.179048	291
62.359183673	0.151837	292
62.511020408	0.182857	293
62.693877551	0.130612	294
62.824489796	0.182857	295
63.007346939	0.148027	296
63.155374150	0.151156	297
63.306530612	0.505714	298
63.812244898	0.161633	299
63.973877551	0.165442	300
64.139319728	0.154558	301
64.293877551	0.483991	302
64.777868481	0.145125	303
64.922993197	0.165442	304
65.088435374	0.144218	305
65.232653061	0.522449	306
65.755102041	0.160544	307
65.915646259	0.165442	308
66.081088435	0.122993	309
66.204081633	0.312381	310
66.516462585	0.218231	311
66.734693878	0.312925	312
67.047619048	0.28	313
67.327619048	0.730068	314
68.057687075	0.156735	315
68.214421769	0.161088	316
68.375510204	0.152381	317
68.527891156	0.182857	318
68.710748299	0.141111	319
68.851859410	0.172358	320
69.024217687	0.156735	321
69.180952381	0.14966	322
69.330612245	0.506122	323
69.836734694	0.154014	324
69.990748299	0.130612	325
70.121360544	0.181678	326
70.303038549	0.149206	327
70.452244898	0.182857	328
70.635102041	0.156735	329
70.791836735	0.156735	330
70.948571429	0.148027	331
71.096598639	0.176939	332
71.273537415	0.481565	333
71.755102041	0.186122	334
71.941224490	0.148027	335
72.089251701	0.180136	336
72.269387755	0.465306	337
72.734693878	0.173061	338
72.907755102	0.17415	339
73.081904762	0.240544	340
73.322448980	0.177415	341
73.499863946	0.148027	342
73.647891156	0.188844	343
73.836734694	0.150748	344
73.987482993	0.156735	345
74.144217687	0.17415	346
74.318367347	0.156735	347
74.475102041	0.13932	348
74.614421769	0.193742	349
74.808163265	0.171973	350
74.980136054	0.148027	351
75.128163265	0.161633	352
75.289795918	0.151837	353
75.441632653	0.156735	354
75.598367347	0.197551	355
75.795918367	0.168163	356
75.964081633	0.148027	357
76.112108844	0.189932	358
76.302040816	0.167075	359
76.469115646	0.148027	360
76.617142857	0.207347	361
76.824489796	0.14966	362
76.974149660	0.156735	363
77.130884354	0.158912	364
77.289795918	0.163265	365
77.453061224	0.13932	366
77.592380952	0.195374	367
77.787755102	0.144218	368
77.931972789	0.13932	369
78.071292517	0.215034	370
78.286326531	0.159388	371
78.445714286	0.148027	372
78.593741497	0.191202	373
78.784943311	0.14839	374
78.933333333	0.148027	375
79.081360544	0.175782	376
79.257142857	0.172517	377
79.429659864	0.17415	378
79.603809524	0.204785	379
79.808594104	0.143515	380
79.952108844	0.156735	381
80.108843537	0.201361	382
80.310204082	0.155646	383
80.465850340	0.148027	384
80.613877551	0.161633	385
80.775510204	0.143129	386
80.918639456	0.148027	387
81.066666667	0.190476	388
81.257142857	0.149116	389
81.406258503	0.13932	390
81.545578231	0.234014	391
81.779591837	0.175238	392
81.954829932	0.156735	393
82.111564626	0.206803	394
82.318367347	0.193742	395
82.512108844	0.0783673	396
82.590476190	0.121905	397
82.712380952	0.218231	398
82.930612245	0.147483	399
83.078095238	0.0783673	400
83.156462585	0.10449	401
83.260952381	0.166281	402
83.427233560	0.138481	403
83.565714286	0.10449	404
83.670204082	0.0435374	405
83.713741497	0.180136	406
83.893877551	0.159456	407
84.053333333	0.0957823	408
84.149115646	0.0609524	409
84.210068027	0.157279	410
84.367346939	0.15619	411
84.523537415	0.10449	412
84.628027211	0.0783673	413
84.706394558	0.240544	414
84.946938776	0.177415	415
85.124353741	0.10449	416
85.228843537	0.0783673	417
85.307210884	0.202993	418
85.510204082	0.206259	419
85.716462585	0.283492	420
85.999954649	0.256372	421
86.256326531	0.284286	422
86.540612245	0.238163	423
86.778775510	0.24712	424
87.025895692	0.249206	425
87.275102041	0.202449	426
87.477551020	0.163265	427
87.640816327	0.148027	428
87.788843537	0.0435374	429
87.832380952	0.167619	430
88.000000000	0.154558	431
88.154557823	0.113197	432
88.267755102	0.0783673	433
88.346122449	0.151837	434
88.497959184	0.231293	435
88.729251701	0.265261	436
88.994512472	0.222358	437
89.216870748	0.26034	438
89.477210884	0.148912	439
89.626122449	0.0957823	440
89.721904762	0.0696599	441
89.791564626	0.180567	442
89.972131519	0.150317	443
90.122448980	0.0870748	444
90.209523810	0.0783673	445
90.287891156	0.144762	446
90.432653061	0.238367	447
90.671020408	0.284172	448
90.955192744	0.177324	449
91.132517007	0.0957823	450
91.228299320	0.0696599	451
91.297959184	0.146939	452
91.444897959	0.122993	453
91.567891156	0.10449	454
91.672380952	0.0609524	455
91.733333333	0.187778	456
91.921111111	0.221474	457
92.142585034	0.241088	458
92.383673469	0.229116	459
92.612789116	0.268844	460
92.881632653	0.183946	461
93.065578231	0.0870748	462
93.152653061	0.0783673	463
93.231020408	0.173061	464
93.404081633	0.149116	465
93.553197279	0.0957823	466
93.648979592	0.0609524	467
93.709931973	0.192109	468
93.902040816	0.251973	469
94.154013605	0.262313	470
94.416326531	0.216599	471
94.632925170	0.273197	472
94.906122449	0.153469	473
95.059591837	0.0957823	474
95.155374150	0.0609524	475
95.216326531	0.168957	476
95.385283447	0.15322	477
95.538503401	0.0957823	478
95.634285714	0.0783673	479
95.712653061	0.156735	480
95.869387755	0.269932	481
96.139319728	0.268844	482
96.408163265	0.192653	483
96.600816327	0.272653	484
96.873469388	0.206259	485
97.079727891	0.0870748	486
97.166802721	0.0783673	487
97.245170068	0.199728	488
97.444897959	0.226939	489
97.671836735	0.254694	490
97.926530612	0.163265	491
98.089795918	0.0870748	492
98.176870748	0.0783673	493
98.255238095	0.161088	494
98.416326531	0.291701	495
98.708027211	0.320544	496
99.028571429	0.228027	497
99.256598639	0.302585	498
99.559183673	0.237279	499
99.796462585	0.30966	500
100.106122449	0.265034	501
100.371156463	0.273741	502
100.644897959	0.231293	503
100.876190476	0.305306	504
101.181496599	0.278095	505
101.459591837	0.328163	506
101.787755102	0.324898	507
102.112653061	0.32	508
102.432653061	0.245986	509
102.678639456	0.300952	510
102.979591837	0.317279	511
103.296870748	0.334467	512
103.631337868	0.370839	513
104.002176871	0.442449	514
104.444625850	0.985578	515
105.430204082	0.267755	516
105.697959184	0.289524	517
105.987482993	0.266259	518
106.253741497	0.186531	519
106.440272109	0.0609524	520
106.501224490	0.0957823	521
106.597006803	0.211156	522
106.808163265	0.171973	523
106.980136054	0.130612	524
107.110748299	0.0783673	525
107.189115646	0.133333	526
107.322448980	0.154014	527
107.476462585	0.182857	528
107.659319728	0.0783673	529
107.737687075	0.164354	530
107.902040816	0.157823	531
108.059863946	0.113197	532
108.173061224	0.0609524	533
108.234013605	0.141497	534
108.375510204	0.119728	535
108.495238095	0.113197	536
108.608435374	0.0957823	537
108.704217687	0.161088	538
108.865306122	0.187211	539
109.052517007	0.113197	540
109.165714286	0.0870748	541
109.252789116	0.183946	542
109.436734694	0.173061	543
109.609795918	0.113197	544
109.722993197	0.0609524	545
109.783945578	0.191565	546
109.975510204	0.156735	547
110.132244898	0.113197	548
110.245442177	0.0522449	549
110.297687075	0.175782	550
110.473469388	0.155102	551
110.628571429	0.0870748	552
110.715646259	0.0870748	553
110.802721088	0.168707	554
110.971428571	0.153469	555
111.124897959	0.10449	556
111.229387755	0.0870748	557
111.316462585	0.169252	558
111.485714286	0.17034	559
111.656054422	0.0957823	560
111.751836735	0.0696599	561
111.821496599	0.21932	562
112.040816327	0.181224	563
112.222040816	0.0870748	564
112.309115646	0.0957823	565
112.404897959	0.133878	566
112.538775510	0.205714	567
112.744489796	0.0696599	568
112.814149660	0.0783673	569
112.892517007	0.22585	570
113.118367347	0.174694	571
113.293061224	0.113197	572
113.406258503	0.0783673	573
113.484625850	0.22966	574
113.714285714	0.214422	575
113.928707483	0.165442	576
114.094149660	0.216054	577
114.310204082	0.175782	578
114.485986395	0.200272	579
114.686258503	0.26068	580
114.946938776	0.174694	581
115.121632653	0.182857	582
115.304489796	0.213878	583
115.518367347	0.160544	584
115.678911565	0.113197	585
115.792108844	0.0696599	586
115.861768707	0.203537	587
116.065306122	0.205714	588
116.271020408	0.17415	589
116.445170068	0.228571	590
116.673741497	0.198095	591
116.871836735	0.17415	592
117.045986395	0.239592	593
117.285578231	0.20449	594
117.490068027	0.226395	595
117.716462585	0.223447	596
117.939909297	0.830159	597
118.770068027	0.32381	598
119.093877551	0.277007	599
119.370884354	0.253605	600
119.624489796	0.268844	601
119.893333333	0.269932	602
120.163265306	0.252517	603
120.415782313	0.283288	604
120.699070295	0.230454	605
120.929523810	0.245986	606
121.175510204	0.259048	607
121.434557823	0.255238	608
121.689795918	0.258503	609
121.948299320	0.239456	610
122.187755102	0.282993	611
122.470748299	0.378118	612
122.848866213	0.240113	613
123.088979592	0.274286	614
123.363265306	0.256871	615
123.620136054	0.241088	616
123.861224490	0.246531	617
124.107755102	0.267755	618
124.375510204	0.211156	619
124.586666667	0.294966	620
124.881632653	0.262313	621
125.143945578	0.260136	622
125.404081633	0.210068	623
125.614149660	0.238912	624
125.853061224	0.213878	625
126.066938776	0.341224	626
126.408163265	0.250884	627
126.659047619	0.283288	628
126.942335601	0.334943	629
127.277278912	0.151293	630
127.428571429	0.379864	631
127.808435374	0.134422	632
127.942857143	0.318367	633
128.261224490	0.171429	634
128.432653061	0.333605	635
128.766258503	0.15619	636
128.922448980	0.366259	637
129.288707483	0.15619	638
129.444897959	0.305306	639
129.750204082	0.306939	640
130.057142857	0.302585	641
130.359727891	0.23619	642
130.595918367	0.260136	643
130.856054422	0.392925	644
131.248979592	0.773878	645
132.022857143	0.288141	646
132.310997732	0.251723	647
132.562721088	0.286258	648
132.848979592	0.27102	649
133.120000000	0.349388	650
133.469387755	0.826122	651
134.295510204	0.324898	652
134.620408163	0.258503	653
134.878911565	0.296599	654
135.175510204	0.269388	655
135.444897959	0.277551	656
135.722448980	0.880544	657
136.602993197	0.294966	658
136.897959184	0.253605	659
137.151564626	0.264263	660
137.415827664	0.319138	661
137.734965986	0.273197	662
138.008163265	0.806531	663
138.814693878	0.271383	664
139.086077098	0.799637	665
139.885714286	0.342857	666
140.228571429	0.94585	667
141.174421769	0.343946	668
141.518367347	0.274286	669
141.792653061	0.28898	670
142.081632653	0.294422	671
142.376054422	0.211701	672
142.587755102	0.232381	673
142.820136054	0.298231	674
143.118367347	0.28517	675
143.403537415	0.245442	676
143.648979592	0.259592	677
143.908571429	0.238367	678
144.146938776	0.249252	679
144.396190476	0.265034	680
144.661224490	0.283537	681
144.944761905	0.296054	682
145.240816327	0.636735	683
145.877551020	0.579592	684
146.457142857	0.66449	685
147.121632653	0.364082	686
147.485714286	0.846259	687
148.331972789	0.304762	688
148.636734694	0.226395	689
148.863129252	0.255238	690
149.118367347	0.258503	691
149.376870748	0.299388	692
149.676258503	0.240476	693
149.916734694	0.279184	694
150.195918367	0.217143	695
150.413061224	0.24	696
150.653061224	0.299864	697
150.952925170	0.263401	698
151.216326531	0.224218	699
151.440544218	0.273741	700
151.714285714	0.300952	701
152.015238095	0.262313	702
152.277551020	0.294966	703
152.572517007	0.317279	704
152.889795918	1.28163	705
154.171428571	1.47755	706
155.648979592	0.489796	707
156.138775510	0.506122	708
156.644897959	0.133333	709
156.778231293	0.148027	710
156.926258503	0.196236	711
157.122494331	0.134649	712
157.257142857	0.13932	713
157.396462585	0.170884	714
157.567346939	0.186122	715
157.753469388	0.148027	716
157.901496599	0.171678	717
158.073174603	0.424785	718
158.497959184	0.134966	719
158.632925170	0.130612	720
158.763537415	0.191565	721
158.955102041	0.13932	722
159.094421769	0.13932	723
159.233741497	0.202993	724
159.436734694	0.145306	725
159.582040816	0.13932	726
159.721360544	0.15619	727
159.877551020	0.44898	728
160.326530612	0.134966	729
160.461496599	0.121905	730
160.583401361	0.226916	731
160.810317460	0.103968	732
160.914285714	0.13932	733
161.053605442	0.187211	734
161.240816327	0.117551	735
161.358367347	0.13932	736
161.497687075	0.167619	737
161.665306122	0.128435	738
161.793741497	0.13932	739
161.933061224	0.181224	740
162.114285714	0.132245	741
162.246530612	0.130612	742
162.377142857	0.161633	743
162.538775510	0.143129	744
162.681904762	0.130612	745
162.812517007	0.150748	746
162.963265306	0.145306	747
163.108571429	0.156735	748
163.265306122	0.15932	749
163.424625850	0.136735	750
163.561360544	0.17415	751
163.735510204	0.158367	752
163.893877551	0.146395	753
164.040272109	0.121905	754
164.162176871	0.188844	755
164.351020408	0.150748	756
164.501768707	0.130612	757
164.632380952	0.167619	758
164.800000000	0.119728	759
164.919727891	0.148027	760
165.067755102	0.206825	761
165.274580499	0.124059	762
165.398639456	0.148027	763
165.546666667	0.183946	764
165.730612245	0.146939	765
165.877551020	0.130612	766
166.008163265	0.179592	767
166.187755102	0.133878	768
166.321632653	0.13932	769
166.460952381	0.176395	770
166.637346939	0.145782	771
166.783129252	0.13932	772
166.922448980	0.171429	773
167.093877551	0.133333	774
167.227210884	0.130612	775
167.357823129	0.185034	776
167.542857143	0.18068	777
167.723537415	0.130612	778
167.854149660	0.134739	779
167.988888889	0.1439	780
168.132789116	0.156735	781
168.289523810	0.174127	782
168.463650794	0.130635	783
168.594285714	0.156735	784
168.751020408	0.155102	785
168.906122449	0.140952	786
169.047074830	0.148027	787
169.195102041	0.18449	788
169.379591837	0.146395	789
169.525986395	0.113197	790
169.639183673	0.180136	791
169.819319728	0.150748	792
169.970068027	0.13932	793
170.109387755	0.143673	794
170.253061224	0.152381	795
170.405442177	0.13932	796
170.544761905	0.157279	797
170.702040816	0.147483	798
170.849523810	0.121905	799
170.971428571	0.187755	800
171.159183673	0.151837	801
171.311020408	0.121905	802
171.432925170	0.167075	803
171.600000000	0.146395	804
171.746394558	0.148027	805
171.894421769	0.154558	806
172.048979592	0.132789	807
172.181768707	0.156735	808
172.338503401	0.151293	809
172.489795918	0.136054	810
172.625850340	0.130612	811
172.756462585	0.17415	812
172.930612245	0.13932	813
173.069931973	0.148027	814
173.217959184	0.112653	815
173.330612245	0.148571	816
173.479183673	0.130612	817
173.609795918	0.177959	818
173.787755102	0.152925	819
173.940680272	0.130612	820
174.071292517	0.173424	821
174.244716553	0.140045	822
174.384761905	0.148027	823
174.532789116	0.169252	824
174.702040816	0.144218	825
174.846258503	0.0957823	826
174.942040816	0.16	827
175.102040816	0.170884	828
175.272925170	0.121905	829
175.394829932	0.148027	830
175.542857143	0.148027	831
175.690884354	0.10449	832
175.795374150	0.180136	833
175.975510204	0.133333	834
176.108843537	0.130612	835
176.239455782	0.185034	836
176.424489796	0.137143	837
176.561632653	0.130612	838
176.692244898	0.164898	839
176.857142857	0.113741	840
176.970884354	0.148027	841
177.118911565	0.142721	842
177.261632653	0.127211	843
177.388843537	0.148027	844
177.536870748	0.169252	845
177.706122449	0.144218	846
177.850340136	0.121905	847
177.972244898	0.150204	848
178.122448980	0.137143	849
178.259591837	0.121905	850
178.381496599	0.157279	851
178.538775510	0.138776	852
178.677551020	0.148027	853
178.825578231	0.137687	854
178.963265306	0.123537	855
179.086802721	0.121905	856
179.208707483	0.187211	857
179.395918367	0.134966	858
179.530884354	0.130612	859
179.661496599	0.183401	860
179.844897959	0.121361	861
179.966258503	0.13932	862
180.105578231	0.12771	863
180.233287982	0.142222	864
180.375510204	0.13932	865
180.514829932	0.163447	866
180.678276644	0.141315	867
180.819591837	0.130612	868
180.950204082	0.151837	869
181.102040816	0.118095	870
181.220136054	0.130612	871
181.350748299	0.208435	872
181.559183673	0.122449	873
181.681632653	0.130612	874
181.812244898	0.138776	875
181.951020408	0.131156	876
182.082176871	0.156735	877
182.238911565	0.178798	878
182.417709751	0.447596	879
182.865306122	0.432653	880
183.297959184	0.151293	881
183.449251701	0.148027	882
183.597278912	0.141497	883
183.738775510	0.154558	884
183.893333333	0.130612	885
184.023945578	0.171973	886
184.195918367	0.132789	887
184.328707483	0.121905	888
184.450612245	0.153469	889
184.604081633	0.142585	890
184.746666667	0.148027	891
184.894693878	0.133878	892
185.028571429	0.136054	893
185.164625850	0.121905	894
185.286530612	0.166531	895
185.453061224	0.155646	896
185.608707483	0.156735	897
185.765442177	0.128435	898
185.893877551	0.132789	899
186.026666667	0.130612	900
186.157278912	0.161088	901
186.318367347	0.134966	902
186.453333333	0.148027	903
186.601360544	0.141497	904
186.742857143	0.128435	905
186.871292517	0.148027	906
187.019319728	0.15619	907
187.175510204	0.139864	908
187.315374150	0.148027	909
187.463401361	0.136599	910
187.600000000	0.142041	911
187.742040816	0.130612	912
187.872653061	0.172358	913
188.045011338	0.123696	914
188.168707483	0.13932	915
188.308027211	0.149116	916
188.457142857	0.129524	917
188.586666667	0.148027	918
188.734693878	0.146939	919
188.881632653	0.227483	920
189.109115646	0.262313	921
189.371428571	1.32245	922
190.693877551	0.302041	923
190.995918367	0.229116	924
191.225034014	0.268844	925
191.493877551	0.530612	926
192.024489796	0.645986	927
192.670476190	0.291769	928
192.962244898	0.239388	929
193.201632653	0.259592	930
193.461224490	0.489796	931
193.951020408	0.538776	932
194.489795918	0.192109	933
194.681904762	0.156735	934
194.838639456	0.157279	935
194.995918367	0.15619	936
195.152108844	0.148027	937
195.300136054	0.169252	938
195.469387755	0.144218	939
195.613605442	0.148027	940
195.761632653	0.189388	941
195.951020408	0.158912	942
196.109931973	0.17415	943
196.284081633	0.124082	944
196.408163265	0.18068	945
196.588843537	0.121905	946
196.710748299	0.139841	947
196.850589569	0.147506	948
196.998095238	0.13932	949
197.137414966	0.204399	950
197.341814059	0.470431	951
197.812244898	0.473469	952
198.285714286	0.140408	953
198.426122449	0.130612	954
198.556734694	0.177959	955
198.734693878	0.144218	956
198.878911565	0.13932	957
199.018231293	0.165442	958
199.183673469	0.148027	959
199.331700680	0.130612	960
199.462312925	0.137687	961
199.600000000	0.14966	962
199.749659864	0.148027	963
199.897687075	0.143129	964
200.040816327	0.161633	965
200.202448980	0.165442	966
200.367891156	0.154558	967
200.522448980	0.263401	968
200.785850340	0.234558	969
201.020408163	1.05306	970
202.073469388	0.498095	971
202.571564626	0.661088	972
203.232653061	0.148027	973
203.380680272	0.154014	974
203.534693878	0.159456	975
203.694149660	0.13932	976
203.833469388	0.166531	977
204.000000000	0.474921	978
204.474920635	0.629841	979
205.104761905	0.156735	980
205.261496599	0.138821	981
205.400317460	0.174649	982
205.574965986	0.130612	983
205.705578231	0.155646	984
205.861224490	0.68898	985
206.550204082	0.13932	986
206.689523810	0.151293	987
206.840816327	0.649796	988
207.490612245	0.130612	989
207.621224490	0.172744	990
207.793968254	0.71542	991
208.509387755	0.266122	992
208.775510204	1.30993	993
210.085442177	0.322721	994
210.408163265	0.269388	995
210.677551020	0.302041	996
210.979591837	0.506122	997
211.485714286	0.759184	998
212.244897959	0.236735	999
212.481632653	0.250884	1000
212.732517007	0.255238	1001
212.987755102	0.538776	1002
213.526530612	0.764626	1003
214.291156463	0.280272	1004
214.571428571	0.242177	1005
214.813605442	0.272109	1006
215.085714286	1.24299	1007
216.328707483	0.259048	1008
216.587755102	0.228571	1009
216.816326531	0.277551	1010
217.093877551	1.24626	1011
218.340136054	0.231293	1012
218.571428571	0.238912	1013
218.810340136	0.275374	1014
219.085714286	1.22231	1015
220.308027211	0.238912	1016
220.546938776	0.231293	1017
220.778231293	0.25034	1018
221.028571429	0.211156	1019
221.239727891	0.270476	1020
221.510204082	0.243265	1021
221.753469388	0.254694	1022
222.008163265	0.224218	1023
222.232380952	0.290068	1024
222.522448980	0.206259	1025
222.728707483	0.242721	1026
222.971428571	0.244898	1027
223.216326531	0.285714	1028
223.502040816	0.25415	1029
223.756190476	0.235646	1030
223.991836735	0.22585	1031
224.217687075	0.231293	1032
224.448979592	0.247619	1033
224.696598639	0.242177	1034
224.938775510	0.25415	1035
225.192925170	0.24381	1036
225.436734694	0.252517	1037
225.689251701	0.244898	1038
225.934149660	0.234014	1039
226.168163265	0.19102	1040
226.359183673	0.261769	1041
226.620952381	0.244354	1042
226.865306122	0.243265	1043
227.108571429	0.254331	1044
227.362902494	0.22458	1045
227.587482993	0.241088	1046
227.828571429	0.229116	1047
228.057687075	0.252517	1048
228.310204082	0.252517	1049
228.562721088	0.335238	1050
228.897959184	0.213333	1051
229.111292517	0.309116	1052
229.420408163	0.195918	1053
229.616326531	0.130612	1054
229.746938776	0.0783673	1055
229.825306122	0.13932	1056
229.964625850	0.113197	1057
230.077823129	0.0609524	1058
230.138775510	0.0870748	1059
230.225850340	0.198639	1060
230.424489796	0.14966	1061
230.574149660	0.0696599	1062
230.643809524	0.0870748	1063
230.730884354	0.191565	1064
230.922448980	0.235102	1065
231.157551020	0.242336	1066
231.399886621	0.166916	1067
231.566802721	0.0870748	1068
231.653877551	0.0609524	1069
231.714829932	0.156735	1070
231.871564626	0.156735	1071
232.028299320	0.113197	1072
232.141496599	0.0609524	1073
232.202448980	0.173061	1074
232.375510204	0.149116	1075
232.524625850	0.0870748	1076
232.611700680	0.0696599	1077
232.681360544	0.159456	1078
232.840816327	0.197551	1079
233.038367347	0.275918	1080
233.314285714	0.150748	1081
233.465034014	0.0870748	1082
233.552108844	0.0696599	1083
233.621768707	0.156735	1084
233.778503401	0.156735	1085
233.935238095	0.0609524	1086
233.996190476	0.10449	1087
234.100680272	0.176531	1088
234.277210884	0.128231	1089
234.405442177	0.0696599	1090
234.475102041	0.0870748	1091
234.562176871	0.145125	1092
234.707301587	0.18576	1093
234.893061224	0.0870748	1094
234.980136054	0.0696599	1095
235.049795918	0.153515	1096
235.203310658	0.14254	1097
235.345850340	0.0957823	1098
235.441632653	0.0696599	1099
235.511292517	0.178503	1100
235.689795918	0.134966	1101
235.824761905	0.0522449	1102
235.877006803	0.0696599	1103
235.946666667	0.183946	1104
236.130612245	0.146939	1105
236.277551020	0.0696599	1106
236.347210884	0.0783673	1107
236.425578231	0.203175	1108
236.628752834	0.249615	1109
236.878367347	0.297143	1110
237.175510204	0.138231	1111
237.313741497	0.10449	1112
237.418231293	0.10449	1113
237.522721088	0.10449	1114
237.627210884	0.148027	1115
237.775238095	0.0957823	1116
237.871020408	0.0957823	1117
237.966802721	0.165714	1118
238.132517007	0.147755	1119
238.280272109	0.0870748	1120
238.367346939	0.0783673	1121
238.445714286	0.186349	1122
238.632063492	0.214195	1123
238.846258503	0.239456	1124
239.085714286	0.178503	1125
239.264217687	0.0696599	1126
239.333877551	0.0609524	1127
239.394829932	0.217687	1128
239.612517007	0.121905	1129
239.734421769	0.10449	1130
239.838911565	0.0957823	1131
239.934693878	0.146939	1132
240.081632653	0.131701	1133
240.213333333	0.0870748	1134
240.300408163	0.0870748	1135
240.387482993	0.167619	1136
240.555102041	0.241633	1137
240.796734694	0.21551	1138
241.012244898	0.158912	1139
241.171156463	0.0870748	1140
241.258231293	0.0522449	1141
241.310476190	0.182857	1142
241.493333333	0.156735	1143
241.650068027	0.0870748	1144
241.737142857	0.0609524	1145
241.798095238	0.185578	1146
241.983673469	0.145306	1147
242.128979592	0.0870748	1148
242.216054422	0.0609524	1149
242.277006803	0.16381	1150
242.440816327	0.158367	1151
242.599183673	0.121905	1152
242.721088435	0.0522449	1153
242.773333333	0.165442	1154
242.938775510	0.148027	1155
243.086802721	0.0870748	1156
243.173877551	0.0609524	1157
243.234829932	0.152925	1158
243.387755102	0.160544	1159
243.548299320	0.0870748	1160
243.635374150	0.0783673	1161
243.713741497	0.171973	1162
243.885714286	0.132789	1163
244.018503401	0.10449	1164
244.122993197	0.0696599	1165
244.192653061	0.174694	1166
244.367346939	0.702041	1167
245.069387755	0.237823	1168
245.307210884	0.276463	1169
245.583673469	0.219864	1170
245.803537415	0.294422	1171
246.097959184	0.201905	1172
246.299863946	0.247075	1173
246.546938776	0.266667	1174
246.813605442	0.263946	1175
247.077551020	0.267211	1176
247.344761905	0.271565	1177
247.616326531	0.216054	1178
247.832380952	0.265578	1179
248.097959184	0.239456	1180
248.337414966	0.22585	1181
248.563265306	0.261769	1182
248.825034014	0.28517	1183
249.110204082	0.376599	1184
249.486802721	0.157279	1185
249.644081633	0.33034	1186
249.974421769	0.15619	1187
250.130612245	0.296599	1188
250.427210884	0.185034	1189
250.612244898	0.302585	1190
250.914829932	0.187211	1191
251.102040816	0.326531	1192
251.428571429	0.209206	1193
251.637777778	0.234875	1194
251.872653061	0.282449	1195
252.155102041	0.257415	1196
252.412517007	0.256871	1197
252.669387755	0.256871	1198
252.926258503	0.309252	1199
253.235510204	0.805306	1200
254.040816327	0.326531	1201
254.367346939	0.282993	1202
254.650340136	0.247619	1203
254.897959184	0.248707	1204
255.146666667	0.321882	1205
255.468548753	0.775261	1206
256.243809524	0.294966	1207
256.538775510	0.262313	1208
256.801088435	0.309116	1209
257.110204082	0.256871	1210
257.367074830	0.34941	1211
257.716485261	0.8261	1212
258.542585034	0.314558	1213
258.857142857	0.251429	1214
259.108571429	0.303673	1215
259.412244898	0.244898	1216
259.657142857	0.334694	1217
259.991836735	0.788571	1218
260.780408163	0.346122	1219
261.126530612	0.78585	1220
261.912380952	0.299864	1221
262.212244898	0.858231	1222
263.070476190	0.349932	1223
263.420408163	0.337959	1224
263.758367347	0.380408	1225
264.138775510	0.544354	1226
264.683129252	0.677415	1227
265.360544218	0.156735	1228
265.517278912	0.184694	1229
265.701972789	0.128776	1230
265.830748299	0.13932	1231
265.970068027	0.185034	1232
266.155102041	0.128435	1233
266.283537415	0.10449	1234
266.388027211	0.224218	1235
266.612244898	0.698776	1236
267.311020408	0.148027	1237
267.459047619	0.157279	1238
267.616326531	0.164898	1239
267.781224490	0.130612	1240
267.911836735	0.161633	1241
268.073469388	0.151837	1242
268.225306122	0.113197	1243
268.338503401	0.216599	1244
268.555102041	0.645442	1245
269.200544218	0.17415	1246
269.374693878	0.168163	1247
269.542857143	0.632925	1248
270.175782313	0.156735	1249
270.332517007	0.149116	1250
270.481632653	0.155646	1251
270.637278912	0.113197	1252
270.750476190	0.188299	1253
270.938775510	0.168707	1254
271.107482993	0.191565	1255
271.299047619	0.137687	1256
271.436734694	0.123537	1257
271.560272109	0.165442	1258
271.725714286	0.192653	1259
271.918367347	0.251429	1260
272.169795918	0.277868	1261
272.447664399	0.235873	1262
272.683537415	0.238912	1263
272.922448980	0.24	1264
273.162448980	0.130612	1265
273.293061224	0.127347	1266
273.420408163	0.177415	1267
273.597823129	0.121905	1268
273.719727891	0.190476	1269
273.910204082	0.149116	1270
274.059319728	0.113197	1271
274.172517007	0.0696599	1272
274.242176871	0.166916	1273
274.409092971	0.233628	1274
274.642721088	0.240907	1275
274.883628118	0.124807	1276
275.008435374	0.165442	1277
275.173877551	0.181224	1278
275.355102041	0.132245	1279
275.487346939	0.113197	1280
275.600544218	0.229297	1281
275.829841270	0.16254	1282
275.992380952	0.0522449	1283
276.044625850	0.10449	1284
276.149115646	0.179274	1285
276.328390023	0.22127	1286
276.549659864	0.276009	1287
276.825668934	0.14195	1288
276.967619048	0.0522449	1289
277.019863946	0.0783673	1290
277.098231293	0.179887	1291
277.278117914	0.21195	1292
277.490068027	0.2822	1293
277.772267574	0.161882	1294
277.934149660	0.0957823	1295
278.029931973	0.0696599	1296
278.099591837	0.16966	1297
278.269251701	0.161224	1298
278.430476190	0.165442	1299
278.595918367	0.138776	1300
278.734693878	0.165986	1301
278.900680272	0.0870748	1302
278.987755102	0.0522449	1303
279.040000000	0.187007	1304
279.227006803	0.152585	1305
279.379591837	0.156735	1306
279.536326531	0.169796	1307
279.706122449	0.161088	1308
279.867210884	0.0957823	1309
279.962993197	0.0957823	1310
280.058775510	0.153469	1311
280.212244898	0.151293	1312
280.363537415	0.182857	1313
280.546394558	0.155646	1314
280.702040816	0.175238	1315
280.877278912	0.0696599	1316
280.946938776	0.0783673	1317
281.025306122	0.169841	1318
281.195147392	0.161043	1319
281.356190476	0.156735	1320
281.512925170	0.193197	1321
281.706122449	0.16381	1322
281.869931973	0.0957823	1323
281.965714286	0.0783673	1324
282.044081633	0.124512	1325
282.168594104	0.171542	1326
282.340136054	0.17415	1327
282.514285714	0.163265	1328
282.677551020	0.158912	1329
282.836462585	0.0870748	1330
282.923537415	0.0696599	1331
282.993197279	0.14966	1332
283.142857143	0.12898	1333
283.271836735	0.165442	1334
283.437278912	0.187211	1335
283.624489796	0.169796	1336
283.794285714	0.0609524	1337
283.855238095	0.0609524	1338
283.916190476	0.157279	1339
284.073469388	0.173605	1340
284.247074830	0.0957823	1341
284.342857143	0.0696599	1342
284.412517007	0.150748	1343
284.563265306	0.145306	1344
284.708571429	0.0957823	1345
284.804353741	0.0696599	1346
284.874013605	0.170884	1347
285.044897959	0.151293	1348
285.196190476	0.0870748	1349
285.283265306	0.0609524	1350
285.344217687	0.190476	1351
285.534693878	0.157823	1352
285.692517007	0.148027	1353
285.840544218	0.202698	1354
286.043242630	0.267506	1355
286.310748299	0.232653	1356
286.543401361	0.150476	1357
286.693877551	0.156735	1358
286.850612245	0.0609524	1359
286.911564626	0.141497	1360
287.053061224	0.171973	1361
287.225034014	0.0696599	1362
287.294693878	0.0435374	1363
287.338231293	0.188299	1364
287.526530612	0.16	1365
287.686530612	0.0783673	1366
287.764897959	0.0870748	1367
287.851972789	0.148027	1368
288.000000000	0.278639	1369
288.278639456	0.251973	1370
288.530612245	0.183401	1371
288.714013605	0.0609524	1372
288.774965986	0.0957823	1373
288.870748299	0.133333	1374
289.004081633	0.162721	1375
289.166802721	0.0870748	1376
289.253877551	0.0522449	1377
289.306122449	0.176168	1378
289.482290249	0.172132	1379
289.654421769	0.0696599	1380
289.724081633	0.0783673	1381
289.802448980	0.164898	1382
289.967346939	0.279184	1383
290.246530612	0.243265	1384
290.489795918	0.174694	1385
290.664489796	0.0957823	1386
290.760272109	0.0609524	1387
290.821224490	0.142041	1388
290.963265306	0.284626	1389
291.247891156	0.245986	1390
291.493877551	0.14585	1391
291.639727891	0.0957823	1392
291.735510204	0.0696599	1393
291.805170068	0.14585	1394
291.951020408	0.167619	1395
292.118639456	0.0696599	1396
292.188299320	0.0870748	1397
292.275374150	0.161927	1398
292.437301587	0.142834	1399
292.580136054	0.0783673	1400
292.658503401	0.0870748	1401
292.745578231	0.168707	1402
292.914285714	0.136054	1403
293.050340136	0.0870748	1404
293.137414966	0.0957823	1405
293.233197279	0.154558	1406
293.387755102	0.289524	1407
293.677278912	0.290068	1408
293.967346939	0.267211	1409
294.234557823	0.222585	1410
294.457142857	0.489796	1411
294.946938776	0.530612	1412
295.477551020	0.219864	1413
295.697414966	0.277732	1414
295.975147392	0.218594	1415
296.193741497	0.247075	1416
296.440816327	0.497959	1417
296.938775510	0.489796	1418
297.428571429	0.236735	1419
297.665306122	0.244898	1420
297.910204082	0.242721	1421
298.152925170	0.271565	1422
298.424489796	0.465306	1423
298.889795918	0.473469	1424
299.363265306	0.235102	1425
299.598367347	0.292336	1426
299.890702948	0.221406	1427
300.112108844	0.296054	1428
300.408163265	0.465306	1429
300.873469388	0.938776	1430
301.812244898	0.971429	1431
302.783673469	1.00408	1432
303.787755102	0.555102	1433
304.342857143	1.28109	1434
305.623945578	0.165442	1435
305.789387755	0.186122	1436
305.975510204	0.144762	1437
306.120272109	0.156735	1438
306.277006803	0.147483	1439
306.424489796	0.131156	1440
306.555646259	0.200272	1441
306.755918367	0.182857	1442
306.938775510	0.679184	1443
307.617959184	0.165442	1444
307.783401361	0.151293	1445
307.934693878	0.162177	1446
308.096870748	0.13932	1447
308.236190476	0.155646	1448
308.391836735	0.149116	1449
308.540952381	0.130612	1450
308.671564626	0.193742	1451
308.865306122	0.711837	1452
309.577142857	0.148027	1453
309.725170068	0.185034	1454
309.910204082	0.677007	1455
310.587210884	0.13932	1456
310.726530612	0.183084	1457
310.909614512	0.626712	1458
311.536326531	0.182857	1459
311.719183673	0.176848	1460
311.896031746	0.676485	1461
312.572517007	0.182857	1462
312.755374150	0.167483	1463
312.922857143	0.711973	1464
313.634829932	0.148027	1465
313.782857143	0.151837	1466
313.934693878	0.144218	1467
314.078911565	0.165442	1468
314.244353741	0.171973	1469
314.416326531	0.132789	1470
314.549115646	0.156735	1471
314.705850340	0.175782	1472
314.881632653	0.181224	1473
315.062857143	0.148027	1474
315.210884354	0.234014	1475
315.444897959	0.547166	1476
315.992063492	0.255011	1477
316.247074830	0.182857	1478
316.429931973	0.165986	1479
316.595918367	0.173605	1480
316.769523810	0.165442	1481
316.934965986	0.142585	1482
317.077551020	0.162177	1483
317.239727891	0.130612	1484
317.370340136	0.164354	1485
317.534693878	0.68898	1486
318.223673469	0.17415	1487
318.397823129	0.149116	1488
318.546938776	0.173061	1489
318.720000000	0.165442	1490
318.885442177	0.18127	1491
319.066712018	0.123492	1492
319.190204082	0.17415	1493
319.364353741	0.21932	1494
319.583673469	0.489796	1495
320.073469388	0.17034	1496
320.243809524	0.13932	1497
320.383129252	0.174626	1498
320.557755102	0.501134	1499
321.058888889	0.160159	1500
321.219047619	0.156735	1501
321.375782313	0.158912	1502
321.534693878	0.481633	1503
322.016326531	0.169252	1504
322.185578231	0.165442	1505
322.351020408	0.138776	1506
322.489795918	0.270476	1507
322.760272109	0.284626	1508
323.044897959	0.324898	1509
323.369795918	0.352653	1510
323.722448980	0.74449	1511
324.466938776	0.17415	1512
324.641088435	0.175238	1513
324.816326531	0.146939	1514
324.963265306	0.156735	1515
325.120000000	0.169796	1516
325.289795918	0.152381	1517
325.442176871	0.156735	1518
325.598911565	0.185692	1519
325.784603175	0.502268	1520
326.286870748	0.147959	1521
326.434829932	0.156735	1522
326.591564626	0.200272	1523
326.791836735	0.148027	1524
326.939863946	0.148027	1525
327.087891156	0.169252	1526
327.257142857	0.152925	1527
327.410068027	0.13932	1528
327.549387755	0.164898	1529
327.714285714	0.481633	1530
328.195918367	0.189388	1531
328.385306122	0.165442	1532
328.550748299	0.175782	1533
328.726530612	0.465306	1534
329.191836735	0.177415	1535
329.369251701	0.182857	1536
329.552108844	0.284626	1537
329.836734694	0.176871	1538
330.013605442	0.156735	1539
330.170340136	0.213333	1540
330.383673469	0.134966	1541
330.518639456	0.156735	1542
330.675374150	0.165442	1543
330.840816327	0.165442	1544
331.006258503	0.148027	1545
331.154285714	0.16	1546
331.314285714	0.153469	1547
331.467755102	0.13932	1548
331.607074830	0.213333	1549
331.820408163	0.117551	1550
331.937959184	0.182857	1551
332.120816327	0.164898	1552
332.285714286	0.139864	1553
332.425578231	0.191565	1554
332.617142857	0.166531	1555
332.783673469	0.155646	1556
332.939319728	0.17415	1557
333.113469388	0.168163	1558
333.281632653	0.154014	1559
333.435646259	0.148027	1560
333.583673469	0.179592	1561
333.763265306	0.168707	1562
333.931972789	0.148027	1563
334.080000000	0.173061	1564
334.253061224	0.166531	1565
334.419591837	0.121905	1566
334.541496599	0.217687	1567
334.759183673	0.165442	1568
334.924625850	0.148027	1569
335.072653061	0.176327	1570
335.248979592	0.137143	1571
335.386122449	0.148027	1572
335.534149660	0.220952	1573
335.755102041	0.170884	1574
335.925986395	0.165442	1575
336.091428571	0.153469	1576
336.244897959	0.151293	1577
336.396190476	0.148027	1578
336.544217687	0.17415	1579
336.718367347	0.130612	1580
336.848979592	0.10449	1581
336.953469388	0.0870748	1582
337.040544218	0.136417	1583
337.176961451	0.133515	1584
337.310476190	0.0870748	1585
337.397551020	0.0783673	1586
337.475918367	0.189388	1587
337.665306122	0.141497	1588
337.806802721	0.13932	1589
337.946122449	0.18449	1590
338.130612245	0.155102	1591
338.285714286	0.165442	1592
338.451156463	0.206077	1593
338.657233560	0.142222	1594
338.799455782	0.0870748	1595
338.886530612	0.0870748	1596
338.973605442	0.161088	1597
339.134693878	0.126259	1598
339.260952381	0.0696599	1599
339.330612245	0.0696599	1600
339.400272109	0.18576	1601
339.586031746	0.153832	1602
339.739863946	0.113197	1603
339.853061224	0.0522449	1604
339.905306122	0.18449	1605
340.089795918	0.172517	1606
340.262312925	0.0870748	1607
340.349387755	0.0783673	1608
340.427755102	0.16254	1609
340.590294785	0.142222	1610
340.732517007	0.0870748	1611
340.819591837	0.0696599	1612
340.889251701	0.136417	1613
341.025668934	0.168345	1614
341.194013605	0.0696599	1615
341.263673469	0.0522449	1616
341.315918367	0.213492	1617
341.529410431	0.204467	1618
341.733877551	0.0957823	1619
341.829659864	0.0783673	1620
341.908027211	0.113583	1621
342.021609977	0.182472	1622
342.204081633	0.10449	1623
342.308571429	0.0696599	1624
342.378231293	0.160544	1625
342.538775510	0.187755	1626
342.726530612	0.0957823	1627
342.822312925	0.0696599	1628
342.891972789	0.181315	1629
343.073287982	0.140862	1630
343.214149660	0.0609524	1631
343.275102041	0.0609524	1632
343.336054422	0.206803	1633
343.542857143	0.167619	1634
343.710476190	0.0957823	1635
343.806258503	0.0609524	1636
343.867210884	0.173605	1637
344.040816327	0.113741	1638
344.154557823	0.10449	1639
344.259047619	0.0696599	1640
344.328707483	0.185578	1641
344.514285714	0.188844	1642
344.703129252	0.0696599	1643
344.772789116	0.0609524	1644
344.833741497	0.186667	1645
345.020408163	0.161633	1646
345.182040816	0.0870748	1647
345.269115646	0.0783673	1648
345.347482993	0.154558	1649
345.502040816	0.158912	1650
345.660952381	0.10449	1651
345.765442177	0.0522449	1652
345.817687075	0.159637	1653
345.977324263	0.206077	1654
346.183401361	0.10449	1655
346.287891156	0.0696599	1656
346.357551020	0.189388	1657
346.546938776	0.211156	1658
346.758095238	0.0957823	1659
346.853877551	0.0696599	1660
346.923537415	0.14585	1661
347.069387755	0.167619	1662
347.237006803	0.113197	1663
347.350204082	0.0957823	1664
347.445986395	0.186667	1665
347.632653061	0.179048	1666
347.811700680	0.113197	1667
347.924897959	0.0696599	1668
347.994557823	0.207891	1669
348.202448980	0.122993	1670
348.325442177	0.148027	1671
348.473469388	0.0696599	1672
348.543129252	0.199728	1673
348.742857143	0.209524	1674
348.952380952	0.121905	1675
349.074285714	0.113197	1676
349.187482993	0.191565	1677
349.379047619	0.200272	1678
349.579319728	0.113197	1679
349.692517007	0.13932	1680
349.831836735	0.437551	1681
350.269387755	0.598639	1682
350.868027211	0.223492	1683
351.091519274	0.603719	1684
351.695238095	0.214966	1685
351.910204082	0.612245	1686
352.522448980	0.163265	1687
352.685714286	0.585578	1688
353.271292517	0.214422	1689
353.485714286	0.409683	1690
353.895396825	0.176984	1691
354.072380952	0.0870748	1692
354.159455782	0.0783673	1693
354.237823129	0.127052	1694
354.364875283	0.134172	1695
354.499047619	0.0609524	1696
354.560000000	0.0870748	1697
354.647074830	0.0957823	1698
354.742857143	0.130612	1699
354.873469388	0.0870748	1700
354.960544218	0.0696599	1701
355.030204082	0.136417	1702
355.166621315	0.0986848	1703
355.265306122	0.0696599	1704
355.334965986	0.0783673	1705
355.413333333	0.129524	1706
355.542857143	0.122993	1707
355.665850340	0.0957823	1708
355.761632653	0.0783673	1709
355.840000000	0.151837	1710
355.991836735	0.13551	1711
356.127346939	0.0870748	1712
356.214421769	0.0609524	1713
356.275374150	0.135873	1714
356.411247166	0.134059	1715
356.545306122	0.0783673	1716
356.623673469	0.0696599	1717
356.693333333	0.155646	1718
356.848979592	0.122993	1719
356.971972789	0.113197	1720
357.085170068	0.191519	1721
357.276689342	0.15678	1722
357.433469388	0.0609524	1723
357.494421769	0.0696599	1724
357.564081633	0.174694	1725
357.738775510	0.130068	1726
357.868843537	0.148027	1727
358.016870748	0.117506	1728
358.134376417	0.126304	1729
358.260680272	0.0609524	1730
358.321632653	0.0783673	1731
358.400000000	0.114286	1732
358.514285714	0.155646	1733
358.669931973	0.130612	1734
358.800544218	0.154558	1735
358.955102041	0.132789	1736
359.087891156	0.0696599	1737
359.157551020	0.0609524	1738
359.218503401	0.128435	1739
359.346938776	0.141497	1740
359.488435374	0.13932	1741
359.627755102	0.13551	1742
359.763265306	0.117007	1743
359.880272109	0.0870748	1744
359.967346939	0.0522449	1745
360.019591837	0.151837	1746
360.171428571	0.126803	1747
360.298231293	0.13932	1748
360.437551020	0.19068	1749
360.628231293	0.122789	1750
360.751020408	0.130612	1751
360.881632653	0.16034	1752
361.041972789	0.161837	1753
361.203809524	0.0783673	1754
361.282176871	0.0957823	1755
361.377959184	0.148571	1756
361.526530612	0.147483	1757
361.674013605	0.121905	1758
361.795918367	0.172268	1759
361.968185941	0.141202	1760
362.109387755	0.0870748	1761
362.196462585	0.0696599	1762
362.266122449	0.125714	1763
362.391836735	0.126803	1764
362.518639456	0.0609524	1765
362.579591837	0.0870748	1766
362.666666667	0.141497	1767
362.808163265	0.154558	1768
362.962721088	0.0522449	1769
363.014965986	0.0957823	1770
363.110748299	0.130068	1771
363.240816327	0.174694	1772
363.415510204	0.0696599	1773
363.485170068	0.0609524	1774
363.546122449	0.143673	1775
363.689795918	0.143673	1776
363.833469388	0.0696599	1777
363.903129252	0.0522449	1778
363.955374150	0.140068	1779
364.095442177	0.138571	1780
364.234013605	0.0522449	1781
364.286258503	0.0696599	1782
364.355918367	0.166531	1783
364.522448980	0.146939	1784
364.669387755	0.0609524	1785
364.730340136	0.0783673	1786
364.808707483	0.138231	1787
364.946938776	0.131701	1788
365.078639456	0.0609524	1789
365.139591837	0.0609524	1790
365.200544218	0.154558	1791
365.355102041	0.150204	1792
365.505306122	0.0609524	1793
365.566258503	0.0696599	1794
365.635918367	0.168163	1795
365.804081633	0.110476	1796
365.914557823	0.0609524	1797
365.975510204	0.0696599	1798
366.045170068	0.134422	1799
366.179591837	0.144218	1800
366.323809524	0.0696599	1801
366.393469388	0.0609524	1802
366.454421769	0.165986	1803
366.620408163	0.164898	1804
366.785306122	0.0783673	1805
366.863673469	0.0696599	1806
366.933333333	0.152381	1807
367.085714286	0.152381	1808
367.238095238	0.0435374	1809
367.281632653	0.0696599	1810
367.351292517	0.118095	1811
367.469387755	0.0908844	1812
367.560272109	0.0870748	1813
367.647346939	0.0783673	1814
367.725714286	0.151837	1815
367.877551020	0.13551	1816
368.013061224	0.0609524	1817
368.074013605	0.0870748	1818
368.161088435	0.149116	1819
368.310204082	0.120816	1820
368.431020408	0.0696599	1821
368.500680272	0.0957823	1822
368.596462585	0.130068	1823
368.726530612	0.131156	1824
368.857687075	0.0957823	1825
368.953469388	0.0435374	1826
368.997006803	0.169569	1827
369.166575964	0.135193	1828
369.301768707	0.0348299	1829
369.336598639	0.0783673	1830
369.414965986	0.144218	1831
369.559183673	0.151837	1832
369.711020408	0.0696599	1833
369.780680272	0.0783673	1834
369.859047619	0.132789	1835
369.991836735	0.128435	1836
370.120272109	0.130612	1837
370.250884354	0.181769	1838
370.432653061	0.114286	1839
370.546938776	0.0957823	1840
370.642721088	0.0609524	1841
370.703673469	0.137143	1842
370.840816327	0.167619	1843
371.008435374	0.130612	1844
371.139047619	0.172676	1845
371.311723356	0.0972562	1846
371.408979592	0.0522449	1847
371.461224490	0.0696599	1848
371.530884354	0.150748	1849
371.681632653	0.136599	1850
371.818231293	0.113197	1851
371.931428571	0.196939	1852
372.128367347	0.125238	1853
372.253605442	0.121905	1854
372.375510204	0.155102	1855
372.530612245	0.132245	1856
372.662857143	0.165442	1857
372.828299320	0.169751	1858
372.998049887	0.126304	1859
373.124353741	0.148027	1860
373.272380952	0.131701	1861
373.404081633	0.155646	1862
373.559727891	0.121905	1863
373.681632653	0.179592	1864
373.861224490	0.12517	1865
373.986394558	0.0783673	1866
374.064761905	0.0696599	1867
374.134421769	0.148027	1868
374.282448980	0.156735	1869
374.439183673	0.0435374	1870
374.482721088	0.0696599	1871
374.552380952	0.157823	1872
374.710204082	0.129524	1873
374.839727891	0.0783673	1874
374.918095238	0.0435374	1875
374.961632653	0.164898	1876
375.126530612	0.113741	1877
375.240272109	0.0435374	1878
375.283809524	0.10449	1879
375.388299320	0.138231	1880
375.526530612	0.114286	1881
375.640816327	0.0696599	1882
375.710476190	0.0783673	1883
375.788843537	0.113197	1884
375.902040816	0.148027	1885
376.050068027	0.0609524	1886
376.111020408	0.0870748	1887
376.198095238	0.137823	1888
376.335918367	0.123401	1889
376.459319728	0.0522449	1890
376.511564626	0.0522449	1891
376.563809524	0.169138	1892
376.732947846	0.126916	1893
376.859863946	0.0609524	1894
376.920816327	0.0696599	1895
376.990476190	0.143923	1896
377.134399093	0.0998866	1897
377.234285714	0.0783673	1898
377.312653061	0.0783673	1899
377.391020408	0.119184	1900
377.510204082	0.150748	1901
377.660952381	0.0435374	1902
377.704489796	0.0957823	1903
377.800272109	0.121519	1904
377.921791383	0.12229	1905
378.044081633	0.0522449	1906
378.096326531	0.0696599	1907
378.165986395	0.152381	1908
378.318367347	0.126259	1909
378.444625850	0.0696599	1910
378.514285714	0.0522449	1911
378.566530612	0.151837	1912
378.718367347	0.109388	1913
378.827755102	0.0783673	1914
378.906122449	0.0870748	1915
378.993197279	0.113197	1916
379.106394558	0.10449	1917
379.210884354	0.0696599	1918
379.280544218	0.0609524	1919
379.341496599	0.142222	1920
379.483718821	0.12771	1921
379.611428571	0.0609524	1922
379.672380952	0.0696599	1923
379.742040816	0.13551	1924
379.877551020	0.151837	1925
380.029387755	0.0609524	1926
380.090340136	0.0696599	1927
380.160000000	0.136417	1928
380.296417234	0.629841	1929
380.926258503	0.224762	1930
381.151020408	0.585034	1931
381.736054422	0.223129	1932
381.959183673	0.612789	1933
382.571972789	0.203537	1934
382.775510204	0.606259	1935
383.381768707	0.211882	1936
383.593650794	0.35737	1937
383.951020408	0.188299	1938
384.139319728	0.10449	1939
384.243809524	0.15619	1940
384.400000000	0.105034	1941
384.505034014	0.121905	1942
384.626938776	0.156735	1943
384.783673469	0.13932	1944
384.922993197	0.113197	1945
385.036190476	0.13932	1946
385.175510204	0.121905	1947
385.297414966	0.121905	1948
385.419319728	0.14941	1949
385.568730159	0.129229	1950
385.697959184	0.10449	1951
385.802448980	0.140408	1952
385.942857143	0.112109	1953
386.054965986	0.113197	1954
386.168163265	0.150204	1955
386.318367347	0.119728	1956
386.438095238	0.130612	1957
386.568707483	0.12517	1958
386.693877551	0.832653	1959
387.526530612	0.938776	1960
388.465306122	0	1961