###data-type:		Global Beat Dynamics (0.2x2 smoothing; 100 ms delay)
###extraction-date:	Thu Oct 23 11:01:07 PDT 2014
0.755	66.5	1.1
2.252	64.0	1.2
3.646	73.7	1.3
5.116	68.9	1.4
6.58	72.9	2.1
7.999	64.4	2.2
9.38	61.4	2.3
10.784	62.9	2.4
12.005	61.6	3.1
13.259	66.8	3.2
14.547	69.3	3.3
15.836	73.0	3.4
17.252	73.0	4.1
18.553	66.6	4.2
20.069	52.3	4.3
21.397	67.7	4.4
22.837	64.6	5.1
24.067	62.4	5.2
25.224	64.5	5.3
26.457	63.3	5.4
27.783	67.1	6.1
29.118	72.8	6.2
30.314	66.7	6.3
31.684	70.6	6.4
33.106	63.0	7.1
34.347	66.8	7.2
35.584	64.6	7.3
36.815	68.2	7.4
38.22	67.3	8.1
39.509	74.0	8.2
40.902	71.8	8.3
42.133	68.4	8.4
43.392	65.1	9.1
44.81	65.4	9.2
46.094	62.7	9.3
47.396	63.7	9.4
48.823	61.7	10.1
50.166	67.9	10.2
51.348	64.3	10.3
52.576	64.9	10.4
53.664	62.0	11.1
54.969	62.2	11.2
56.265	62.7	11.3
57.727	62.4	11.4
59.429	60.3	12.1
60.857	56.5	12.2
62.093	57.7	12.3
63.321	61.2	12.4
64.579	61.7	13.1
65.863	59.5	13.2
67.048	63.8	13.3
68.275	62.4	13.4
69.581	64.0	14.1
70.861	59.8	14.2
71.976	63.2	14.3
73.143	57.7	14.4
74.384	63.9	15.1
75.541	62.4	15.2
76.718	59.1	15.3
77.949	57.5	15.4
79.401	62.7	16.1
80.805	63.7	16.2
82.013	63.9	16.3
83.278	62.4	16.4
84.59	65.1	17.1
85.879	63.4	17.2
87.028	66.2	17.3
88.294	62.4	17.4
89.617	61.8	18.1
90.906	63.0	18.2
92.021	67.8	18.3
93.17	62.1	18.4
94.354	63.7	19.1
95.736	63.5	19.2
96.879	42.2	19.3
98.093	61.3	19.4
99.335	55.6	20.1
100.591	58.7	20.2
101.932	64.1	20.3
103.219	60.4	20.4
104.501	58.6	21.1
105.62	67.1	21.2
106.74	66.0	21.3
107.915	63.8	21.4
109.172	64.9	22.1
110.385	64.1	22.2
111.665	69.3	22.3
113.041	68.6	22.4
114.312	64.9	23.1
115.531	62.4	23.2
116.715	65.9	23.3
117.923	65.4	23.4
119.246	66.7	24.1
120.542	70.0	24.2
121.94	66.8	24.3
123.322	60.9	24.4
124.621	72.2	25.1
125.724	72.4	25.2
126.781	78.1	25.3
127.826	77.3	25.4
129.068	75.6	26.1
130.206	72.6	26.2
131.286	76.6	26.3
132.435	76.0	26.4
133.503	69.8	27.1
134.594	67.8	27.2
135.708	79.9	27.3
136.841	75.9	27.4
138.063	82.8	28.1
139.18	79.2	28.2
140.292	77.3	28.3
141.468	71.3	28.4
142.733	75.1	29.1
143.929	73.4	29.2
145.218	72.8	29.3
146.396	71.9	29.4
147.664	75.6	30.1
148.898	72.7	30.2
150.071	72.6	30.3
151.185	69.1	30.4
152.408	68.2	31.1
153.556	69.5	31.2
154.637	66.0	31.3
155.823	67.2	31.4
157.083	67.8	32.1
158.301	63.1	32.2
159.486	63.4	32.3
160.72	52.5	32.4
162.157	64.4	33.1
163.387	62.0	33.2
164.734	64.0	33.3
165.918	60.8	33.4
167.102	64.5	34.1
168.35	65.0	34.2
169.517	62.6	34.3
170.748	59.2	34.4
171.967	62.2	35.1
173.079	60.8	35.2
174.243	62.1	35.3
175.392	58.1	35.4
176.565	60.5	36.1
177.795	60.3	36.2
178.991	61.7	36.3
180.097	63.1	36.4
181.348	56.7	37.1
182.712	64.3	37.2
183.903	65.9	37.3
185.089	65.5	37.4
186.196	63.6	38.1
187.243	66.1	38.2
188.325	65.8	38.3
189.339	65.5	38.4
190.376	69.7	39.1
191.431	73.1	39.2
192.61	77.5	39.3
193.698	71.7	39.4
194.766	83.4	40.1
195.857	70.3	40.2
196.939	80.2	40.3
197.982	70.1	40.4
198.992	78.8	41.1
200.088	71.8	41.2
201.155	79.0	41.3
202.276	71.6	41.4
203.386	78.0	42.1
204.518	70.9	42.2
205.682	70.3	42.3
206.925	63.6	42.4
208.096	65.4	43.1
209.443	60.1	43.2
210.779	63.6	43.3
212.229	56.4	43.4
214.042	62.9	44.1
215.524	59.0	44.2
216.84	71.9	44.3
218.198	67.9	44.4
219.614	76.2	45.1
221.019	61.3	45.2
222.363	57.6	45.3
223.665	65.1	45.4
225.024	62.5	46.1
226.209	70.6	46.2
227.486	69.1	46.3
228.878	70.2	46.4
230.214	73.0	47.1
231.498	67.3	47.2
233.008	55.6	47.3
234.313	68.4	47.4
235.68	61.2	48.1
236.89	61.0	48.2
238.132	65.1	48.3
239.282	65.1	48.4
240.582	65.4	49.1
241.673	70.2	49.2
242.765	65.2	49.3
244.007	68.7	49.4
245.325	64.6	50.1
246.335	66.1	50.2
247.519	66.3	50.3
248.628	68.5	50.4
249.87	69.6	51.1
251.008	70.5	51.2
252.087	69.8	51.3
253.225	70.3	51.4
254.56	67.5	52.1
255.896	66.0	52.2
257.196	66.7	52.3
258.421	67.6	52.4
259.663	66.3	53.1
260.946	65.8	53.2
262.169	62.6	53.3
263.581	69.5	53.4
264.777	72.9	54.1
266.031	66.1	54.2
267.279	68.4	54.3
268.586	64.6	54.4
269.792	62.0	55.1
270.925	59.7	55.2
272.208	62.8	55.3
273.556	64.5	55.4
275.331	54.6	56.1
276.828	60.6	56.2
278.233	61.5	56.3
279.441	63.3	56.4
280.77	68.3	57.1
282.041	61.8	57.2
283.353	67.7	57.3
284.706	62.6	57.4
286.157	63.8	58.1
287.475	61.6	58.2
288.787	67.6	58.3
290.128	62.7	58.4
291.381	69.0	59.1
292.798	66.7	59.2
294.139	65.7	59.3
295.596	59.5	59.4
297.064	63.4	60.1
298.347	65.7	60.2
299.537	72.8	60.3
300.745	65.8	60.4
302.01	68.0	61.1
303.202	68.2	61.2
304.449	65.0	61.3
305.715	65.3	61.4
307.077	69.2	62.1
308.682	66.8	62.2
310.315	64.0	62.3
311.931	60.4	62.4
313.794	63.5	63.1
315.257	63.3	63.2
316.482	74.5	63.3
317.722	70.2	63.4
318.926	77.8	64.1
320.116	73.3	64.2
321.236	70.2	64.3
322.371	74.5	64.4
323.617	77.2	65.1
324.754	75.8	65.2
326.016	76.3	65.3
327.274	73.9	65.4
328.584	70.1	66.1
329.829	70.5	66.2
331.241	71.4	66.3
332.765	68.5	66.4
334.166	65.0	67.1
335.404	67.1	67.2
336.728	65.9	67.3
337.955	62.6	67.4
339.351	59.4	68.1
340.59	66.4	68.2
341.972	62.2	68.3
343.295	61.4	68.4
344.886	61.4	69.1
346.629	52.0	69.2
348.253	68.2	69.3
349.669	57.0	69.4
351.649	59.1	70.1
353.314	55.8	70.2
354.8	61.3	70.3
356.322	63.0	70.4
358.992	57.5	71.1
