1.213333333	0	0.5
1.465333333	238.095	0.6
1.731333333	225.564	1.1
1.974000000	247.253	1.2
2.221333333	242.588	1.3
2.488562500	224.526	1.4
2.720666667	258.505	1.5
2.968000000	242.588	1.6
3.220000000	238.095	2.1
3.467333333	242.588	2.2
3.691333333	267.857	2.3
3.924666667	257.143	2.4
4.162666667	252.101	2.5
4.372666667	285.714	2.6
4.587333333	279.503	3.1
4.816000000	262.391	3.2
5.082000000	225.564	3.3
5.296666667	279.503	3.4
5.553333333	233.766	3.5
5.791333333	252.101	3.6
6.052666667	229.592	4.1
6.303677083	239.034	4.2
6.519333333	278.221	4.3
6.729333333	285.714	4.4
6.944000000	279.503	4.5
7.140000000	306.122	4.6
7.387333333	242.588	5.1
7.620666667	257.143	5.2
7.812000000	313.589	5.3
8.026666667	279.503	5.4
8.255333333	262.391	5.5
8.493333333	252.101	5.6
8.736000000	247.253	6.1
8.950666667	279.503	6.2
9.156000000	292.208	6.3
9.375333333	273.556	6.4
9.599333333	267.857	6.5
9.800000000	299.003	6.6
10.047333333	242.588	7.1
10.257333333	285.714	7.2
10.486000000	262.391	7.3
10.682000000	306.122	7.4
10.934000000	238.095	7.5
11.134666667	299.003	7.6
11.340000000	292.208	8.1
11.536000000	306.122	8.2
11.755333333	273.556	8.3
11.974666667	273.556	8.4
12.194000000	273.556	8.5
12.390000000	306.122	8.6
12.618666667	262.391	9.1
12.842666667	267.857	9.2
13.061927083	273.647	9.3
13.276739583	279.313	9.4
13.500666667	267.944	9.5
13.743385417	247.2	9.6
14.011875000	223.472	10.1
14.256197917	245.577	10.2
14.550666667	203.757	10.3
14.816666667	225.564	10.4
15.012666667	306.122	10.5
15.274000000	229.592	10.6
15.516666667	247.253	11.1
15.726666667	285.714	11.2
15.960000000	257.143	11.3
16.198000000	252.101	11.4
16.426666667	262.391	11.5
16.669333333	247.253	11.6
16.920041667	239.322	12.1
17.153927083	256.536	12.2
17.388000000	256.33	12.3
17.621333333	257.143	12.4
17.859333333	252.101	12.5
18.116000000	233.766	12.6
18.405333333	207.373	13.1
18.676000000	221.675	13.2
18.926760417	239.272	13.3
19.189333333	228.508	13.4
19.458156250	223.195	13.5
19.768000000	193.646	13.6
20.104000000	178.571	14.1
20.396572917	205.077	14.2
20.734000000	177.816	14.3
21.107333333	160.714	14.4
21.457333333	171.429	14.5
21.741322917	211.275	14.6
21.970666667	261.616	15.1
22.208666667	252.101	15.2
22.465333333	233.766	15.3
22.729552083	227.085	15.4
22.969333333	250.228	15.5
23.214718750	244.513	15.6
23.538666667	185.215	16.1
23.804666667	225.564	16.2
24.042666667	252.101	16.3
24.276000000	257.143	16.4
24.500000000	267.857	16.5
24.705333333	292.208	16.6
24.938666667	257.143	17.1
25.177010417	251.737	17.2
25.405333333	262.786	17.3
25.631239583	265.597	17.4
25.881770833	239.491	17.5
26.138000000	234.165	17.6
26.390000000	238.095	18.1
26.609333333	273.556	18.2
26.866000000	233.766	18.3
27.080666667	279.503	18.4
27.295333333	279.503	18.5
27.505333333	285.714	18.6
27.743333333	252.101	19.1
27.962666667	273.556	19.2
28.177333333	279.503	19.3
28.406000000	262.391	19.4
28.639333333	257.143	19.5
28.886666667	242.588	19.6
29.143333333	233.766	20.1
29.376666667	257.143	20.2
29.596000000	273.556	20.3
29.787333333	313.589	20.4
30.006666667	273.556	20.5
30.212000000	292.208	20.6
30.436000000	267.857	21.1
30.677322917	248.63	21.2
30.912000000	255.67	21.3
31.112666667	299.003	21.4
31.333333333	271.903	21.5
31.545781250	282.422	21.6
31.789333333	246.354	22.1
32.021718750	258.192	22.2
32.260666667	251.101	22.3
32.466000000	292.208	22.4
32.685333333	273.556	22.5
32.895333333	285.714	22.6
33.166000000	221.675	23.1
33.354083333	319.008	23.2
33.558000000	294.238	23.3
33.791812500	256.616	23.4
34.027822917	254.226	23.5
34.281333333	236.677	23.6
34.541802083	230.354	24.1
34.818000000	217.236	24.2
35.121333333	197.802	24.3
35.392000000	221.675	24.4
35.662666667	221.675	24.5
35.910708333	241.895	24.6
36.143333333	257.926	25.1
36.348666667	292.208	25.2
36.554000000	292.208	25.3
36.792000000	252.101	25.4
37.048666667	233.766	25.5
37.314666667	225.564	25.6
37.548000000	257.143	26.1
37.804666667	233.766	26.2
38.066000000	229.592	26.3
38.322666667	233.766	26.4
38.570000000	242.588	26.5
38.850000000	214.286	26.6
39.158000000	194.805	27.1
39.433333333	217.918	27.2
39.690000000	233.766	27.3
39.951333333	229.592	27.4
40.259333333	194.805	27.5
40.520666667	229.592	27.6
40.838000000	189.076	28.1
41.197333333	166.976	28.2
41.598666667	149.502	28.3
41.948666667	171.429	28.4
42.359333333	146.104	28.5
42.625333333	225.564	28.6
42.882000000	233.766	29.1
43.115177083	257.315	29.2
43.372739583	232.953	29.3
43.638000000	226.193	29.4
43.875833333	252.278	29.5
44.146666667	221.538	29.6
44.431333333	210.773	30.1
44.650666667	273.556	30.2
44.856000000	292.208	30.3
45.080000000	267.857	30.4
45.327333333	242.588	30.5
45.528000000	299.003	30.6
45.794000000	225.564	31.1
45.999333333	292.208	31.2
46.237333333	252.101	31.3
46.466000000	262.391	31.4
46.706354167	249.632	31.5
46.927343750	271.506	31.6
47.191604167	227.049	32.1
47.446000000	235.853	32.2
47.682979167	253.187	32.3
47.884729167	297.398	32.4
48.125875000	248.812	32.5
48.338083333	282.741	32.6
48.552000000	280.483	33.1
48.785333333	257.143	33.2
49.047895833	228.517	33.3
49.263312500	278.53	33.4
49.494666667	259.343	33.5
49.742000000	242.588	33.6
49.979864583	252.244	34.1
50.216302083	253.767	34.2
50.418666667	296.495	34.3
50.633333333	279.503	34.4
50.857333333	267.857	34.5
51.081427083	267.745	34.6
51.319333333	252.2	35.1
51.532281250	281.759	35.2
51.734666667	296.464	35.3
51.998322917	227.569	35.4
52.243333333	244.888	35.5
52.472000000	262.391	35.6
52.705333333	257.143	36.1
52.944375000	251.002	36.2
53.158000000	280.866	36.3
53.374812500	276.737	36.4
53.606000000	259.53	36.5
53.844000000	252.101	36.6
54.086666667	247.253	37.1
54.340927083	235.979	37.2
54.553333333	282.478	37.3
54.854281250	199.37	37.4
55.160000000	196.259	37.5
55.458666667	200.893	37.6
55.925333333	128.571	38.1
56.266000000	176.125	38.2
56.457333333	313.589	38.3
56.620666667	367.347	38.4
56.868000000	242.588	38.5
57.120187500	237.918	38.6
57.358843750	251.408	39.1
57.584239583	266.198	39.2
57.809333333	266.556	39.3
58.050520833	248.769	39.4
58.254000000	294.87	39.5
58.436000000	329.67	39.6
58.697333333	229.592	40.1
58.898000000	299.003	40.2
59.098666667	299.003	40.3
59.294666667	306.122	40.4
59.486000000	313.589	40.5
59.710000000	267.857	40.6
60.004000000	204.082	41.1
60.256000000	238.095	41.2
60.452000000	306.122	41.3
60.666666667	279.503	41.4
60.830000000	367.347	41.5
61.054000000	267.857	41.6
61.306000000	238.095	42.1
61.573093750	224.64	42.2
61.740000000	359.483	42.3
61.922000000	329.67	42.4
62.141333333	273.556	42.5
62.360666667	273.556	42.6
62.589333333	262.391	43.1
62.841333333	238.095	43.2
63.056572917	278.759	43.3
63.260614583	294.058	43.4
63.485989583	266.223	43.5
63.700000000	280.36	43.6
63.937000000	253.165	44.1
64.163052083	265.426	44.2
64.353333333	315.323	44.3
64.535333333	329.67	44.4
64.740666667	292.208	44.5
64.941333333	299.003	44.6
65.249333333	194.805	45.1
65.534000000	210.773	45.2
65.814000000	214.286	45.3
66.034979167	271.519	45.4
66.215333333	332.679	45.5
66.388000000	347.49	45.6
66.770666667	156.794	46.1
67.036666667	225.564	46.2
67.248697917	282.977	46.3
67.424000000	342.266	46.4
67.596666667	347.49	46.5
67.839635417	246.945	46.6
68.049333333	286.126	47.1
68.277854167	262.558	47.2
68.494635417	276.777	47.3
68.688666667	309.229	47.4
68.861333333	347.49	47.5
69.085333333	267.857	47.6
69.320750000	254.867	48.1
69.528666667	288.577	48.2
69.715333333	321.429	48.3
69.883333333	357.143	48.4
70.112000000	262.391	48.5
70.340875000	262.152	48.6
70.527333333	321.788	49.1
70.760666667	257.143	49.2
70.980000000	273.556	49.3
71.171333333	313.589	49.4
71.348666667	338.346	49.5
71.579885417	259.495	49.6
71.880666667	199.481	50.1
72.131197917	239.491	50.2
72.319333333	318.919	50.3
72.492000000	347.49	50.4
72.722989583	259.752	50.5
72.922041667	301.429	50.6
73.164000000	247.977	51.1
73.403635417	250.38	51.2
73.626000000	269.827	51.3
73.812666667	321.429	51.4
74.008666667	306.122	51.5
74.228000000	273.556	51.6
74.489333333	229.592	52.1
74.704000000	279.503	52.2
74.886000000	329.67	52.3
75.077333333	313.589	52.4
75.306000000	262.391	52.5
75.520666667	279.503	52.6
75.744666667	267.857	53.1
75.968666667	267.857	53.2
76.188000000	273.556	53.3
76.393333333	292.208	53.4
76.580000000	321.429	53.5
76.801770833	270.55	53.6
77.032666667	259.857	54.1
77.289333333	233.766	54.2
77.494666667	292.208	54.3
77.662666667	357.143	54.4
77.863333333	299.003	54.5
78.008000000	414.747	54.6
78.260000000	238.095	55.1
78.540000000	214.286	55.2
78.764000000	267.857	55.3
78.922666667	378.151	55.4
79.142000000	273.556	55.5
79.338000000	306.122	55.6
79.566666667	262.391	56.1
79.790666667	267.857	56.2
80.005333333	279.503	56.3
80.201333333	306.122	56.4
80.411333333	285.714	56.5
80.598000000	321.429	56.6
80.836000000	252.101	57.1
81.036666667	299.003	57.2
81.265333333	262.391	57.3
81.461333333	306.122	57.4
81.689906250	262.498	57.5
81.942000000	238.007	57.6
82.217333333	217.918	58.1
82.525333333	194.805	58.2
82.800666667	217.918	58.3
83.027645833	264.341	58.4
83.258000000	260.468	58.5
83.491218750	257.269	58.6
83.738666667	242.475	59.1
83.995333333	233.766	59.2
84.266000000	221.675	59.3
84.518000000	238.095	59.4
84.854000000	178.571	59.5
85.115333333	229.592	59.6
85.381333333	225.564	60.1
85.614666667	257.143	60.2
85.838666667	267.857	60.3
86.058000000	273.556	60.4
86.277333333	273.556	60.5
86.482666667	292.208	60.6
86.706666667	267.857	61.1
86.954000000	242.588	61.2
87.154666667	299.003	61.3
87.360000000	292.208	61.4
87.588666667	262.391	61.5
87.812666667	267.857	61.6
88.022666667	285.714	62.1
88.256000000	257.143	62.2
88.471239583	278.759	62.3
88.657333333	322.418	62.4
88.881333333	267.857	62.5
89.082000000	299.003	62.6
89.301333333	273.556	63.1
89.518322917	276.511	63.2
89.726000000	288.91	63.3
89.945333333	273.556	63.4
90.155333333	285.714	63.5
90.364937500	286.254	63.6
90.608000000	246.85	64.1
90.827333333	273.556	64.2
91.023333333	306.122	64.3
91.214666667	313.589	64.4
91.438666667	267.857	64.5
91.620666667	329.67	64.6
91.863333333	247.253	65.1
92.082666667	273.556	65.2
92.278666667	306.122	65.3
92.484000000	292.208	65.4
92.717333333	257.143	65.5
92.918000000	299.003	65.6
93.123333333	292.208	66.1
93.314666667	313.589	66.2
93.561062500	243.511	66.3
93.756552083	306.922	66.4
93.958666667	296.861	66.5
94.168666667	285.714	66.6
94.369333333	299.003	67.1
94.565333333	306.122	67.2
94.794000000	262.391	67.3
94.994666667	299.003	67.4
95.214000000	273.556	67.5
95.428666667	279.503	67.6
95.671333333	247.253	68.1
95.926843750	234.824	68.2
96.259333333	180.457	68.3
96.488000000	262.391	68.4
96.777333333	207.373	68.5
97.010614583	257.2	68.6
97.248666667	252.046	69.1
97.500666667	238.095	69.2
97.710666667	285.714	69.3
97.953333333	247.253	69.4
98.177333333	267.857	69.5
98.417739583	249.578	69.6
98.620666667	295.673	70.1
98.854000000	257.143	70.2
99.176000000	186.335	70.3
99.596000000	142.857	70.4
99.866666667	221.675	70.5
100.128000000	229.592	70.6
100.384666667	233.766	71.1
100.648375000	227.524	71.2
100.865333333	276.551	71.3
101.080000000	279.503	71.4
101.308666667	262.391	71.5
101.518666667	285.714	71.6
101.742666667	267.857	72.1
101.948000000	292.208	72.2
102.172000000	267.857	72.3
102.414666667	247.253	72.4
102.624666667	285.714	72.5
102.848666667	267.857	72.6
103.184666667	178.571	73.1
103.525333333	176.125	73.2
103.782000000	233.766	73.3
104.024666667	247.253	73.4
104.407333333	156.794	73.5
104.659333333	238.095	73.6
104.902000000	247.253	74.1
105.112000000	285.714	74.2
105.410666667	200.893	74.3
105.651145833	249.502	74.4
105.886666667	254.755	74.5
106.141416667	235.525	74.6
106.404166667	228.354	75.1
106.672750000	223.394	75.2
106.897187500	267.335	75.3
107.132666667	254.8	75.4
107.370666667	252.101	75.5
107.678666667	194.805	75.6
107.964385417	209.997	76.1
108.243333333	215.094	76.2
108.579333333	178.571	76.3
108.980666667	149.502	76.4
109.811333333	72.2311	76.5
110.166000000	169.173	76.6
110.502000000	178.571	77.1
110.908000000	147.783	77.2
111.220666667	191.898	77.3
111.542666667	186.335	77.4
112.061197917	115.711	77.5
112.466666667	147.977	77.6
112.924000000	131.195	78.1
113.390666667	128.571	78.2
113.866666667	126.05	78.3
114.338000000	127.298	78.4
114.971000000	94.7867	78.5
115.560666667	101.752	78.6
116.032000000	127.298	79.1
116.489333333	131.195	79.2
116.825333333	178.571	79.3
117.096000000	221.675	79.4
117.408666667	191.898	79.5
117.721468750	191.815	79.6
118.035416667	191.115	80.1
118.314000000	215.375	80.2
118.556666667	247.253	80.3
118.845093750	208.025	80.4
119.142760417	201.568	80.5
119.560000000	143.802	80.6
119.854000000	204.082	81.1
120.166666667	191.898	81.2
120.448854167	212.625	81.3
120.712666667	227.434	81.4
120.946000000	257.143	81.5
121.244666667	200.893	81.6
121.468666667	267.857	82.1
121.744000000	217.918	82.2
121.972666667	262.391	82.3
122.248000000	217.918	82.4
122.584000000	178.571	82.5
122.971333333	154.905	82.6
123.274666667	197.802	83.1
123.587333333	191.898	83.2
123.830000000	247.253	83.3
124.100666667	221.675	83.4
124.368479167	224.037	83.5
124.628958333	230.345	83.6
124.847333333	274.757	84.1
125.132000000	210.773	84.2
125.402666667	221.675	84.3
125.692000000	207.373	84.4
125.967333333	217.918	84.5
126.326666667	166.976	84.6
126.681333333	169.173	85.1
127.092000000	146.104	85.2
127.368906250	216.68	85.3
127.656666667	208.507	85.4
127.910677083	236.211	85.5
128.151333333	249.318	85.6
128.412666667	229.592	86.1
128.683333333	221.675	86.2
128.958666667	217.918	86.3
129.239177083	213.896	86.4
129.504666667	225.998	86.5
129.775333333	221.675	86.6
130.041333333	225.564	87.1
130.316666667	217.918	87.2
130.578000000	229.592	87.3
130.844000000	225.564	87.4
131.100666667	233.766	87.5
131.385333333	210.773	87.6
131.722000000	178.218	88.1
132.066666667	174.081	88.2
132.309333333	247.253	88.3
132.617333333	194.805	88.4
132.850666667	257.143	88.5
133.214666667	164.835	88.6
133.560000000	173.745	89.1
133.922572917	165.484	89.2
134.254531250	180.746	89.3
134.674802083	142.765	89.4
135.146666667	127.155	89.5
135.650666667	119.048	89.6
136.080000000	139.752	79.1
136.490666667	146.104	79.2
136.799906250	194.024	79.3
137.083333333	211.695	79.4
137.349333333	225.564	79.5
137.629333333	214.286	79.6
137.904666667	217.918	80.1
138.194000000	207.373	80.2
138.471541667	216.184	80.3
138.688666667	276.339	80.4
139.020000000	181.087	80.5
139.412000000	153.061	80.6
139.696666667	210.773	81.1
140.004666667	194.805	81.2
140.280000000	217.918	81.3
140.546000000	225.564	81.4
140.804937500	231.716	81.5
141.071406250	225.167	81.6
141.339333333	223.942	82.1
141.619333333	214.286	82.2
141.862000000	247.253	82.3
142.132666667	221.675	82.4
142.464000000	181.087	82.5
142.832666667	162.749	82.6
143.145333333	191.898	83.1
143.444000000	200.893	83.2
143.691333333	242.588	83.3
143.966666667	217.918	83.4
144.237333333	221.675	83.5
144.494000000	233.766	83.6
144.746000000	238.095	84.1
145.016666667	221.675	84.2
145.282666667	225.564	84.3
145.558000000	217.918	84.4
145.854260417	202.525	84.5
146.183333333	182.33	84.6
146.561333333	158.73	85.1
146.920666667	166.976	85.2
147.196000000	217.918	85.3
147.480666667	210.773	85.4
147.700000000	273.556	85.5
147.961333333	229.592	85.6
148.260000000	200.893	86.1
148.507333333	242.588	86.2
148.778000000	221.675	86.3
149.053333333	217.918	86.4
149.319333333	225.564	86.5
149.634833333	190.174	86.6
149.921333333	209.424	87.1
150.234000000	191.898	87.2
150.480979167	242.935	87.3
150.705333333	267.434	87.4
150.976000000	221.675	87.5
151.246666667	221.675	87.6
151.582666667	178.571	88.1
151.937333333	169.173	88.2
152.226666667	207.373	88.3
152.483333333	233.766	88.4
152.712000000	262.391	88.5
153.043333333	181.087	88.6
153.398000000	169.173	89.1
153.794666667	151.26	89.2
154.126000000	181.087	89.3
154.462000000	178.571	89.4
154.910000000	133.929	89.5
155.386000000	126.05	89.6
155.890000000	119.048	90.1
156.375333333	123.626	90.2
156.716000000	176.125	90.3
156.991333333	217.918	90.4
157.286666667	203.16	90.5
157.543333333	233.766	90.6
157.803333333	230.769	91.1
158.100000000	202.247	91.2
158.360000000	230.769	91.3
158.620000000	230.769	91.4
158.930000000	193.548	91.5
159.320000000	153.846	91.6
159.623333333	197.802	92.1
159.926666667	197.802	92.2
160.220666667	204.082	92.3
160.493333333	220.049	92.4
160.743333333	240	92.5
161.006666667	227.848	92.6
161.250000000	246.575	93.1
161.583333333	180	93.2
161.813333333	260.87	93.3
162.080000000	225	93.4
162.456666667	159.292	93.5
162.863333333	147.541	93.6
163.200000000	178.218	94.1
163.516489583	189.58	94.2
163.786666667	222.077	94.3
164.056666667	222.222	94.4
164.310000000	236.842	94.5
164.593333333	211.765	94.6
164.874020833	213.761	95.1
165.136666667	228.445	95.2
165.400000000	227.848	95.3
165.730000000	181.818	95.4
166.040000000	193.548	95.5
166.350000000	193.548	95.6
166.713333333	165.138	96.1
167.106666667	152.542	96.2
167.406666667	200	96.3
167.683333333	216.867	96.4
167.916666667	257.143	96.5
168.192843750	217.252	96.6
168.478250000	210.227	97.1
168.716666667	251.66	97.2
168.980000000	227.848	97.3
169.230000000	240	97.4
169.476666667	243.243	97.5
169.753333333	216.867	97.6
170.050000000	202.247	98.1
170.320000000	222.222	98.2
170.563333333	246.575	98.3
170.813333333	240	98.4
171.060000000	243.243	98.5
171.346666667	209.302	98.6
171.660000000	191.489	99.1
171.996666667	178.218	99.2
172.233333333	253.521	99.3
172.490000000	233.766	99.4
172.770000000	214.286	99.5
173.093333333	185.567	99.6
173.440000000	173.077	100.1
173.761135417	186.837	100.2
174.050000000	207.71	100.3
174.337145833	208.953	100.4
174.623333333	209.653	100.5
174.932072917	194.339	100.6
175.229687500	201.603	101.1
175.590000000	166.522	101.2
175.850000000	230.769	101.3
176.121666667	220.859	101.4
176.386666667	226.415	101.5
176.646666667	230.769	101.6
176.883333333	253.521	102.1
177.140000000	233.766	102.2
177.410000000	222.222	102.3
177.670000000	230.769	102.4
177.930000000	230.769	102.5
178.186260417	234.137	102.6
178.443333333	233.397	103.1
178.796666667	169.811	103.2
179.016666667	272.727	103.3
179.366666667	171.429	103.4
179.670000000	197.802	103.5
180.036666667	163.636	103.6
180.400000000	165.138	104.1
180.773333333	160.714	104.2
181.053333333	214.286	104.3
181.343333333	206.897	104.4
181.630000000	209.302	104.5
181.906666667	216.867	104.6
182.210000000	197.802	105.1
182.510000000	200	105.2
182.740000000	260.87	105.3
182.990000000	240	105.4
183.250000000	230.769	105.5
183.523333333	219.512	105.6
183.776666667	236.842	106.1
184.037364583	230.151	106.2
184.319437500	212.711	106.3
184.596666667	216.427	106.4
184.897802083	199.246	106.5
185.156666667	231.781	106.6
185.546666667	153.846	107.1
185.936666667	153.846	107.2
186.276666667	176.471	107.3
186.636666667	166.667	107.4
186.976666667	176.471	107.5
187.459104167	124.368	107.6
187.876666667	143.691	108.1
188.203333333	183.673	108.2
188.600000000	151.26	108.3
189.040000000	136.364	108.4
189.476666667	137.405	108.5
190.090000000	97.8261	108.6
190.616666667	113.924	90.1
191.093333333	125.874	90.2
191.416666667	185.567	90.3
191.663333333	243.243	90.4
191.946666667	211.765	90.5
192.226666667	214.286	90.6
192.503333333	216.867	91.1
192.766666667	227.848	91.2
193.040000000	219.512	91.3
193.283333333	246.575	91.4
193.583333333	200	91.5
193.980000000	151.26	91.6
194.290000000	193.548	92.1
194.566666667	216.867	92.2
194.847895833	213.349	92.3
195.116666667	223.239	92.4
195.366666667	240	92.5
195.620000000	236.842	92.6
195.873333333	236.842	93.1
196.183333333	193.548	93.2
196.430000000	243.243	93.3
196.690000000	230.769	93.4
197.050000000	166.667	93.5
197.454083333	148.484	93.6
197.746666667	205.07	94.1
198.048062500	199.074	94.2
198.333333333	210.326	94.3
198.606666667	219.512	94.4
198.866666667	230.769	94.5
199.136666667	222.222	94.6
199.416666667	214.286	95.1
199.673333333	233.766	95.2
199.964604167	205.994	95.3
200.273333333	194.345	95.4
200.603333333	181.818	95.5
200.996666667	152.542	95.6
201.323333333	183.673	96.1
201.650000000	183.673	96.2
201.943333333	204.545	96.3
202.200000000	233.766	96.4
202.463333333	227.848	96.5
202.696666667	257.143	96.6
202.980000000	211.765	97.1
203.206666667	264.706	97.2
203.480000000	219.512	97.3
203.736666667	233.766	97.4
203.983333333	243.243	97.5
204.230000000	243.243	97.6
204.533333333	197.802	98.1
204.826666667	204.545	98.2
205.033333333	290.323	98.3
205.286666667	236.842	98.4
205.563333333	216.867	98.5
205.803333333	250	98.6
206.123333333	187.5	99.1
206.443333333	187.5	99.2
206.680000000	253.521	99.3
206.913333333	257.143	99.4
207.130000000	276.923	99.5
207.453333333	185.567	99.6
207.770000000	189.474	100.1
208.110000000	176.471	100.2
208.383333333	219.512	100.3
208.667385417	211.229	100.4
208.920000000	237.516	100.5
209.286666667	163.636	100.6
209.633333333	173.077	101.1
209.940000000	195.652	101.2
210.216666667	216.867	101.3
210.453333333	253.521	101.4
210.700000000	243.243	101.5
211.003333333	197.802	101.6
211.296666667	204.545	102.1
211.506666667	285.714	102.2
211.730000000	268.657	102.3
212.007010417	216.598	102.4
212.280843750	219.111	102.5
212.513333333	258.076	102.6
212.806666667	204.545	103.1
213.156666667	171.429	103.2
213.383333333	264.706	103.3
213.710000000	183.673	103.4
213.993531250	211.617	103.5
214.373333333	157.977	103.6
214.683333333	193.548	104.1
215.076666667	152.542	104.2
215.336666667	230.769	104.3
215.650000000	191.489	104.4
215.853333333	295.082	104.5
216.123333333	222.222	104.6
216.450000000	183.673	105.1
216.780000000	181.818	105.2
217.026666667	243.243	105.3
217.310000000	211.765	105.4
217.546666667	253.521	105.5
217.843333333	202.247	105.6
218.066666667	268.657	106.1
218.328135417	229.473	106.2
218.621135417	204.778	106.3
218.906666667	210.135	106.4
219.160750000	236.143	106.5
219.413333333	237.545	106.6
219.786666667	160.714	107.1
220.200000000	145.161	107.2
220.520000000	187.5	107.3
220.813333333	204.545	107.4
221.126666667	191.489	107.5
221.553333333	140.625	107.6
221.886666667	180	108.1
222.190000000	197.802	108.2
222.520000000	181.818	108.3
222.848406250	182.701	108.4
223.240000000	153.22	108.5
223.616666667	159.292	108.6
223.946666667	181.818	109.1
224.273333333	183.673	109.2
224.593333333	187.5	109.3
224.926666667	180	109.4
225.213333333	209.302	109.5
225.640000000	140.625	109.6
225.943333333	197.802	110.1
226.303333333	166.667	110.2
226.623333333	187.5	110.3
226.873333333	240	110.4
227.213333333	176.471	110.5
227.596666667	156.522	110.6
228.043333333	134.328	111.1
228.450000000	147.541	111.2
228.870000000	142.857	111.3
229.320000000	133.333	111.4
229.646666667	183.673	111.5
230.013333333	163.636	111.6
230.230000000	276.923	112.1
230.560000000	181.818	112.2
230.900000000	176.471	112.3
231.360000000	130.435	112.4
231.703333333	174.757	112.5
232.060000000	168.224	112.6
232.420458333	166.455	113.1
232.808062500	154.797	113.2
233.289281250	124.683	113.3
233.830000000	110.963	113.4
234.163333333	180	113.5
234.503333333	176.471	113.6
234.860000000	168.224	114.1
235.260000000	150	114.2
235.793333333	112.5	114.3
236.200000000	147.541	114.4
236.630000000	139.535	114.5
237.120000000	122.449	114.6
237.640000000	115.385	115.1
238.160000000	115.385	115.2
238.763333333	99.4475	115.3
239.500000000	81.448	115.4
240.376666667	68.4411	0.5
240.746666667	162.162	0.6
241.046666667	200	1.1
241.280000000	257.143	1.2
241.546666667	225	1.3
241.801531250	235.419	1.4
242.063333333	229.181	1.5
242.323333333	230.769	1.6
242.566666667	246.575	2.1
242.820000000	236.842	2.2
243.023333333	295.082	2.3
243.270000000	243.243	2.4
243.466666667	305.085	2.5
243.690000000	268.657	2.6
243.946666667	233.766	3.1
244.181468750	255.534	3.2
244.410000000	262.546	3.3
244.628541667	274.547	3.4
244.866666667	251.969	3.5
245.130000000	227.848	3.6
245.356666667	264.706	4.1
245.593333333	253.521	4.2
245.813333333	272.727	4.3
246.020000000	290.323	4.4
246.226666667	290.323	4.5
246.426666667	300	4.6
246.663333333	253.521	5.1
246.896666667	257.143	5.2
247.090000000	310.345	5.3
247.321708333	258.946	5.4
247.553333333	259.039	5.5
247.806531250	236.969	5.6
248.033333333	264.548	6.1
248.260000000	264.706	6.2
248.490000000	260.87	6.3
248.673333333	327.273	6.4
248.886666667	281.25	6.5
249.106666667	272.727	6.6
249.316666667	285.714	7.1
249.566666667	240	7.2
249.763333333	305.085	7.3
249.983333333	272.727	7.4
250.196666667	281.25	7.5
250.413333333	276.923	7.6
250.633333333	272.727	8.1
250.806666667	346.154	8.2
251.043333333	253.521	8.3
251.256666667	281.25	8.4
251.460000000	295.082	8.5
251.700000000	250	8.6
251.886666667	321.429	9.1
252.136666667	240	9.2
252.316666667	333.333	9.3
252.563427083	243.151	9.4
252.787677083	267.559	9.5
253.024958333	252.864	9.6
253.288854167	227.362	10.1
253.553333333	226.861	10.2
253.803333333	240	10.3
254.070000000	225	10.4
254.266666667	305.085	10.5
254.530000000	227.848	10.6
254.803333333	219.512	11.1
255.016666667	281.25	11.2
255.236666667	272.727	11.3
255.462916667	265.193	11.4
255.693333333	260.398	11.5
255.940000000	243.243	11.6
256.190000000	240	12.1
256.433333333	246.575	12.2
256.676666667	246.575	12.3
256.916666667	250	12.4
257.146666667	260.87	12.5
257.390000000	246.575	12.6
257.693333333	197.802	13.1
257.976666667	211.765	13.2
258.250000000	219.512	13.3
258.500000000	240	13.4
258.766666667	225	13.5
259.083333333	189.474	13.6
259.396666667	191.489	14.1
259.673333333	216.867	14.2
260.096666667	141.732	14.3
260.476666667	157.895	14.4
260.866666667	153.846	14.5
261.153333333	209.302	14.6
261.403333333	240	15.1
261.635916667	257.972	15.2
261.879562500	246.259	15.3
262.146666667	224.631	15.4
262.413333333	225	15.5
262.683333333	222.222	15.6
262.986447917	197.945	16.1
263.246666667	230.575	16.2
263.476666667	260.87	16.3
263.693333333	276.923	16.4
263.939937500	243.305	16.5
264.154385417	279.788	16.6
264.390000000	254.653	17.1
264.650000000	230.769	17.2
264.852406250	296.434	17.3
265.071531250	273.816	17.4
265.323677083	237.958	17.5
265.590000000	225.29	17.6
265.843333333	236.842	18.1
266.093281250	240.05	18.2
266.321895833	262.45	18.3
266.536666667	279.368	18.4
266.750000000	281.25	18.5
266.966666667	276.923	18.6
267.210000000	246.575	19.1
267.446666667	253.521	19.2
267.656187500	286.368	19.3
267.843333333	320.606	19.4
268.093333333	240	19.5
268.337072917	246.164	19.6
268.590000000	237.223	20.1
268.820000000	260.87	20.2
269.016666667	305.085	20.3
269.230000000	281.25	20.4
269.463333333	257.143	20.5
269.666666667	295.082	20.6
269.906666667	250	21.1
270.146864583	249.794	21.2
270.390000000	246.776	21.3
270.570000000	333.333	21.4
270.790000000	272.727	21.5
271.010000000	272.727	21.6
271.243333333	257.143	22.1
271.465739583	269.777	22.2
271.690000000	267.546	22.3
271.906666667	276.923	22.4
272.136427083	261.142	22.5
272.356229167	272.973	22.6
272.576666667	272.186	23.1
272.786666667	285.714	23.2
273.023333333	253.521	23.3
273.249541667	265.242	23.4
273.470000000	272.16	23.5
273.705635417	254.631	23.6
273.966666667	229.858	24.1
274.240000000	219.512	24.2
274.540000000	200	24.3
274.816666667	216.867	24.4
275.160000000	174.757	24.5
275.410000000	240	24.6
275.626666667	276.923	25.1
275.840000000	281.25	25.2
276.060000000	272.727	25.3
276.303333333	246.575	25.4
276.533333333	260.87	25.5
276.780000000	243.243	25.6
277.030000000	240	26.1
277.274072917	245.828	26.2
277.562833333	207.785	26.3
277.777114583	280.006	26.4
278.013968750	253.32	26.5
278.246666667	257.845	26.6
278.573333333	183.673	27.1
278.833333333	230.769	27.2
279.100656250	224.448	27.3
279.406666667	196.072	27.4
279.690000000	211.765	27.5
279.906666667	276.923	27.6
280.286666667	157.895	28.1
280.633333333	173.077	28.2
280.990000000	168.224	28.3
281.380000000	153.846	28.4
281.750000000	162.162	28.5
282.043333333	204.545	28.6
282.290000000	243.243	29.1
282.525489583	254.788	29.2
282.813333333	208.446	29.3
283.086666667	219.512	29.4
283.353333333	225	29.5
283.646239583	204.844	29.6
283.920000000	219.17	30.1
284.176666667	233.766	30.2
284.396666667	272.727	30.3
284.613333333	276.923	30.4
284.826666667	281.25	30.5
285.070000000	246.575	30.6
285.303333333	257.143	31.1
285.513333333	285.714	31.2
285.763333333	240	31.3
286.006666667	246.575	31.4
286.233333333	264.706	31.5
286.473333333	250	31.6
286.723333333	240	32.1
286.976666667	236.842	32.2
287.193333333	276.923	32.3
287.396666667	295.082	32.4
287.606666667	285.714	32.5
287.810000000	295.082	32.6
288.043333333	257.143	33.1
288.276666667	257.143	33.2
288.530343750	236.521	33.3
288.781333333	239.054	33.4
288.993333333	283.019	33.5
289.223520833	260.657	33.6
289.481979167	232.146	34.1
289.701552083	273.258	34.2
289.916666667	278.921	34.3
290.126666667	285.714	34.4
290.343333333	276.923	34.5
290.583333333	250	34.6
290.836666667	236.842	35.1
291.060989583	267.472	35.2
291.305302083	245.587	35.3
291.522937500	275.69	35.4
291.760510417	252.554	35.5
292.020000000	231.223	35.6
292.280000000	230.769	36.1
292.543333333	227.848	36.2
292.739593750	305.716	36.3
292.923333333	326.549	36.4
293.166666667	246.575	36.5
293.390000000	268.657	36.6
293.660000000	222.222	37.1
293.927500000	224.299	37.2
294.160000000	258.065	37.3
294.408593750	241.358	37.4
294.686666667	215.771	37.5
295.006666667	187.5	37.6
295.350000000	174.757	38.1
295.620000000	222.222	38.2
295.803333333	327.273	38.3
296.000000000	305.085	38.4
296.216666667	276.923	38.5
296.446666667	260.87	38.6
296.696666667	240	39.1
296.938520833	248.083	39.2
297.154302083	278.059	39.3
297.394958333	249.318	39.4
297.632281250	252.82	39.5
297.860000000	263.483	39.6
298.066666667	290.323	40.1
298.270000000	295.082	40.2
298.463333333	310.345	40.3
298.640000000	339.623	40.4
298.836666667	305.085	40.5
299.077562500	249.07	40.6
299.296666667	273.842	41.1
299.540375000	246.196	41.2
299.773333333	257.557	41.3
299.966666667	310.345	41.4
300.163333333	305.085	41.5
300.390000000	264.706	41.6
300.620000000	260.87	42.1
300.816666667	305.085	42.2
301.010000000	310.345	42.3
301.200000000	315.789	42.4
301.440000000	250	42.5
301.685208333	244.69	42.6
301.914635417	261.521	43.1
302.121666667	289.811	43.2
302.336697917	279.029	43.3
302.553812500	276.352	43.4
302.776083333	269.941	43.5
302.976250000	299.75	43.6
303.170000000	309.677	44.1
303.406666667	253.521	44.2
303.603333333	305.085	44.3
303.766666667	367.347	44.4
303.943333333	339.623	44.5
304.160000000	276.923	44.6
304.420000000	230.769	45.1
304.734375000	190.855	45.2
304.960000000	265.928	45.3
305.196666667	253.521	45.4
305.403333333	290.323	45.5
305.600000000	305.085	45.6
305.983333333	156.522	46.1
306.196666667	281.25	46.2
306.370000000	346.154	46.3
306.566666667	305.085	46.4
306.780000000	281.25	46.5
307.014500000	255.864	46.6
307.246666667	258.435	47.1
307.462427083	278.086	47.2
307.656666667	308.897	47.3
307.866666667	285.714	47.4
308.023333333	382.979	47.5
308.220000000	305.085	47.6
308.473333333	236.842	48.1
308.693802083	272.147	48.2
308.866666667	347.092	48.3
309.063333333	305.085	48.4
309.276666667	281.25	48.5
309.503333333	264.706	48.6
309.726666667	268.657	49.1
309.946666667	272.727	49.2
310.196666667	240	49.3
310.383333333	321.429	49.4
310.543333333	375	49.5
310.789427083	243.81	49.6
311.046666667	233.246	50.1
311.263333333	276.923	50.2
311.453333333	315.789	50.3
311.646666667	310.345	50.4
311.860000000	281.25	50.5
312.091500000	259.179	50.6
312.283333333	312.772	51.1
312.512927083	261.331	51.2
312.766666667	236.463	51.3
312.956666667	315.789	51.4
313.156666667	300	51.5
313.361677083	292.668	51.6
313.546666667	324.343	52.1
313.813333333	225	52.2
314.010000000	305.085	52.3
314.186666667	339.623	52.4
314.396666667	285.714	52.5
314.616968750	272.353	52.6
314.843333333	265.059	53.1
315.071218750	263.29	53.2
315.293041667	270.486	53.3
315.483333333	315.305	53.4
315.690000000	290.323	53.5
315.920000000	260.87	53.6
316.166666667	243.243	54.1
316.423291667	233.804	54.2
316.632968750	286.154	54.3
316.813333333	332.66	54.4
316.996666667	327.273	54.5
317.176666667	333.333	54.6
317.463333333	209.302	55.1
317.676666667	281.25	55.2
317.883145833	290.586	55.3
318.050000000	359.595	55.4
318.270000000	272.727	55.5
318.473333333	295.082	55.6
318.706666667	257.143	56.1
318.920000000	281.25	56.2
319.106666667	321.429	56.3
319.316666667	285.714	56.4
319.523333333	290.323	56.5
319.706666667	327.273	56.6
319.940000000	257.143	57.1
320.126666667	321.429	57.2
320.353333333	264.706	57.3
320.553333333	300	57.4
320.750000000	305.085	57.5
320.983333333	257.143	57.6
321.293333333	193.548	58.1
321.610000000	189.474	58.2
321.870000000	230.769	58.3
322.083333333	281.25	58.4
322.310000000	264.706	58.5
322.540000000	260.87	58.6
322.773333333	257.143	59.1
323.006666667	257.143	59.2
323.266666667	230.769	59.3
323.514489583	242.108	59.4
323.780000000	225.98	59.5
324.056666667	216.867	59.6
324.360000000	197.802	60.1
324.576666667	276.923	60.2
324.793333333	276.923	60.3
325.033333333	250	60.4
325.256666667	268.657	60.5
325.506666667	240	60.6
325.710000000	295.082	61.1
325.966666667	233.766	61.2
326.203333333	253.521	61.3
326.383333333	333.333	61.4
326.606666667	268.657	61.5
326.865937500	231.418	61.6
327.050000000	325.976	62.1
327.275093750	266.556	62.2
327.463333333	318.743	62.3
327.696666667	257.143	62.4
327.923333333	264.706	62.5
328.106666667	327.273	62.6
328.350000000	246.575	63.1
328.593333333	246.575	63.2
328.773333333	333.333	63.3
328.990000000	276.923	63.4
329.220000000	260.87	63.5
329.445291667	266.321	63.6
329.656666667	283.856	64.1
329.874177083	275.849	64.2
330.092583333	274.717	64.3
330.283333333	314.548	64.4
330.493333333	285.714	64.5
330.696666667	295.082	64.6
330.916666667	272.727	65.1
331.136666667	272.727	65.2
331.340000000	295.082	65.3
331.560000000	272.727	65.4
331.763333333	295.082	65.5
331.970000000	290.323	65.6
332.203333333	257.143	66.1
332.413333333	285.714	66.2
332.606666667	310.345	66.3
332.826666667	272.727	66.4
333.050000000	268.657	66.5
333.263333333	281.25	66.6
333.473333333	285.714	67.1
333.703333333	260.87	67.2
333.918166667	279.286	67.3
334.113333333	307.43	67.4
334.333333333	272.727	67.5
334.570000000	253.521	67.6
334.833333333	227.848	68.1
335.076666667	246.575	68.2
335.363333333	209.302	68.3
335.616666667	236.842	68.4
335.923489583	195.553	68.5
336.160000000	253.689	68.6
336.396666667	253.521	69.1
336.613333333	276.923	69.2
336.860000000	243.243	69.3
337.106135417	243.768	69.4
337.329145833	269.046	69.5
337.523333333	308.98	69.6
337.763333333	250	70.1
338.050083333	209.242	70.2
338.393333333	174.8	70.3
338.726666667	180	70.4
338.986666667	230.769	70.5
339.246666667	230.769	70.6
339.460000000	281.25	71.1
339.703333333	246.575	71.2
339.936666667	257.143	71.3
340.146666667	285.714	71.4
340.396645833	240.02	71.5
340.600000000	295.052	71.6
340.816666667	276.923	72.1
341.043333333	264.706	72.2
341.246666667	295.082	72.3
341.480000000	257.143	72.4
341.680000000	300	72.5
341.944229167	227.076	72.6
342.290000000	173.525	73.1
342.540000000	240	73.2
342.790000000	240	73.3
343.038458333	241.489	73.4
343.533333333	121.243	73.5
343.776666667	246.575	73.6
344.006666667	260.87	74.1
344.240000000	257.143	74.2
344.526666667	209.302	74.3
344.773333333	243.243	74.4
345.053333333	214.286	74.5
345.326666667	219.512	74.6
345.652500000	184.143	75.1
345.894989583	247.433	75.2
346.110000000	279.056	75.3
346.344739583	255.602	75.4
346.607552083	228.3	75.5
346.923333333	190.005	75.6
347.220000000	202.247	76.1
347.483343750	227.839	76.2
347.750000000	225.009	76.3
348.043333333	204.545	76.4