1.521632653	1
1.994013605	2
2.755918367	3
2.964897959	4
3.169523810	5
3.431836735	6
3.875918367	7
4.342857143	8
4.802176871	9
5.455238095	10
5.707755102	11
5.926530612	12
6.142040816	13
6.579591837	14
7.046530612	15
7.505850340	16
8.189387755	17
8.389659864	18
8.620408163	19
8.842448980	20
9.498775510	21
9.665306122	22
9.869931973	23
10.155102041	24
10.779863946	25
10.997551020	26
11.167346939	27
11.425306122	28
11.655736961	29
11.830204082	30
12.267755102	31
12.737959184	32
13.653333333	33
13.853605442	34
14.066938776	35
14.245442177	36
14.480544218	37
14.932244898	38
15.405714286	39
16.357006803	40
16.581224490	41
16.826099773	42
17.884081633	43
18.200816327	44
18.530612245	45
19.800816327	46
20.035918367	47
20.267755102	48
20.476734694	49
20.662857143	50
21.137414966	51
21.607619048	52
21.906938776	53
22.119183673	54
22.305306122	55
22.530612245	56
22.981224490	57
23.222857143	58
23.422040816	59
23.663673469	60
23.905306122	61
24.391836735	62
24.629727891	63
24.839183673	64
25.048163265	65
25.257142857	66
25.684897959	67
25.893877551	68
26.135918367	69
26.347755102	70
26.599183673	71
27.069387755	72
27.291428571	73
27.493877551	74
27.681088435	75
27.934693878	76
28.312380952	77
28.530068027	78
28.783673469	79
29.139591837	80
29.570612245	81
29.788299320	82
30.001632653	83
30.415238095	84
30.860408163	85
31.268571429	86
31.656054422	87
32.104489796	88
32.643265306	89
33.071020408	90
33.502040816	91
33.906938776	92
34.294421769	93
34.786394558	94
35.301224490	95
35.796462585	96
36.362448980	97
36.875102041	98
37.372517007	99
38.011428571	100
38.586122449	101
40.604081633	102
41.123265306	103
41.848163265	104
42.053877551	105
42.246530612	106
42.504489796	107
42.976893424	108
43.435102041	109
43.915102041	110
44.620408163	111
44.832653061	112
45.022040816	113
45.273469388	114
45.733877551	115
46.119183673	116
46.619863946	117
47.317551020	118
47.562448980	119
47.769909297	120
47.986938776	121
48.480000000	122
48.936054422	123
49.488979592	124
49.689251701	125
49.966417234	126
50.220408163	127
50.403265306	128
50.631995465	129
50.857142857	130
51.320816327	131
51.781224490	132
53.136326531	133
53.655510204	134
53.988571429	135
54.386938776	136
54.822312925	137
55.475374150	138
55.688707483	139
56.141496599	140
56.602993197	141
57.012244898	142
57.541224490	143
58.390408163	144
58.819047619	145
59.284399093	146
59.716190476	147
60.125170068	148
60.826122449	149
61.022040816	150
61.431292517	151
61.929795918	152
62.367346939	153
62.883265306	154
63.830204082	155
64.306938776	156
64.505941043	157
64.721632653	158
65.168979592	159
65.632653061	160
66.448979592	161
66.903174603	162
67.106598639	163
67.295782313	164
67.696326531	165
68.241632653	166
69.018775510	167
69.511836735	168
70.429387755	169
70.850612245	170
71.742040816	171
72.154557823	172
73.011519274	173
73.481315193	174
74.282448980	175
74.739591837	176
75.536326531	177
75.983673469	178
76.427755102	179
76.852244898	180
77.286530612	181
77.730612245	182
78.158367347	183
78.635102041	184
80.924081633	185
81.466122449	186
82.123900227	187
82.335283447	188
82.546938776	189
82.834285714	190
83.221768707	191
83.689795918	192
84.222040816	193
84.852244898	194
85.051428571	195
85.246258503	196
85.498775510	197
85.951541950	198
86.393469388	199
86.839727891	200
87.527619048	201
87.732244898	202
87.923809524	203
88.180680272	204
88.826122449	205
89.025306122	206
89.251700680	207
89.473741497	208
90.119183673	209
90.334693878	210
90.561201814	211
90.736326531	212
91.020770975	213
91.216326531	214
91.689795918	215
92.218775510	216
93.286530612	217
93.515034014	218
93.753469388	219
93.955918367	220
94.161632653	221
94.595918367	222
95.050884354	223
95.547210884	224
95.917278912	225
96.176326531	226
96.375510204	227
96.640000000	228
96.884897959	229
97.071020408	230
97.511836735	231
97.720816327	232
97.920000000	233
98.333605442	234
98.563265306	235
98.791836735	236
99.271836735	237
100.218775510	238
101.141768707	239
102.145306122	240
103.096598639	241
103.640816327	242
109.005714286	243
109.361632653	244
109.769795918	245
110.080000000	246
110.331428571	247
110.618979592	248
110.876734694	249
111.115102041	250
111.363265306	251
111.622108844	252
111.875918367	253
112.160000000	254
112.404897959	255
112.674829932	256
112.922993197	257
113.221224490	258
113.462857143	259
113.711020408	260
113.952653061	261
114.223673469	262
114.484897959	263
114.736326531	264
114.974693878	265
115.227641723	266
115.509115646	267
115.783401361	268
116.149818594	269
116.463673469	270
116.714036281	271
116.999183673	272
117.220136054	273
117.498775510	274
117.773061224	275
118.003809524	276
118.234557823	277
118.504489796	278
118.752653061	279
119.033469388	280
119.290952381	281
119.575510204	282
119.823673469	283
120.091428571	284
120.339591837	285
120.604081633	286
120.848979592	287
121.116734694	288
121.332244898	289
121.629387755	290
121.848163265	291
122.112653061	292
122.380408163	293
122.661224490	294
122.881043084	295
123.133628118	296
123.411156463	297
123.711564626	298
124.020680272	299
124.354081633	300
125.348571429	301
125.704489796	302
125.952653061	303
126.338684807	304
127.448163265	305
127.859591837	306
128.212244898	245
128.576371882	246
128.856303855	247
129.120000000	248
129.368163265	249
129.625419501	250
129.869546485	251
130.132244898	252
130.377142857	253
130.625306122	254
130.860408163	255
131.147755102	256
131.435102041	257
131.617959184	258
131.896598639	259
132.105578231	260
132.366802721	261
132.620408163	262
132.839183673	263
133.093877551	264
133.325714286	265
133.593469388	266
133.877551020	267
134.171428571	268
134.484421769	269
134.768979592	270
135.030204082	271
135.235918367	272
135.492789116	273
135.719183673	274
135.997823129	275
136.228571429	276
136.502857143	277
136.759727891	278
137.028571429	279
137.256054422	280
137.541292517	281
137.815510204	282
138.056349206	283
138.298321995	284
138.569795918	285
138.811428571	286
139.053061224	287
139.304489796	288
139.539591837	289
139.750748299	290
139.981496599	291
140.320000000	292
140.584489796	293
140.852244898	294
141.070226757	295
141.319183673	296
141.596734694	297
141.871020408	298
142.171428571	299
142.540408163	300
143.420952381	301
143.764897959	302
144.058775510	303
144.422312925	304
145.428027211	305
145.928707483	306
146.333605442	307
146.634013605	308
146.948571429	309
147.182585034	310
147.430748299	311
147.657142857	312
147.918367347	313
148.236190476	314
148.519183673	315
148.770612245	316
149.035827664	317
149.276734694	318
149.554285714	319
149.786122449	320
150.044081633	321
150.298775510	322
150.500136054	323
150.739591837	324
150.970340136	325
151.262040816	326
151.510204082	327
151.774693878	328
152.010884354	329
152.424489796	330
152.715102041	331
153.002448980	332
153.251700680	333
153.505124717	334
153.717551020	335
153.974421769	336
154.222585034	337
154.492517007	338
154.731972789	339
154.975782313	340
155.228299320	341
155.550476190	342
155.849795918	343
156.169795918	344
156.455963719	345
156.647619048	346
156.930612245	347
157.174421769	348
157.466122449	349
157.709931973	350
157.949387755	351
158.175782313	352
158.423945578	353
158.672108844	354
158.968163265	355
159.242448980	356
159.499478458	357
159.747482993	358
160.004353741	359
160.243809524	360
160.631292517	361
160.940408163	362
161.273469388	363
163.007346939	364
163.252244898	365
163.523265306	366
163.797551020	367
164.130612245	368
164.483265306	369
164.786938776	370
165.031836735	371
165.241904762	372
165.537959184	373
165.867913832	374
166.108027211	375
166.351020408	376
166.591564626	377
166.857142857	378
167.109659864	379
167.392653061	380
167.688707483	381
168.091428571	382
168.328707483	383
168.626938776	384
168.894693878	385
169.116734694	386
169.302494331	387
169.518367347	388
169.871020408	389
170.151836735	390
170.427210884	391
170.684081633	392
170.997551020	393
171.337142857	394
171.683265306	395
171.954285714	396
172.195918367	397
172.466938776	398
172.717278912	399
172.978820862	400
173.214693878	401
173.418231293	402
173.733877551	403
174.005986395	404
174.254149660	405
174.646167800	406
174.955102041	407
175.315827664	408
175.542857143	409
175.851972789	410
176.152380952	411
176.355555556	412
176.528979592	413
176.888163265	414
177.268253968	415
177.610884354	416
178.004897959	417
178.351020408	479
178.470453515	307
178.734149660	308
179.023673469	309
179.284897959	310
179.539863946	311
179.791020408	312
180.027210884	313
180.297142857	314
180.554353741	315
180.803265306	316
181.038367347	317
181.322448980	318
181.559727891	319
181.790476190	320
182.008163265	321
182.269387755	322
182.553469388	323
182.770068027	324
183.009523810	325
183.301133787	326
183.526530612	327
183.794285714	328
184.104489796	329
184.447346939	330
184.728390023	331
185.054693878	332
185.257142857	333
185.495510204	334
185.708843537	335
185.991836735	336
186.231292517	337
186.470748299	338
186.697142857	339
187.030204082	340
187.278367347	341
187.572244898	342
187.890249433	343
188.205714286	344
188.411428571	345
188.682448980	346
188.924081633	347
189.172244898	348
189.374693878	349
189.675102041	350
189.880816327	351
190.100816327	352
190.368072562	353
190.645623583	354
190.912879819	355
191.198412698	356
191.467755102	357
191.690884354	358
191.957868481	359
192.214739229	360
192.487619048	361
192.835918367	362
193.133061224	363
194.809183673	364
195.128163265	365
195.389387755	366
195.683265306	367
196.078367347	368
196.493061224	369
196.933877551	370
197.237551020	371
197.485714286	372
197.760000000	373
198.014693878	374
198.262108844	375
198.489909297	376
198.752653061	377
199.018231293	378
199.248979592	379
199.518911565	380
199.854149660	381
200.189387755	382
200.502857143	383
200.818253968	384
201.093877551	385
201.287981859	386
201.483900227	387
201.660952381	388
202.089795918	389
202.390204082	390
202.665464853	391
202.981224490	392
203.254421769	393
203.598367347	394
203.937959184	395
204.189387755	396
204.444081633	397
204.682448980	398
204.965442177	399
205.217959184	400
205.475918367	401
205.786122449	402
206.027755102	403
206.318367347	404
206.567619048	405
206.991020408	406
207.346938776	407
207.709387755	408
208.081632653	409
208.391836735	410
208.715102041	411
208.892517007	412
209.116734694	413
209.622857143	414
209.995102041	415
210.674285714	416
210.938775510	417
211.170975057	418
211.382857143	419
211.713990930	420
212.013061224	421
212.688979592	422
212.941496599	423
213.137414966	424
213.322448980	425
213.685487528	426
214.400000000	427
214.700408163	428
215.059591837	429
215.386122449	430
216.212244898	431
218.426122449	432
220.773877551	433
226.706938776	1
227.226122449	2
227.964081633	3
228.176326531	4
228.391836735	5
228.636734694	6
229.054693878	7
229.568435374	8
230.109387755	9
230.797981859	10
231.023673469	11
231.225850340	12
231.487346939	13
231.944489796	14
232.421224490	15
232.925170068	16
233.619591837	17
233.800272109	18
234.044081633	19
234.309659864	20
234.955102041	21
235.190204082	22
235.422040816	23
235.647346939	24
236.291950113	25
236.508299320	26
236.699863946	27
236.939319728	28
237.167074830	29
237.384489796	30
237.835102041	31
238.351020408	32
239.330612245	33
239.562448980	34
239.781224490	35
239.980408163	36
240.199183673	37
240.679183673	38
241.149387755	39
242.102857143	40
242.341224490	41
242.579591837	42
243.582517007	43
243.934693878	44
244.238367347	45
245.600000000	46
245.857959184	47
246.047346939	48
246.275918367	49
246.478367347	50
246.959478458	51
247.464489796	52
247.688866213	53
247.903990930	54
248.124081633	55
248.378775510	56
248.790204082	57
249.071020408	58
249.276734694	59
249.505306122	60
249.727346939	61
250.210612245	62
250.442448980	63
250.648163265	64
250.883265306	65
251.092244898	66
251.493877551	67
251.771428571	68
251.951020408	69
252.158435374	70
252.404897959	71
252.765170068	72
253.087346939	73
253.316870748	74
253.485714286	75
253.762176871	76
254.223673469	77
254.435918367	78
254.644897959	79
255.072653061	80
255.512380952	81
255.682176871	82
255.917278912	83
256.357006803	84
256.803265306	85
257.234285714	86
257.675102041	87
258.133333333	88
258.661224490	89
259.118367347	90
259.559183673	91
259.986938776	92
260.414693878	93
260.875102041	94
261.387755102	95
261.920000000	96
262.491428571	97
263.017142857	98
263.533061224	99
264.114285714	100
264.724897959	101
266.831020408	102
267.412244898	103
268.160000000	104
268.373333333	105
268.608435374	106
268.875102041	107
269.361632653	108
269.821405896	109
270.321904762	110
271.023197279	111
271.238095238	112
271.497142857	113
271.748639456	114
272.215918367	115
272.640000000	116
273.118911565	117
273.835102041	118
274.057142857	119
274.255238095	120
274.494693878	121
274.991020408	122
275.435102041	123
275.979569161	124
276.215510204	125
276.447346939	126
276.698775510	127
276.928435374	128
277.120000000	129
277.387755102	130
277.851428571	131
278.360816327	132
279.755102041	133
280.195918367	134
280.602993197	135
280.999183673	136
281.425850340	137
282.238185941	138
282.427460317	139
282.942040816	140
283.408979592	141
283.833469388	142
284.316734694	143
285.175510204	144
285.590204082	145
285.975510204	146
286.402176871	147
286.850612245	148
287.604897959	149
287.791020408	150
288.252517007	151
288.754285714	152
289.224489796	153
289.795918367	154
290.704512472	155
291.190204082	156
291.415510204	157
291.631020408	158
292.022857143	159
292.535510204	160
293.342040816	161
293.831836735	162
294.014693878	163
294.197551020	164
294.612244898	165
295.102040816	166
295.973877551	167
296.470204082	168
297.312653061	169
297.789387755	170
298.645102041	171
299.072653061	172
299.894421769	173
300.329795918	174
301.246961451	175
301.727346939	176
302.533877551	177
302.984489796	178
303.392653061	179
303.843265306	180
304.313469388	181
304.747755102	182
305.178571429	183
305.668571429	184
308.094693878	185
308.692244898	186
309.453061224	187
309.655510204	188
309.877551020	189
310.145306122	190
310.638367347	191
311.098775510	192
311.614693878	193
312.363537415	194
312.576870748	195
312.781496599	196
313.029659864	197
313.480907029	198
313.926530612	199
314.427210884	200
315.106394558	201
315.324081633	202
315.533061224	203
315.853061224	204
316.486530612	205
316.704217687	206
316.940408163	207
317.185306122	208
317.844897959	209
318.053877551	210
318.262857143	211
318.480544218	212
318.685170068	213
318.961632653	214
319.381768707	215
319.951020408	216
321.109841270	217
321.345306122	218
321.577142857	219
321.782857143	220
321.998367347	221
322.442448980	222
322.915918367	223
323.435102041	224
323.761632653	225
324.045714286	226
324.261224490	227
324.453877551	228
324.757551020	229
324.953469388	230
325.407346939	231
325.596734694	232
325.822040816	233
326.262857143	234
326.475102041	235
326.693877551	236
327.177142857	237
328.195918367	238
329.182040816	239
330.200816327	240
331.340408163	241
331.955374150	242