0.621133787	0.502132	0.3
1.123265306	0.452789	1.1
1.576054422	0.481179	1.2
2.057233560	0.470839	1.3
2.528072562	0.458594	2.1
2.986666667	0.438277	2.2
3.424943311	0.445533	2.3
3.870476190	0.425215	3.1
4.295691610	0.455692	3.2
4.751383220	0.460499	3.3
5.211882086	0.433469	4.1
5.645351474	0.417959	4.2
6.063310658	0.426667	4.3
6.489977324	0.423764	5.1
6.913741497	0.464399	5.2
7.378140590	0.441179	5.3
7.819319728	0.420862	6.1
8.240181406	0.423764	6.2
8.663945578	0.470204	6.3
9.134149660	0.417959	7.1
9.552108844	0.417959	7.2
9.970068027	0.449887	7.3
10.419954649	0.400544	8.1
10.820498866	0.435374	8.2
11.255873016	0.426667	8.3
11.682539683	0.452789	9.1
12.135328798	0.444082	9.2
12.579410431	0.510839	9.3
13.090249433	0.510839	10.1
13.601088435	0.455692	10.2
14.056780045	0.432472	10.3
14.489251701	0.441179	11.1
14.930430839	0.417959	11.2
15.348390023	0.499229	11.3
15.847619048	0.464399	12.1
16.312018141	0.429569	12.2
16.741587302	0.493424	12.3
17.235011338	0.490522	13.1
17.725532880	0.467302	13.2
18.192834467	0.490522	13.3
18.683356009	0.519547	14.1
19.202902494	0.542766	14.2
19.745668934	0.505034	14.3
20.250702948	0.478912	15.1
20.729614512	0.499229	15.2
21.228843537	0.522449	15.3
21.751292517	0.432472	16.1
22.183764172	0.449887	16.2
22.633650794	0.449887	16.3
23.083537415	0.455692	17.1
23.539229025	0.432472	17.2
23.971700680	0.481814	17.3
24.453514739	0.423764	18.1
24.877278912	0.426667	18.2
25.303945578	0.446984	18.3
25.750929705	0.470204	19.1
26.221133787	0.420862	19.2
26.641995465	0.487619	19.3
27.129614512	0.415057	20.1
27.544671202	0.415057	20.2
27.959727891	0.426667	20.3
28.386394558	0.449887	21.1
28.836281179	0.409252	21.2
29.245532880	0.444082	21.3
29.689614512	0.464399	22.1
30.154013605	0.415057	22.2
30.569070295	0.423764	22.3
30.992834467	0.428685	23.1
31.421519274	0.430454	23.2
31.851972789	0.470204	23.3
32.322176871	0.455692	24.1
32.777868481	0.481814	24.2
33.259682540	0.415057	24.3
33.674739229	0.412154	25.1
34.086893424	0.432472	25.2
34.519365079	0.461497	25.3
34.980861678	0.470249	26.1
35.451111111	0.432426	26.2
35.883537415	0.481814	26.3
36.365351474	0.452789	27.1
36.818140590	0.476009	27.2
37.294149660	0.470204	27.3
37.764353741	0.46322	28.1
38.227573696	0.448163	28.2
38.675736961	0.420862	28.3
39.096598639	0.420862	29.1
39.517460317	0.458594	29.2
39.976054422	0.484717	29.3
40.460770975	0.435374	30.1
40.896145125	0.432472	30.2
41.328616780	0.442948	30.3
41.771564626	0.433605	31.1
42.205170068	0.455692	31.2
42.660861678	0.464399	31.3
43.125260771	0.415057	32.1
43.540317460	0.391837	32.2
43.932154195	0.464399	32.3
44.396553288	0.461497	33.1
44.858049887	0.445079	33.2
45.303129252	0.457596	33.3
45.760725624	0.435374	34.1
46.196099773	0.391837	34.2
46.587936508	0.403447	34.3
46.991383220	0.460476	35.1
47.451859410	0.456712	35.2
47.908571429	0.441179	35.3
48.349750567	0.429569	36.1
48.779319728	0.412154	36.2
49.191473923	0.400544	36.3
49.592018141	0.499229	37.1
50.091247166	0.436258	37.2
50.527505669	0.43449	37.3
50.961995465	0.461497	38.1
51.423492063	0.409252	38.2
51.832743764	0.446984	38.3
52.279727891	0.476009	39.1
52.755736961	0.435374	39.2
53.191111111	0.490522	39.3
53.681632653	0.377324	40.1
54.058956916	0.409252	40.2
54.468208617	0.519547	40.3
54.987755102	0.423764	41.1
55.411519274	0.415057	41.2
55.826575964	0.464399	41.3
56.290975057	0.455692	42.1
56.746666667	0.362812	42.2
57.109478458	0.464399	42.3
57.573877551	0.446893	43.1
58.020770975	0.40644	43.2
58.427210884	0.441179	43.3
58.868390023	0.417959	44.1
59.286349206	0.388934	44.2
59.675283447	0.455692	44.3
60.130975057	0.415057	45.1
60.546031746	0.403447	45.2
60.949478458	0.435374	45.3
61.384852608	0.435374	46.1
61.820226757	0.365714	46.2
62.185941043	0.441179	46.3
62.627120181	0.438277	47.1
63.065396825	0.429569	47.2
63.494965986	0.400544	47.3
63.895510204	0.412154	48.1
64.307664399	0.420862	48.2
64.728526077	0.420862	48.3
65.149387755	0.418503	49.1
65.567891156	0.435533	49.2
66.003424036	0.423061	49.3
66.426485261	0.430794	50.1
66.857278912	0.367392	50.2
67.224671202	0.441179	50.3
67.665850340	0.431156	51.1
68.097006803	0.393152	51.2
68.490158730	0.403447	51.3
68.893605442	0.438277	52.1
69.331882086	0.357007	52.2
69.688888889	0.444082	52.3
70.132970522	0.423764	53.1
70.556734694	0.388934	53.2
70.945668934	0.386032	53.3
71.331700680	0.441179	54.1
71.772879819	0.394739	54.2
72.167619048	0.362812	54.3
72.530430839	0.476009	55.1
73.006439909	0.406349	55.2
73.412789116	0.377324	55.3
73.790113379	0.435374	56.1
74.225487528	0.412154	56.2
74.637641723	0.412154	56.3
75.049795918	0.452789	57.1
75.502585034	0.423764	57.2
75.926349206	0.426667	57.3
76.353015873	0.444082	58.1
76.797097506	0.452789	58.2
77.249886621	0.467052	58.3
77.716938776	0.463311	59.1
78.180249433	0.491859	59.2
78.672108844	0.487619	59.3
79.159727891	0.490522	60.1
79.650249433	0.417959	60.2
80.068208617	0.423764	60.3
80.491972789	0.473107	61.1
80.965079365	0.394739	61.2
81.359818594	0.464399	61.3
81.824217687	0.460952	62.1
82.285170068	0.392381	62.2
82.677551020	0.420862	62.3
83.098412698	0.435374	63.1
83.533786848	0.426667	63.2
83.960453515	0.461497	63.3
84.421950113	0.432472	64.1
84.854421769	0.406349	64.2
85.260770975	0.444082	64.3
85.704852608	0.403447	65.1
86.108299320	0.403447	65.2
86.511746032	0.446984	65.3
86.958730159	0.432472	66.1
87.391201814	0.406349	66.2
87.797551020	0.435374	66.3
88.232925170	0.432472	67.1
88.665396825	0.437868	67.2
89.103265306	0.485125	67.3
89.588390023	0.435896	68.1
90.024285714	0.484195	68.2
90.508480726	0.467302	68.3
90.975782313	0.438866	69.1
91.414648526	0.426077	69.2
91.840725624	0.481814	69.3
92.322539683	0.420862	70.1
92.743401361	0.536961	70.2
93.280362812	0.435374	70.3
93.715736961	0.449887	71.1
94.165623583	0.435374	71.2
94.600997732	0.449887	71.3
95.050884354	0.423764	72.1
95.474648526	0.388934	72.2
95.863582766	0.522449	72.3
96.386031746	0.487619	73.1
96.873650794	0.542766	73.2
97.416417234	0.473107	73.3
97.889523810	0.455941	74.1
98.345464853	0.583152	74.2
98.928616780	0.638549	74.3
99.567165533	0.42161	75.1
99.988775510	0.6378	75.2
100.626575964	0.690794	75.3
101.317369615	0.595011	76.1
101.912380952	0.580499	76.2
102.492879819	0.477324	76.3
102.970204082	0.541134	77.1
103.511337868	0.519864	77.2
104.031201814	0.464399	77.3
104.495600907	0.522517	78.1
105.018117914	0.612358	78.2
105.630476190	0.586304	78.3
106.216780045	0.528254	79.1
106.745034014	0.461497	79.2
107.206530612	0.479025	79.3
107.685555556	0.429456	80.1
108.115011338	0.467642	80.2
108.582653061	0.504694	80.3
109.087346939	0.470204	81.1
109.557551020	0.458594	81.2
110.016145125	0.455692	81.3
110.471836735	0.441179	82.1
110.913015873	0.479955	82.2
111.392970522	0.501088	82.3
111.894058957	0.455692	83.1
112.349750567	0.473107	83.2
112.822857143	0.420862	83.3
113.243718821	0.489773	84.1
113.733492063	0.4378	84.2
114.171292517	0.500454	84.3
114.671746032	0.487619	85.1
115.159365079	0.478912	85.2
115.638276644	0.467302	85.3
116.105578231	0.461497	86.1
116.567074830	0.496327	86.2
117.063401361	0.467302	86.3
117.530702948	0.435374	87.1
117.966077098	0.438277	87.2
118.404353741	0.551474	87.3
118.955827664	0.511723	88.1
119.467551020	0.588322	88.2
120.055873016	0.490522	88.3
120.546394558	0.516644	89.1
121.063038549	0.560181	89.2
121.623219955	0.597914	89.3
122.221133787	0.496327	79.1
122.717460317	0.464399	79.2
123.181859410	0.455692	79.3
123.637551020	0.438277	80.1
124.075827664	0.467302	80.2
124.543129252	0.46619	80.3
125.009319728	0.509048	81.1
125.518367347	0.449887	81.2
125.968253968	0.449887	81.3
126.418140590	0.429569	82.1
126.847709751	0.455692	82.2
127.303401361	0.516644	82.3
127.820045351	0.444082	83.1
128.264126984	0.455692	83.2
128.719818594	0.444082	83.3
129.163900227	0.476009	84.1
129.639909297	0.435374	84.2
130.075283447	0.554059	84.3
130.629342404	0.505351	85.1
131.134693878	0.464399	85.2
131.599092971	0.464399	85.3
132.063492063	0.481814	86.1
132.545306122	0.461497	86.2
133.006802721	0.487619	86.3
133.494421769	0.426667	87.1
133.921088435	0.478912	87.2
134.400000000	0.531156	87.3
134.931156463	0.519547	88.1
135.450702948	0.603719	88.2
136.054421769	0.458594	88.3
136.513015873	0.5539	89.1
137.066916100	0.537052	89.2
137.603968254	0.572177	89.3
138.176145125	0.473107	90.1
138.649251701	0.481814	90.2
139.131065760	0.493424	90.3
139.624489796	0.429365	91.1
140.053854875	0.450816	91.2
140.504671202	0.481088	91.3
140.985759637	0.478912	92.1
141.464671202	0.417959	92.2
141.882630385	0.496327	92.3
142.378956916	0.435374	93.1
142.814331066	0.452789	93.2
143.267120181	0.516644	93.3
143.783764172	0.464399	94.1
144.248163265	0.451066	94.2
144.699229025	0.442903	94.3
145.142131519	0.446984	95.1
145.589115646	0.473107	95.2
146.062222222	0.496327	95.3
146.558548753	0.507937	96.1
147.066485261	0.452789	96.2
147.519274376	0.449887	96.3
147.969160998	0.484717	97.1
148.453877551	0.452789	97.2
148.906666667	0.467302	97.3
149.373968254	0.449887	98.1
149.823854875	0.478912	98.2
150.302766440	0.493424	98.3
150.796190476	0.539864	99.1
151.336054422	0.519547	99.2
151.855600907	0.519547	99.3
152.375147392	0.531156	100.1
152.906303855	0.525351	100.2
153.431655329	0.516644	100.3
153.948299320	0.498345	101.1
154.446643991	0.491406	101.2
154.938049887	0.455692	101.3
155.393741497	0.448503	102.1
155.842244898	0.448367	102.2
156.290612245	0.551474	102.3
156.842086168	0.499229	103.1
157.341315193	0.490522	103.2
157.831836735	0.522449	103.3
158.354285714	0.490522	104.1
158.844807256	0.478912	104.2
159.323718821	0.487619	104.3
159.811337868	0.476009	105.1
160.287346939	0.461043	105.2
160.748390023	0.424218	105.3
161.172607710	0.455692	106.1
161.628299320	0.502132	106.2
162.130430839	0.449887	106.3
162.580317460	0.560181	107.1
163.140498866	0.449887	107.2
163.590385488	0.528254	107.3
164.118639456	0.632744	108.1
164.751383220	0.670476	108.2
165.421859410	0.673379	108.3
166.095238095	0.507937	90.1
166.603174603	0.467302	90.2
167.070476190	0.476009	90.3
167.546485261	0.430045	91.1
167.976530612	0.466825	91.2
168.443356009	0.473107	91.3
168.916462585	0.481814	92.1
169.398276644	0.458594	92.2
169.856870748	0.438617	92.3
170.295487528	0.472766	93.1
170.768253968	0.458594	93.2
171.226848073	0.496327	93.3
171.723174603	0.420862	94.1
172.144036281	0.496327	94.2
172.640362812	0.432472	94.3
173.072834467	0.478912	95.1
173.551746032	0.435374	95.2
173.987120181	0.478912	95.3
174.466031746	0.490522	96.1
174.956553288	0.464399	96.2
175.420952381	0.435306	96.3
175.856258503	0.470272	97.1
176.326530612	0.467302	97.2
176.793832200	0.493424	97.3
177.287256236	0.406349	98.1
177.693605442	0.476009	98.2
178.169614512	0.481814	98.3
178.651428571	0.548571	99.1
179.200000000	0.496327	99.2
179.696326531	0.525351	99.3
180.221678005	0.638549	100.1
180.860226757	0.502132	100.2
181.362358277	0.519547	100.3
181.881904762	0.507937	101.1
182.389841270	0.470204	101.2
182.860045351	0.452789	101.3
183.312834467	0.432472	102.1
183.745306122	0.464399	102.2
184.209705215	0.464399	102.3
184.674104308	0.542766	103.1
185.216870748	0.496327	103.2
185.713197279	0.542766	103.3
186.255963719	0.519547	104.1
186.775510204	0.487619	104.2
187.263129252	0.446984	104.3
187.710113379	0.531156	105.1
188.241269841	0.458594	105.2
188.699863946	0.441179	105.3
189.141043084	0.440522	106.1
189.581564626	0.488277	106.2
190.069841270	0.505034	106.3
190.574875283	0.548571	107.1
191.123446712	0.476009	107.2
191.599455782	0.536961	107.3
192.136417234	0.586304	108.1
192.722721088	0.516644	108.2
193.239365079	0.545669	108.3
193.785034014	0.548571	109.1
194.333605442	0.531156	109.2
194.864761905	0.531156	109.3
195.395918367	0.536961	110.1
195.932879819	0.563084	110.2
196.495963719	0.571791	110.3
197.067755102	0.556553	111.1
197.624308390	0.596712	111.2
198.221020408	0.502404	111.3
198.723424036	0.448639	112.1
199.172063492	0.547574	112.2
199.719637188	0.442971	112.3
200.162607710	0.536168	113.1
200.698775510	0.478912	113.2
201.177687075	0.496327	113.3
201.674013605	0.441179	114.1
202.115192744	0.574694	114.2
202.689886621	0.568889	114.3
203.258775510	0.650159	115.1
203.908934240	0.658866	115.2
204.567800454	0.467302	0.3
205.035102041	0.429569	1.1
205.464671202	0.467302	1.2
205.931972789	0.493424	1.3
206.425396825	0.455692	2.1
206.881088435	0.415057	2.2
207.296145125	0.444082	2.3
207.740226757	0.438277	3.1
208.178503401	0.464399	3.2
208.642902494	0.455692	3.3
209.098594104	0.449887	4.1
209.548480726	0.429569	4.2
209.978049887	0.429569	4.3
210.407619048	0.423764	5.1
210.831383220	0.467302	5.2
211.298684807	0.46102	5.3
211.759705215	0.429433	6.1
212.189138322	0.421474	6.2
212.610612245	0.455692	6.3
213.066303855	0.420862	7.1
213.487165533	0.401859	7.2
213.889024943	0.457279	7.3
214.346303855	0.397642	8.1
214.743945578	0.438277	8.2
215.182222222	0.455941	8.3
215.638163265	0.41771	9.1
216.055873016	0.470204	9.2
216.526077098	0.478912	9.3
217.004988662	0.522449	10.1
217.527437642	0.406349	10.2
217.933786848	0.467483	10.3
218.401269841	0.42068	11.1
218.821950113	0.444082	11.2
219.266031746	0.496327	11.3
219.762358277	0.446984	12.1
220.209342404	0.449887	12.2
220.659229025	0.516644	12.3
221.175873016	0.487619	13.1
221.663492063	0.467302	13.2
222.130793651	0.505034	13.3
222.635827664	0.496327	14.1
223.132154195	0.673379	14.2
223.805532880	0.545669	14.3
224.351201814	0.473107	15.1
224.824308390	0.478912	15.2
225.303219955	0.568889	15.3
225.872108844	0.476644	16.1
226.348752834	0.469569	16.2
226.818321995	0.446984	16.3
227.265306122	0.441179	17.1
227.706485261	0.441179	17.2
228.147664399	0.496327	17.3
228.643990930	0.460544	18.1
229.104535147	0.445034	18.2
229.549569161	0.444082	18.3
229.993650794	0.469524	19.1
230.463174603	0.427347	19.2
230.890521542	0.464399	19.3
231.354920635	0.420862	20.1
231.775782313	0.446984	20.2
232.222766440	0.420862	20.3
232.643628118	0.493424	21.1
233.137052154	0.423764	21.2
233.560816327	0.441179	21.3
234.001995465	0.435374	22.1
234.437369615	0.415057	22.2
234.852426304	0.426667	22.3
235.279092971	0.409252	23.1
235.688344671	0.458594	23.2
236.146938776	0.484717	23.3
236.631655329	0.461497	24.1
237.093151927	0.476009	24.2
237.569160998	0.420862	24.3
237.990022676	0.432472	25.1
238.422494331	0.444082	25.2
238.866575964	0.481814	25.3
239.348390023	0.484717	26.1
239.833106576	0.435374	26.2
240.268480726	0.478912	26.3
240.747392290	0.452789	27.1
241.200181406	0.484717	27.2
241.684897959	0.467302	27.3
242.152199546	0.441179	28.1
242.593378685	0.446984	28.2
243.040362812	0.420862	28.3
243.461224490	0.423764	29.1
243.884988662	0.452789	29.2
244.337777778	0.507937	29.3
244.845714286	0.44873	30.1
245.294444444	0.422018	30.2
245.716462585	0.467302	30.3
246.183764172	0.403447	31.1
246.587210884	0.464399	31.2
247.051609977	0.461497	31.3
247.513106576	0.415057	32.1
247.928163265	0.420862	32.2
248.349024943	0.441224	32.3
248.790249433	0.429524	33.1
249.219773243	0.464399	33.2
249.684172336	0.455692	33.3
250.139863946	0.429569	34.1
250.569433107	0.409252	34.2
250.978684807	0.391837	34.3
251.370521542	0.496327	35.1
251.866848073	0.467302	35.2
252.334149660	0.464399	35.3
252.798548753	0.449887	36.1
253.248435374	0.383129	36.2
253.631564626	0.400544	36.3
254.032108844	0.487619	37.1
254.519727891	0.487619	37.2
255.007346939	0.457914	37.3
255.465260771	0.450567	38.1
255.915827664	0.454558	38.2
256.370385488	0.398776	38.3
256.769160998	0.476009	39.1
257.245170068	0.446984	39.2
257.692154195	0.467302	39.3
258.159455782	0.458594	40.1
258.618049887	0.412154	40.2
259.030204082	0.458594	40.3
259.488798186	0.441179	41.1
259.929977324	0.441179	41.2
260.371156463	0.444082	41.3
260.815238095	0.441179	42.1
261.256417234	0.432608	42.2
261.689024943	0.435238	42.3
262.124263039	0.449887	43.1
262.574149660	0.431179	43.2
263.005328798	0.448277	43.3
263.453605442	0.435374	44.1
263.888979592	0.417959	44.2
264.306938776	0.435374	44.3
264.742312925	0.435374	45.1
265.177687075	0.394739	45.2
265.572426304	0.449887	45.3
266.022312925	0.449887	46.1
266.472199546	0.391837	46.2
266.864036281	0.429569	46.3
267.293605442	0.442358	47.1
267.735963719	0.413878	47.2
268.149841270	0.435374	47.3
268.585215420	0.420748	48.1
269.005963719	0.40356	48.2
269.409523810	0.417959	48.3
269.827482993	0.432063	49.1
270.259546485	0.403855	49.2
270.663401361	0.417959	49.3
271.081360544	0.461497	50.1
271.542857143	0.377324	50.2
271.920181406	0.432472	50.3
272.352653061	0.41381	51.1
272.766462585	0.395986	51.2
273.162448980	0.409252	51.3
273.571700680	0.432472	52.1
274.004172336	0.371519	52.2
274.375691610	0.441179	52.3
274.816870748	0.413968	53.1
275.230839002	0.39873	53.2
275.629569161	0.388934	53.3
276.018503401	0.438277	54.1
276.456780045	0.383129	54.2
276.839909297	0.351202	54.3
277.191111111	0.476009	55.1
277.667120181	0.391837	55.2
278.058956916	0.400544	55.3
278.459501134	0.444082	56.1
278.903582766	0.418639	56.2
279.322222222	0.399864	56.3
279.722086168	0.446984	57.1
280.169070295	0.400544	57.2
280.569614512	0.423764	57.3
280.993378685	0.461497	58.1
281.454875283	0.461497	58.2
281.916371882	0.452789	58.3
282.369160998	0.455692	59.1
282.824852608	0.470204	59.2
283.295056689	0.563084	59.3
283.858140590	0.446984	60.1
284.305124717	0.406349	60.2
284.711473923	0.420862	60.3
285.132335601	0.464399	61.1
285.596734694	0.417959	61.2
286.014693878	0.461497	61.3
286.476190476	0.424104	62.1
286.900294785	0.403107	62.2
287.303401361	0.438277	62.3
287.741678005	0.426667	63.1
288.168344671	0.409252	63.2
288.577596372	0.476009	63.3
289.053605442	0.425102	64.1
289.478707483	0.390816	64.2
289.869523810	0.440862	64.3
290.310385488	0.417959	65.1
290.728344671	0.40229	65.2
291.130634921	0.445238	65.3
291.575873016	0.412154	66.1
291.988027211	0.43356	66.2
292.421587302	0.431383	66.3
292.852970522	0.412154	67.1
293.265124717	0.446984	67.2
293.712108844	0.478912	67.3
294.191020408	0.429569	68.1
294.620589569	0.478912	68.2
295.099501134	0.467302	68.3
295.566802721	0.435374	69.1
296.002176871	0.455692	69.2
296.457868481	0.412154	69.3
296.870022676	0.516644	70.1
297.386666667	0.528254	70.2
297.914920635	0.478912	70.3
298.393832200	0.415057	71.1
298.808888889	0.455692	71.2
299.264580499	0.441179	71.3
299.705759637	0.444082	72.1
300.149841270	0.464399	72.2
300.614240363	0.473492	72.3
301.087732426	0.501746	73.1
301.589478458	0.545669	73.2
302.135147392	0.502132	73.3
302.637278912	0.491905	74.1
303.129183673	0.642971	74.2
303.772154195	0.664671	74.3
304.436825397	0.568889	75.1
305.005714286	0.609524	75.2
305.615238095	0.882358	75.3
306.497596372	0.708209	76.1
307.205804989	0	76.3