1.741496598	0	1.1
2.310385487	105.469	1.2
3.047619047	81.3853	1.3
3.558458049	117.454	1.4
4.150566893	101.333	2.1
4.667369614	116.098	2.2
5.168888888	119.636	2.3
5.770158730	99.7888	2.4
6.222947845	132.512	3.1
6.768616780	109.957	3.2
7.250430839	124.529	3.3
7.813514739	106.556	3.4
8.359183673	109.957	4.1
8.864217687	118.804	4.2
9.392471655	113.582	4.3
9.938140589	109.957	4.4
10.472199546	112.347	5.1
11.035283446	106.556	5.2
11.627392290	101.333	5.3
12.190476190	106.556	5.4
12.712925170	114.844	6.1
13.310839002	100.349	6.2
13.827482993	116.134	6.3
14.396371882	105.469	6.4
15.017505668	96.5975	7.1
15.551564625	112.347	7.2
16.137868480	102.336	7.3
16.706757369	105.469	7.4
17.507845804	74.8981	8.1
18.049659863	110.739	8.2
18.612290249	106.642	8.3
19.278367346	90.0797	8.4
19.748571428	127.604	9.1
20.298798185	109.046	9.2
20.909569160	98.2365	9.3
21.437823129	113.582	9.4
21.919637188	124.529	10.1
22.430476190	117.454	10.2
22.981950113	108.799	10.3
23.483877551	119.539	10.4
23.864308390	157.716	11.1
24.392562358	113.582	11.2
24.944036281	108.799	11.3
25.466485260	114.844	11.4
25.977324263	117.454	12.1
26.557823129	103.359	12.2
27.022222222	129.199	12.3
27.600249433	103.801	12.4
28.101950113	119.593	13.1
28.595374149	121.599	13.2
29.170068027	104.403	13.3
29.669297052	120.185	13.4
30.178412698	117.851	14.1
30.679365079	119.772	14.2
31.137959183	130.835	14.3
31.642993197	118.804	14.4
32.136417233	121.599	15.1
32.676281179	111.139	15.2
33.140680272	129.199	15.3
33.634104308	121.599	15.4
34.139138321	118.804	16.1
34.655782312	116.134	16.2
35.212448979	107.784	16.3
35.706485260	121.449	16.4
36.304399092	100.349	17.1
36.960362811	91.4685	17.2
37.447981859	123.047	17.3
37.865941043	143.555	17.4
38.510294784	93.1166	18.1
39.038548752	113.582	18.2
39.494716553	131.531	18.3
39.978956916	123.905	18.4
40.454965986	126.048	19.1
40.944013605	122.687	19.2
41.383764172	136.441	19.3
41.836553287	132.512	19.4
42.370612244	112.347	20.1
42.826303854	131.668	20.2
43.283446712	131.25	20.3
43.787029478	119.146	20.4
44.367528344	103.359	21.1
44.831927437	129.199	21.2
45.336961451	118.804	21.3
45.841995464	118.804	21.4
46.364444444	114.844	22.1
46.875283446	117.454	22.2
47.351292517	126.048	22.3
47.815691609	129.199	22.4
48.355555555	111.139	23.1
48.837369614	124.529	23.2
49.359818594	114.844	23.3
49.806802721	134.233	23.4
50.364081632	107.666	24.1
50.845895691	124.529	24.2
51.350929705	118.804	24.3
51.831678004	124.805	24.4
52.296485260	129.086	25.1
52.807981859	117.303	25.2
53.243356009	137.812	25.3
53.668934240	140.985	25.4
54.183764172	116.543	26.1
54.659773242	126.048	26.2
55.129977324	127.604	26.3
55.518911564	154.268	26.4
56.070385487	108.799	27.1
56.540589569	127.604	27.2
57.010793650	127.604	27.3
57.469387755	130.835	27.4
57.957006802	123.047	28.1
58.403990929	134.233	28.2
58.845170068	135.999	28.3
59.303764172	130.835	28.4
59.808798185	118.804	29.1
60.252925170	135.096	29.2
60.691156462	136.914	29.3
61.091700680	149.796	29.4
61.596734693	118.804	30.1
61.997278911	149.796	30.2
62.397823129	149.796	30.3
62.826643990	139.919	30.4
63.274376417	134.009	31.1
63.711632653	137.219	31.2
64.130362811	143.29	31.3
64.568888888	136.822	31.4
65.073922902	118.804	32.1
65.512267573	136.879	32.2
66.049160997	111.754	32.3
66.516462585	128.397	32.4
66.982517006	128.74	33.1
67.518185941	112.009	33.2
68.185396825	89.9266	33.3
68.847165532	90.6661	33.4
69.526349206	88.3413	34.1
69.996553287	127.604	34.2
70.513197278	116.134	34.3
70.983401360	127.604	34.4
71.488435374	118.804	35.1
72.028299319	111.139	35.2
72.504308390	126.048	35.3
72.968707482	129.199	35.4
73.462131519	121.599	36.1
73.955555555	121.599	36.2
74.419954648	129.199	36.3
74.930793650	117.454	36.4
75.447437641	116.134	37.1
75.917641723	127.604	37.2
76.486530612	105.469	37.3
76.997369614	117.454	37.4
77.525623582	113.582	38.1
78.053877551	113.582	38.2
78.529886621	126.048	38.3
79.023310657	121.599	38.4
79.499319727	126.048	39.1
79.986077097	123.265	39.2
80.447165532	130.127	39.3
80.947006802	120.038	39.4
81.420770975	126.645	40.1
81.920000000	120.185	40.2
82.413424036	121.599	40.3
82.895238095	124.529	40.4
83.400272108	118.804	41.1
83.876281179	126.048	41.2
84.410340136	112.347	41.3
84.950204081	111.139	41.4
85.466848072	116.134	42.1
85.995102040	113.582	42.2
86.482721088	123.047	42.3
86.970340136	123.047	42.4
87.434739229	129.199	43.1
87.904965986	127.598	43.2
88.363537414	130.841	43.3
88.839546485	126.048	43.4
89.327165532	123.047	44.1
89.814784580	123.047	44.2
90.308208616	121.599	44.3
90.755192743	134.233	44.4
91.242811791	123.047	45.1
91.643356009	149.796	45.2
92.096145124	132.512	45.3
92.508299319	145.577	45.4
92.937868480	139.675	46.1
93.361632653	141.588	46.2
93.860861678	120.185	46.3
94.267210884	147.656	46.4
94.690975056	141.588	47.1
95.126349206	137.812	47.2
95.532698412	147.656	47.3
95.973877551	135.999	47.4
96.397641723	141.588	48.1
96.798185941	149.796	48.2
97.227755102	139.675	48.3
97.599274376	161.499	48.4
98.040453514	135.999	49.1
98.408979591	162.811	49.2
98.858956916	133.34	49.3
99.230476190	161.499	49.4
99.654240362	141.588	50.1
100.048979591	151.999	50.2
100.455328798	147.656	50.3
100.838458049	156.605	50.4
101.239002267	149.796	51.1
101.627936507	154.268	51.2
102.040090702	145.577	51.3
102.446439909	147.656	51.4
102.905034013	130.835	52.1
103.218503401	191.406	52.2
103.671292517	132.512	52.3
104.106666666	137.812	52.4
104.460770975	169.442	53.1
104.867120181	147.656	53.2
105.232834467	164.062	53.3
105.604353741	161.499	53.4
105.999092970	151.999	54.1
106.375532879	159.388	54.2
106.753741496	158.643	54.3
107.139682539	155.464	54.4
107.514195011	160.208	55.1
107.952108843	137.013	55.2
108.344308390	152.983	55.3
108.754331065	146.333	55.4
109.145396825	153.427	56.1
109.522721088	159.014	56.2
109.929070294	147.656	56.3
110.312199546	156.605	56.4
110.731632653	143.05	57.1
111.211972789	124.911	57.2
111.699591836	123.047	57.3
112.256870748	107.666	57.4
112.866394557	98.4375	58.1
113.417868480	108.799	58.2
113.905487528	123.047	58.3
114.387301587	124.529	58.4
114.863310657	126.048	59.1
115.269659863	147.656	59.2
115.745668934	126.048	59.3
116.181043083	137.812	59.4
116.616417233	137.812	60.1
117.040181405	141.588	60.2
117.458140589	143.555	60.3
117.963174603	118.804	60.4
118.357913832	151.999	61.1
118.845532879	123.047	61.2
119.304126984	130.835	61.3
119.811065759	118.357	61.4
120.331609977	115.264	62.1
120.796009070	129.199	62.2
121.266213151	127.604	62.3
121.695782312	139.675	62.4
122.200430839	118.895	63.1
122.612970521	145.441	63.2
123.137142857	114.466	63.3
123.611428571	126.506	63.4
124.110657596	120.185	64.1
124.569251700	130.835	64.2
125.027845804	130.835	64.3
125.486439909	130.835	64.4
125.956643990	127.604	65.1
126.484897959	113.582	65.2
126.914467120	139.675	65.3
127.460136054	109.957	65.4
128.040634920	103.359	66.1
128.603718820	106.556	66.2
129.236462585	94.8251	66.3
129.683446712	134.233	66.4
130.182675736	120.185	67.1
130.652879818	127.604	67.2
131.181133786	113.582	67.3
131.639727891	130.835	67.4
132.115736961	126.048	68.1
132.562721088	134.233	68.2
133.044535147	124.529	68.3
133.497324263	132.512	68.4
133.988321995	122.2	69.1
134.519002267	113.062	69.2
134.936961451	143.555	69.3
135.418775510	124.529	69.4
135.906394557	123.047	70.1
136.370793650	129.199	70.2
136.916462585	109.957	70.3
137.370317460	132.201	70.4
137.914920634	110.172	71.1
138.385192743	127.586	71.2
138.959818594	104.416	71.3
139.540317460	103.359	71.4
140.080181405	111.139	72.1
140.567120181	123.219	72.2
141.154104308	102.217	72.3
141.693968253	111.139	72.4
142.228027210	112.347	73.1
142.727256235	120.185	73.2
143.330975056	99.384	73.3
143.899863945	105.469	73.4
144.404897959	118.804	74.1
144.973786848	105.469	74.2
145.577505668	99.384	74.3
146.140589569	106.556	74.4
146.750113378	98.4375	75.1
147.336417233	102.336	75.2
147.951746031	97.5088	75.3
148.491609977	111.139	75.4
149.194013605	85.421	76.1
149.867392290	89.1029	76.2
150.424671201	107.666	76.3
151.022585034	100.349	76.4
151.617278911	100.892	77.1
152.351927437	81.6717	77.2
153.015510204	90.4183	77.3
153.599387755	102.761	77.4
154.238548752	93.8731	78.1
154.836462585	100.349	78.2
155.347301587	117.454	78.3
155.916190476	105.469	78.4
156.467664399	108.799	79.1
157.030748299	106.556	79.2
157.518367346	123.047	79.3
158.075646258	107.666	79.4
158.615510204	111.139	80.1
159.143764172	113.582	80.2
159.689433106	109.957	80.3
160.223492063	112.347	80.4
160.734331065	117.454	81.1
161.245170068	117.454	81.2
161.744399092	120.185	81.3
162.301678004	107.666	81.4
162.824126984	114.844	82.1
163.375600907	108.799	82.2
163.892244897	116.134	82.3
164.490158730	100.349	82.4
164.975623582	123.593	83.1
165.529251700	108.376	83.2
166.045895691	116.134	83.3
166.579954648	112.347	83.4
167.084988662	118.804	84.1
167.607437641	114.844	84.2
168.164716553	107.666	84.3
168.745215419	103.359	84.4
169.238639455	121.599	85.1
169.755283446	116.134	85.2
170.300952380	109.957	85.3
170.898866213	100.349	85.4
171.490975056	101.333	86.1
172.025034013	112.347	86.2
172.564897959	111.139	86.3
173.067097505	119.474	86.4
173.615600907	109.389	87.1
174.132244897	116.134	87.2
174.677913832	109.957	87.3
175.194557823	116.134	87.4
175.740226757	109.957	88.1
176.285895691	109.957	88.2
176.804308390	115.738	88.3
177.332539682	113.587	88.4
177.852902494	115.304	89.1
178.398911564	109.888	89.2
178.967800453	105.469	89.3
179.525079365	107.666	89.4
180.018503401	121.599	90.1
180.511247165	121.767	90.2
181.109841269	100.235	90.3
181.649705215	111.139	90.4
182.195374149	109.957	91.1
182.723628117	113.582	91.2
183.234467120	117.454	91.3
183.704671201	127.604	91.4
184.273560090	105.469	92.1
184.778594104	118.804	92.2
185.306848072	113.582	92.3
185.806077097	120.185	92.4
186.304648526	120.344	93.1
186.833560090	113.441	93.2
187.321179138	123.047	93.3
187.913287981	101.333	93.4
188.335487528	142.113	94.1
188.882721088	109.642	94.2
189.393560090	117.454	94.3
189.916009070	114.844	94.4
190.426848072	117.454	95.1
190.914467120	123.047	95.2
191.477551020	106.556	95.3
191.947755102	127.604	95.4
192.446984126	120.185	96.1
192.947369614	119.908	96.2
193.503492063	107.89	96.3
194.014331065	117.454	96.4
194.525170068	117.454	97.1
195.047619047	114.844	97.2
195.558458049	117.454	97.3
196.051882086	121.599	97.4
196.568526077	116.134	98.1
197.079365079	117.454	98.2
197.584399092	118.804	98.3
198.083628117	120.185	98.4
198.630362811	109.742	99.1
199.093696145	129.496	99.2
199.627755102	112.347	99.3
200.085986394	130.938	99.4
200.626213151	111.064	100.1
201.146258503	115.375	100.2
201.769795918	96.2252	100.3
202.309659863	111.139	100.4
202.826303854	116.134	101.1
203.281111111	131.924	101.2
203.871201814	101.679	101.3
204.405260770	112.347	101.4
204.898684807	121.599	102.1
205.444353741	109.957	102.2
206.019047619	104.403	102.3
206.512471655	121.599	102.4
207.017505668	118.804	103.1
207.545759637	113.582	103.2
208.068208616	114.844	103.3
208.555827664	123.047	103.4
209.084081632	113.582	104.1
209.589115646	118.804	104.2
210.158004535	105.469	104.3
210.593378684	137.812	104.4
211.150657596	107.666	105.1
211.707936507	107.666	105.2
212.230385487	114.844	105.3
212.735419501	118.804	105.4
213.310113378	104.403	106.1
213.844172335	112.347	106.2
214.378231292	112.347	106.3
214.883265306	118.804	106.4
215.428934240	109.957	107.1
215.968798185	111.139	107.2
216.444807256	126.048	107.3
216.978866213	112.347	107.4
217.483333333	118.937	108.1
218.006349206	114.719	108.2
218.499773242	121.599	108.3
218.964172335	129.199	108.4
219.527256235	106.556	109.1
219.991405895	129.269	109.2
220.473197278	124.535	109.3
220.955283446	124.459	109.4
221.471927437	116.134	110.1
221.971156462	120.185	110.2
222.447165532	126.048	110.3
222.940589569	121.599	110.4
223.457619047	116.048	111.1
223.944852607	123.144	111.2
224.409070294	129.25	111.3
224.862018140	132.466	111.4
225.367074829	118.799	112.1
225.886825396	115.44	112.2
226.377142857	122.37	112.3
226.800907029	141.588	112.4
227.305941043	118.804	113.1
227.751247165	134.739	113.2
228.215895691	129.13	113.3
228.674081632	130.951	113.4
229.134512471	130.313	114.1
229.561814058	140.416	114.2
230.027437641	128.859	114.3
230.469659863	135.678	114.4
230.899229024	139.675	115.1
231.346213151	134.233	115.2
231.769977324	141.588	115.3
232.221496598	132.885	115.4
232.661678004	136.307	116.1
233.110929705	133.555	116.2
233.552108843	135.999	116.3
233.993287981	135.999	116.4
234.446077097	132.512	117.1
234.922086167	126.048	117.2
235.369070294	134.233	117.3
235.856689342	123.047	117.4
236.328843537	127.077	118.1
236.801519274	126.937	118.2
237.278911564	125.683	118.3
237.795555555	116.134	118.4
238.219319727	141.588	119.1
238.717800453	120.366	119.2
239.223582766	118.628	119.3
239.705396825	124.529	119.4
240.187210884	124.529	120.1
240.634195011	134.233	120.2
241.133424036	120.185	120.3
241.632653061	120.185	120.4
242.108662131	126.048	121.1
242.590476190	124.529	121.2
243.124535147	112.347	121.3
243.588934240	129.199	121.4
244.076553287	123.047	122.1
244.587392290	117.454	122.2
245.069206349	124.529	122.3
245.556825396	123.047	122.4
246.072131519	116.436	123.1
246.545238095	126.821	123.2
247.031292517	123.443	123.3
247.513106575	124.529	123.4
248.064580498	108.799	124.1
248.470929705	147.656	124.2
248.993378684	114.844	124.3
249.463582766	127.604	124.4
249.999591836	111.938	125.1
250.496870748	120.657	125.2
251.054149659	107.666	125.3
251.582403628	113.582	125.4
252.215147392	94.8251	126.1
252.847891156	94.8251	126.2
253.289070294	135.999	126.3
253.817324263	113.582	126.4
254.241088435	141.588	127.1
254.728707482	123.047	127.2
255.204716553	126.048	127.3
255.649433106	134.917	127.4
256.133514739	123.946	128.1
256.581700680	133.873	128.2
257.085532879	119.087	128.3
257.558548752	126.846	128.4
258.049160997	122.296	129.1
258.530975056	124.529	129.2
259.030204081	120.185	129.3
259.517823129	123.047	129.4
260.034467120	116.134	130.1
260.510476190	126.048	130.2
260.980680272	127.604	130.3
261.456689342	126.048	130.4
261.955918367	120.185	131.1
262.403764172	133.975	131.2
262.904512471	119.821	131.3
263.378140589	126.682	131.4
263.854149659	126.048	132.1
264.359183673	118.804	132.2
264.840997732	124.529	132.3
265.285351473	135.028	132.4
265.783424036	120.464	133.1
266.239614512	131.524	133.2
266.826303854	102.269	133.3
267.360362811	112.347	133.4
268.591020408	48.7544	134.1
269.217959183	95.7031	134.2
269.728798185	117.454	134.3
270.251247165	114.844	134.4
270.715646258	129.199	135.1
271.249705215	112.347	135.2
271.714104308	129.199	135.3
272.169954648	131.622	135.4
272.648707482	125.326	136.1
273.099954648	132.965	136.2
273.618140589	115.789	136.3
274.053514739	137.812	136.4
274.590317460	111.773	137.1
275.093877551	119.152	137.2
275.591836734	120.492	137.3
276.125895691	112.347	137.4
276.625124716	120.185	138.1
277.199818594	104.403	138.2
277.699047619	120.185	138.3
278.169251700	127.604	138.4
278.680090702	117.454	139.1
279.138684807	130.835	139.2
279.643718820	118.804	139.3
280.090680272	134.24	139.4
280.526077097	137.805	140.1
281.071746031	109.957	140.2
281.524535147	132.512	140.3
282.093424036	105.469	140.4
282.743582766	92.2852	141.1
283.260226757	116.134	141.2
283.687414965	140.453	141.3
284.194829931	118.246	141.4
284.688253968	121.599	142.1
285.222312925	112.347	142.2
285.657687074	137.812	142.3
286.168526077	117.454	142.4
286.690975056	114.844	143.1
287.172789115	124.529	143.2
287.654603174	124.529	143.3
288.066757369	145.577	143.4
288.598231292	112.894	144.1
289.110068027	117.225	144.2
289.599274376	122.648	144.3
290.098503401	120.185	144.4
290.615147392	116.134	145.1
291.114376417	120.185	145.2
291.561360544	134.233	145.3
292.014149659	132.512	145.4
292.501768707	123.047	146.1
292.884897959	156.605	146.2
293.401541950	116.134	146.3
293.813696145	145.577	146.4
294.266485260	132.512	147.1
294.742494331	126.048	147.2
295.166258503	141.588	147.3
295.621315192	131.852	147.4
296.031201814	146.382	148.1
296.449160997	143.555	148.2
296.894081632	134.856	148.3
297.366349206	127.047	148.4
297.813333333	134.233	149.1
298.306757369	121.599	149.2
298.736326530	139.675	149.3
299.179433106	135.408	149.4
299.646530612	128.453	150.1
300.071473922	141.195	150.2
300.564897959	121.599	150.3
301.052517006	123.047	150.4
301.522721088	127.604	151.1
301.958095238	137.812	151.2
302.416689342	130.835	151.3
302.875283446	130.835	151.4
303.374512471	120.185	152.1
303.821496598	134.233	152.2
304.280090702	130.835	152.3
304.786825396	118.405	152.4
305.365623582	103.663	153.1
305.818412698	132.512	153.2
306.277006802	130.835	153.3
306.735600907	130.835	153.4
307.240634920	118.804	154.1
307.705034013	129.199	154.2
308.169138321	129.281	154.3
308.635374149	128.69	154.4
309.098231292	129.63	155.1
309.580317460	124.459	155.2
310.032834467	132.592	155.3
310.485623582	132.512	155.4
310.984852607	120.185	156.1
311.460861678	126.048	156.2
311.926916099	128.74	156.3
312.476734693	109.127	156.4
312.848253968	161.499	157.1
313.353287981	118.804	157.2
313.829297052	126.048	157.3
314.340136054	117.454	157.4
314.816145124	126.048	158.1
315.309569160	121.599	158.2
315.797188208	123.047	158.3
316.302743764	118.681	158.4
316.749206349	134.39	159.1
317.161360544	145.577	159.2
317.684240362	114.749	159.3
318.217868480	112.438	159.4
318.694376417	125.916	160.1
319.164081632	127.74	160.2
319.657505668	121.599	160.3
320.182108843	114.372	160.4
320.632743764	133.145	161.1
321.213242630	103.359	161.2
321.811156462	100.349	161.3
322.310476190	120.163	161.4
322.995374149	87.6043	162.1
323.568888888	104.618	162.2
324.086712018	115.87	162.3
324.597551020	117.454	162.4
325.085170068	123.047	163.1
325.613424036	113.582	163.2
326.118458049	118.804	163.3
326.600272108	124.529	163.4
327.099501133	120.185	164.1
327.575510204	126.048	164.2
328.057324263	124.529	164.3
328.573968253	116.134	164.4
329.131247165	107.666	165.1
329.572426303	135.999	165.2
330.106485260	112.347	165.3
330.634739229	113.582	165.4
331.110748299	126.048	166.1
331.604172335	121.599	166.2
332.115011337	117.454	166.3
332.643265306	113.582	166.4
333.165714285	114.844	167.1
333.693968253	113.582	167.2
334.216417233	114.844	167.3
334.709841269	121.599	167.4
335.261315192	108.799	168.1
335.744625850	124.144	168.2
336.248163265	119.157	168.3
336.764489795	116.206	168.4
337.368526077	99.3318	169.1
337.850226757	124.559	169.2
338.321156462	127.408	169.3
338.831383219	117.595	169.4
339.388662131	107.666	170.1
339.841451247	132.512	170.2
340.288435374	134.233	170.3
340.816689342	113.582	170.4
341.304308390	123.047	171.1
341.765510204	130.095	171.2
342.227301587	129.929	171.3
342.685895691	130.835	171.4
343.103854875	143.555	172.1
343.655623582	108.741	172.2
344.108117913	132.598	172.3
344.531882086	141.588	172.4
345.036916099	118.804	173.1
345.547755102	117.454	173.2
346.000544217	132.512	173.3
346.459138321	130.835	173.4
346.940952380	124.529	174.1
347.370521541	139.675	174.2
347.855555555	123.703	174.3
348.310929705	131.76	174.4
348.757913832	134.233	175.1
349.281428571	114.61	175.2
349.715736961	138.151	175.3
350.168526077	132.512	175.4
350.586485260	143.555	176.1
351.072766439	123.385	176.2
351.497868480	141.143	176.3
352.001496598	119.136	176.4
352.455691609	132.102	177.1
352.972335600	116.134	177.2
353.413514739	135.999	177.3
353.921882086	118.025	177.4
354.377142857	131.793	178.1
354.829931972	132.512	178.2
355.276916099	134.233	178.3
355.781950113	118.804	178.4
356.263764172	124.529	179.1
356.757188208	121.599	179.2
357.291247165	112.347	179.3
357.616326530	184.57	179.4
358.063310657	134.233	180.1
358.550929705	123.047	180.2
359.050158730	120.185	180.3
359.514557823	129.199	180.4
359.978956916	129.199	181.1
360.441541950	129.706	181.2
360.884535147	135.442	181.3
361.395374149	117.454	181.4
361.912018140	116.134	182.1
362.353197278	135.999	182.2
362.846621315	121.599	182.3
363.403900226	107.666	182.4
363.879909297	126.048	183.1
364.384943310	118.804	183.2
364.866757369	124.529	183.3
365.336961451	127.604	183.4
365.836190476	120.185	184.1
366.300589569	129.199	184.2
366.759183673	130.835	184.3
367.153922902	151.999	184.4
367.687981859	112.347	185.1
368.117006802	139.852	185.2
368.616780045	120.054	185.3
369.063764172	134.233	185.4
369.493333333	139.675	186.1
369.980952380	123.047	186.2
370.410521541	139.675	186.3
370.799342403	154.313	186.4
371.298684807	120.158	187.1
371.734058956	137.812	187.2
372.152585034	143.36	187.3
372.593197278	136.174	187.4
373.005351473	145.577	188.1
373.434920634	139.675	188.2
373.847074829	145.577	188.3
374.241814058	151.999	188.4
374.746848072	118.804	189.1
375.170612244	141.588	189.2
375.559546485	154.268	189.3
375.994920634	137.812	189.4
376.453514739	130.835	190.1
376.848253968	151.999	190.2
377.266213151	143.555	190.3
377.672562358	147.656	190.4
378.104988662	138.752	191.1
378.587210884	124.424	191.2
378.972879818	155.574	191.3
379.396643990	141.588	191.4
379.779773242	156.605	192.1
380.267392290	123.047	192.2
380.656326530	154.268	192.3
381.103900226	134.056	192.4
381.666394557	106.668	193.1
382.119183673	132.512	193.2
382.560362811	135.999	193.3
383.071201814	117.454	193.4
383.582040816	117.454	194.1
384.081269841	120.185	194.2
384.684988662	99.384	194.3
385.329342403	93.1166	194.4
386.037551020	84.7208	195.1
386.484535147	134.233	195.2
386.931519274	134.233	195.3
387.407528344	126.048	195.4
387.953197278	109.957	196.1
388.429206349	126.048	196.2
388.887800453	130.835	196.3
389.369614512	124.529	196.4
389.828208616	130.835	197.1
390.315827664	123.047	197.2
390.791836734	126.048	197.3
391.215600907	141.588	197.4
391.714829931	120.185	198.1
392.196643990	124.529	198.2
392.684263038	123.047	198.3
393.166077097	124.529	198.4
393.671111111	118.804	199.1
394.187755102	116.134	199.2
394.657959183	127.604	199.3
395.133968253	126.048	199.4
395.621587301	123.047	200.1
396.068571428	134.233	200.2
396.556190476	123.047	200.3
397.026394557	127.604	200.4
397.502403628	126.048	201.1
397.966802721	129.199	201.2
398.431201814	129.199	201.3
398.924625850	121.599	201.4
399.418049886	121.599	202.1
399.917278911	120.185	202.2
400.433922902	116.134	202.3
400.891179138	131.217	202.4
401.368526077	125.695	203.1
401.879365079	117.454	203.2
402.326349206	134.233	203.3
402.761723356	137.812	203.4
403.237732426	126.048	204.1
403.661882086	141.46	204.2
404.108140589	134.451	204.3
404.572879818	129.105	204.4
405.019863945	134.233	205.1
405.472653061	132.512	205.2
405.934399092	129.942	205.3
406.366621315	138.817	205.4
406.819410430	132.512	206.1
407.266394557	134.233	206.2
407.705170068	136.744	206.3
408.082494331	159.014	206.4
408.533265306	133.105	207.1
408.967256235	138.252	207.2
409.420045351	132.512	207.3
409.814784580	151.999	207.4
410.209523809	151.999	208.1
410.616417233	147.459	208.2
411.028027210	145.769	208.3
411.451791383	141.588	208.4
411.869750566	143.555	209.1
412.316734693	134.233	209.2
412.653424036	178.206	209.3
413.030748299	159.014	209.4
413.431292517	149.796	210.1
413.831836734	149.796	210.2
414.243990929	145.577	210.3
414.673560090	139.675	210.4
415.091519274	143.555	211.1
415.515283446	141.588	211.2
415.950657596	137.812	211.3
416.322176870	161.499	211.4
416.740136054	143.555	212.1
417.140680272	149.796	212.2
417.558639455	143.555	212.3
417.964988662	147.656	212.4
418.406167800	135.999	213.1
418.824126984	143.555	213.2
419.224671201	149.796	213.3
419.636825396	145.577	213.4
420.072199546	137.812	214.1
420.472743764	149.796	214.2
420.855873015	156.605	214.3
421.285442176	139.675	214.4
421.691791383	147.656	215.1
422.098140589	147.656	215.2
422.521904761	141.588	215.3
422.922448979	149.796	215.4
423.357823129	137.812	216.1
423.799002267	135.999	216.2
424.234376417	137.812	216.3
424.605895691	161.499	216.4
425.012244897	147.656	217.1
425.414217687	149.264	217.2
425.853968253	136.441	217.3
426.242222222	154.538	217.4
426.671337868	139.822	218.1
427.142675736	127.297	218.2
427.572244897	139.675	218.3
428.071473922	120.185	218.4
428.589886621	115.738	219.1
429.099002267	117.851	219.2
429.524535147	141	219.3
430.027755102	119.232	219.4
430.468934240	135.999	220.1
430.875283446	147.656	220.2
431.333877551	130.835	220.3
431.780861678	134.233	220.4
432.210430839	139.675	221.1
432.647029478	137.426	221.2
433.071247165	141.437	221.3
433.615238095	110.296	221.4
433.998775510	156.438	222.1
434.485986394	123.15	222.2
434.917188208	139.146	222.3
435.414399092	120.673	222.4
435.902403628	122.95	223.1
436.355192743	132.512	223.2
436.807981859	132.512	223.3
437.214331065	147.656	223.4
437.719365079	118.804	224.1
438.125714285	147.656	224.2
438.624943310	120.185	224.3
439.060317460	137.812	224.4
439.518911564	130.835	225.1
439.948480725	139.675	225.2
440.444399092	120.988	225.3
440.893718820	133.535	225.4
441.341678004	133.941	226.1
441.777052154	137.812	226.2
442.282086167	118.804	226.3
442.847528344	106.112	226.4
443.361814058	116.667	227.1
443.894467120	112.644	227.2
444.406712018	117.131	227.3
444.903424036	120.794	227.4
445.387777777	123.876	228.1
445.945034013	107.67	228.2
446.467482993	114.844	228.3
446.938616780	127.352	228.4
447.355646258	143.875	229.1
447.843265306	123.047	229.2
448.354104308	117.454	229.3
448.830113378	126.048	229.4
449.321496598	122.104	230.1
449.805351473	124.004	230.2
450.263945578	130.835	230.3
450.774784580	117.454	230.4
451.291428571	116.134	231.1
451.726802721	137.812	231.2
452.272471655	109.957	231.3
452.777505668	118.804	231.4
453.299954648	114.844	232.1
453.836938775	111.735	232.2
454.312290249	126.222	232.3
454.820861678	117.978	232.4
455.354920634	112.347	233.1
455.854149659	120.185	233.2
456.347573696	121.599	233.3
456.899047619	108.799	233.4
457.404081632	118.804	234.1
457.932335600	113.582	234.2
458.466394557	112.347	234.3
458.954058956	123.035	234.4
459.452721088	120.322	235.1
460.085986394	94.747	235.2
460.620045351	112.347	235.3
461.119274376	120.185	235.4
461.705578231	102.336	236.1
462.332517006	95.7031	236.2
462.837551020	118.804	236.3
463.412244897	104.403	236.4
464.039183673	95.7031	237.1
464.606575963	105.747	237.2
465.198390022	101.383	237.3
465.757460317	107.321	237.4
466.240612244	124.185	238.1
466.810158730	105.347	238.2
467.423492063	97.8261	238.3
468.091065759	89.8777	238.4
468.723809523	94.8251	239.1
469.315918367	101.333	239.2
469.902222222	102.336	239.3
470.424671201	114.844	239.4
470.987755102	106.556	240.1
471.539229024	108.799	240.2
472.067482993	113.582	240.3
472.624761904	107.666	240.4
473.123990929	120.185	241.1
473.658049886	112.347	241.2
474.203718820	109.957	241.3
474.760997732	107.666	241.4
475.277641723	116.134	242.1
475.788480725	117.454	242.2
476.316734693	113.582	242.3
476.868208616	108.799	242.4
477.379047619	117.454	243.1
477.913106575	112.347	243.2
478.406530612	121.599	243.3
478.905759637	120.185	243.4
479.422403628	116.134	244.1
479.965691609	110.439	244.2
480.502131519	111.849	244.3
481.053605442	108.799	244.4
481.561292517	118.183	245.1
482.063673469	119.431	245.2
482.586122448	114.844	245.3
483.137596371	108.799	245.4
483.654240362	116.134	246.1
484.165079365	117.454	246.2
484.722358276	107.666	246.3
485.250612244	113.582	246.4
485.761451247	117.454	247.1
486.295510204	112.347	247.2
486.893424036	100.349	247.3
487.392653061	120.185	247.4
487.880272108	123.047	248.1
488.367891156	123.047	248.2
488.867120181	120.185	248.3
489.343333333	125.994	248.4
489.836553287	121.65	249.1
490.376417233	111.139	249.2
490.852426303	126.048	249.3
491.328503401	126.03	249.4
491.798639455	127.623	250.1
492.384943310	102.336	250.2
492.820317460	137.812	250.3
493.377596371	107.666	250.4
493.807165532	139.675	251.1
494.329614512	114.844	251.2
494.844149659	116.61	251.3
495.335396825	122.138	251.4
495.815691609	124.923	252.1
496.361360544	109.957	252.2
496.918639455	107.666	252.3
497.452698412	112.347	252.4
498.033197278	103.359	253.1
498.613696145	103.359	253.2
499.078095238	129.199	253.3
499.583129251	118.804	253.4
500.070748299	123.047	254.1
500.604807256	112.347	254.2
501.086621315	124.529	254.3
501.609070294	114.844	254.4
502.102494331	121.599	255.1
502.619138321	116.134	255.2
503.112562358	121.599	255.3
503.675646258	106.556	255.4
504.180680272	118.804	256.1
504.668299319	123.047	256.2
505.184943310	116.134	256.3
505.643537414	130.835	256.4
506.206621315	106.556	257.1
506.659410430	132.512	257.2
507.096417233	137.298	257.3
507.657868480	106.866	257.4
508.191927437	112.347	258.1
508.633106575	135.999	258.2
509.155555555	114.844	258.3
509.691065759	112.043	258.4
510.188843537	120.536	259.1
510.670657596	124.529	259.2
511.140861678	127.604	259.3
511.651360544	117.532	259.4
512.179954648	113.509	260.1
512.714013605	112.347	260.2
513.195827664	124.529	260.3
513.741496598	109.957	260.4
514.200090702	130.835	261.1
514.722539682	114.844	261.2
515.256598639	112.347	261.3
515.813877551	107.666	261.4
516.318911564	118.804	262.1
516.794920634	126.048	262.2
517.270952380	126.042	262.3
517.746938775	126.054	262.4
518.224693877	125.587	263.1
518.722176870	120.607	263.2
519.174965986	132.512	263.3
519.662585034	123.047	263.4
520.138594104	126.048	264.1
520.608798185	127.604	264.2
521.113832199	118.804	264.3
521.560816326	134.233	264.4
522.065850340	118.804	265.1
522.576689342	117.454	265.2
523.075918367	120.185	265.3
523.517097505	135.999	265.4
524.004716553	123.047	266.1
524.463310657	130.835	266.2
524.898684807	137.812	266.3
525.401972789	119.216	266.4
525.897573696	121.065	267.1
526.384761904	123.156	267.2
526.860770975	126.048	267.3
527.412244897	108.799	267.4
527.882448979	127.604	268.1
528.346848072	129.199	268.2
528.811247165	129.199	268.3
529.374331065	106.556	268.4
529.844535147	127.604	269.1
530.326349206	124.529	269.2
530.808163265	124.529	269.3
531.307392290	120.185	269.4
531.789206349	124.529	270.1
532.241995464	132.512	270.2
532.671564625	139.675	270.3
533.147573696	126.048	270.4
533.658412698	117.454	271.1
534.146031746	123.047	271.2
534.581405895	137.812	271.3
535.098049886	116.134	271.4
535.513174603	144.535	272.1
535.992018140	125.302	272.2
536.398367346	147.656	272.3
536.932426303	112.347	272.4
537.356190476	141.588	273.1
537.832199546	126.048	273.2
538.290793650	130.835	273.3
538.813242630	114.844	273.4
539.266031746	132.512	274.1
539.753650793	123.047	274.2
540.270294784	116.134	274.3
540.734693877	129.199	274.4
541.175873015	135.999	275.1
541.675102040	120.185	275.2
542.151111111	126.048	275.3
542.661950113	117.454	275.4
543.128095238	128.715	276.1
543.654603174	113.958	276.2
544.211882086	107.666	276.3
544.821405895	98.4375	276.4
545.338049886	116.134	277.1
545.889523809	108.799	277.2
546.458412698	105.469	277.3
547.056326530	100.349	277.4
547.613605442	107.666	278.1
548.124444444	117.454	278.2
548.762993197	93.9631	278.3
549.401541950	93.9631	278.4
550.156190476	79.5072	279.1
550.748299319	101.333	279.2
551.241723356	121.599	279.3
551.735147392	121.599	279.4
552.420136054	87.5927	280.1
552.901950113	124.529	280.2
553.482448979	103.359	280.3
554.237097505	79.5072	280.4
555.148480725	65.834	281.1
