1.767619048	1
2.260317460	2
2.963809524	3
3.172063492	4
3.380317460	5
3.631746032	6
4.075260771	7
4.530793651	8
5.020952381	9
5.678730159	10
5.884444444	11
6.085079365	12
6.341587302	13
6.768253968	14
7.238095238	15
7.723537415	16
8.350476190	17
8.568163265	18
8.782222222	19
9.023492063	20
9.684535147	21
9.884444444	22
10.118095238	23
10.339047619	24
10.967278912	25
11.182743764	26
11.412607710	27
11.650612245	28
11.871201814	29
12.077278912	30
12.521360544	31
13.008979592	32
14.019047619	33
14.303492063	34
14.515374150	35
14.737414966	36
14.950748299	37
15.381768707	38
15.856326531	39
16.770612245	40
17.044897959	41
17.273174603	42
18.163809524	43
18.442448980	44
18.686258503	45
19.883537415	46
20.157823129	47
20.388571429	48
20.606258503	49
20.823945578	50
21.263673469	51
21.762902494	52
21.985011338	53
22.195374150	54
22.413061224	55
22.617687075	56
23.053061224	57
23.283287982	58
23.522539683	59
23.735941043	60
23.967346939	61
24.428843537	62
24.659591837	63
24.855510204	64
25.073197279	65
25.295238095	66
25.704489796	67
25.991836735	68
26.179047619	69
26.383673469	70
26.610068027	71
27.075918367	72
27.341496599	73
27.550476190	74
27.750748299	75
27.942312925	76
28.403038549	77
28.638911565	78
28.871972789	79
29.284988662	80
29.749115646	81
29.963015873	82
30.171428571	83
30.585034014	84
30.994285714	85
31.434013605	86
31.886802721	87
32.352653061	88
32.848979592	89
33.288707483	90
33.715374150	91
34.137687075	92
34.581768707	93
35.052312925	94
35.539591837	95
35.983673469	96
36.405986395	97
36.867482993	98
37.324625850	99
37.803537415	100
38.447891156	101
40.359183673	102
40.875578231	103
41.543401361	104
41.752380952	105
41.965714286	106
42.218231293	107
42.694988662	108
43.141224490	109
43.620136054	110
44.320430839	111
44.530068027	112
44.739047619	113
44.987210884	114
45.461768707	115
45.918911565	116
46.458775510	117
47.133605442	118
47.355646259	119
47.527619048	120
47.830204082	121
48.322176871	122
48.766258503	123
49.275555556	124
49.492970522	125
49.725578231	126
49.884444444	127
50.097777778	128
50.326349206	129
50.560000000	130
51.134693878	131
51.596190476	132
53.124353741	133
53.566984127	134
54.073832200	135
54.460952381	136
54.952925170	137
55.666938776	138
55.867210884	139
56.311292517	140
56.751020408	141
57.173333333	142
57.717551020	143
58.509931973	144
58.971428571	145
59.450340136	146
59.881360544	147
60.332698413	148
61.013333333	149
61.261496599	150
61.709206349	151
62.271564626	152
62.685170068	153
63.123446712	154
64.082721088	155
64.565986395	156
64.805442177	157
65.015283447	158
65.423673469	159
65.876462585	160
66.751564626	161
67.186938776	162
67.428866213	163
67.644965986	164
68.063492063	165
68.649795918	166
69.520544218	167
69.982721088	168
70.896326531	169
71.363900227	170
72.185034014	171
72.629115646	172
73.565170068	173
74.039727891	174
74.792925170	175
75.206530612	176
76.033741497	177
76.442993197	178
76.917732426	179
77.300680272	180
77.722993197	181
78.145306122	182
78.567619048	183
79.007346939	184
81.149387755	185
81.693605442	186
82.355374150	187
82.568707483	188
82.764625850	189
83.030204082	190
83.504761905	191
83.922721088	192
84.397278912	193
85.076462585	194
85.217233560	195
85.443628118	196
85.732267574	197
86.198412698	198
86.643809524	199
87.096598639	200
87.707573696	201
87.951383220	202
88.193741497	203
88.463673469	204
89.121088435	205
89.359160998	206
89.560816327	207
89.830748299	208
90.510952381	209
90.731972789	210
90.975782313	211
91.206530612	212
91.463401361	213
91.694149660	214
92.164353741	215
92.625850340	216
93.682539683	217
93.914058957	218
94.162766440	219
94.397823129	220
94.628117914	221
95.094421769	222
95.529795918	223
96.087732426	224
96.518095238	225
96.809795918	226
97.027482993	227
97.293061224	228
97.558639456	229
97.793741497	230
98.216054422	231
98.490340136	232
98.738503401	233
99.186938776	234
99.435102041	235
99.700680272	236
100.244897959	237
101.703106576	238
102.608979592	239
103.723537415	240
104.672653061	241
105.325714286	242
110.267210884	243
110.659047619	244
111.059591837	245
111.386122449	246
111.658956916	247
111.925986395	248
112.117551020	249
112.367165533	250
112.622585034	251
112.878004535	252
113.121814059	253
113.380136054	254
113.689251701	255
114.054965986	256
114.346666667	257
114.630907029	258
114.899591837	259
115.169523810	260
115.362539683	261
115.594739229	262
115.832743764	263
116.129909297	264
116.355192744	265
116.659342404	266
116.976326531	267
117.368163265	268
117.725170068	269
118.099591837	270
118.378231293	271
118.595918367	272
118.865079365	273
119.100952381	274
119.366530612	275
119.610340136	276
119.854149660	277
120.102312925	278
120.363537415	279
120.659591837	280
120.912108844	281
121.254603175	282
121.643537415	283
121.920816327	284
122.179047619	285
122.440272109	286
122.679727891	287
122.949659864	288
123.193469388	289
123.476462585	290
123.728979592	291
123.985850340	292
124.277551020	293
124.505396825	294
124.804353741	295
125.065578231	296
125.265850340	297
125.592380952	298
125.905850340	299
126.232380952	300
127.198911565	301
127.503673469	302
127.769251701	303
128.130612245	304
129.033287982	305
129.393197279	306
129.745850340	245
130.115918367	246
130.481632653	247
130.764625850	248
130.973605442	249
131.230476190	250
131.492222222	251
131.737641723	252
131.918367347	253
132.218775510	254
132.514829932	255
132.876190476	256
133.180952381	257
133.472653061	258
133.733877551	259
133.995102041	260
134.232630385	261
134.460952381	262
134.757006803	263
135.022585034	264
135.288163265	265
135.566621315	266
135.842539683	267
136.302585034	268
136.602993197	269
136.925170068	270
137.212517007	271
137.438911565	272
137.713197279	273
137.957006803	274
138.181950113	275
138.444625850	276
138.714557823	277
138.954013605	278
139.245714286	279
139.493877551	280
139.811700680	281
140.138231293	282
140.429931973	283
140.682448980	284
140.921904762	285
141.217959184	286
141.494013605	287
141.676553288	288
141.926167800	289
142.236938776	290
142.484897959	291
142.728707483	292
142.982675737	293
143.267120181	294
143.510929705	295
143.766349206	296
144.044988662	297
144.343945578	298
144.670476190	299
144.983945578	300
145.941768707	301
146.237823129	302
146.490340136	303
146.847346939	304
147.813877551	305
148.249251701	306
148.683174603	307
149.102585034	308
149.446530612	309
149.707755102	310
149.968979592	311
150.234557823	312
150.487074830	313
150.730884354	314
150.970340136	315
151.231496599	316
151.481179138	317
151.932517007	318
152.185034014	319
152.468027211	320
152.733605442	321
153.003537415	322
153.242993197	323
153.454875283	324
153.698684807	325
154.030136054	326
154.261768707	327
154.531700680	328
154.819047619	329
155.254421769	330
155.689795918	331
156.029387755	332
156.329795918	333
156.554739229	334
156.850861678	335
157.104761905	336
157.380045351	337
157.630181406	338
157.866666667	339
158.151111111	340
158.384761905	341
158.714195011	342
158.975419501	343
159.381768707	344
159.629931973	345
159.886802721	346
160.126258503	347
160.404897959	348
160.670476190	349
160.931700680	350
161.166802721	351
161.449795918	352
161.695238095	353
161.950476190	354
162.229115646	355
162.503401361	356
162.731247166	357
162.986666667	358
163.247891156	359
163.517823129	360
163.781950113	361
164.131700680	362
165.537959184	363
165.864489796	364
166.156190476	365
166.382585034	366
166.638004535	367
166.939863946	368
167.334603175	369
167.771428571	370
168.037006803	371
168.289523810	372
168.495600907	373
168.825034014	374
169.071791383	375
169.330068027	376
169.563718821	377
169.877188209	378
170.150022676	379
170.435918367	380
170.762448980	381
171.115102041	382
171.371972789	383
171.633197279	384
171.872653061	385
172.054058957	386
172.216598639	387
172.438639456	388
172.768072562	389
172.995918367	390
173.217959184	391
173.492244898	392
173.766530612	393
174.091609977	394
174.428299320	395
174.683718821	396
174.959455782	397
175.200362812	398
175.499319728	399
175.764897959	400
176.007256236	401
176.269931973	402
176.549160998	403
176.822857143	404
177.092789116	405
177.462857143	406
177.785034014	407
178.076734694	408
178.320544218	409
178.586122449	410
178.787845805	411
179.020045351	412
179.217414966	413
179.513469388	414
179.796462585	415
180.567074830	416
180.971972789	417
181.342040816	307
181.667120181	308
182.082176871	309
182.382585034	310
182.632698413	311
182.891972789	312
183.153197279	313
183.405714286	314
183.666938776	315
183.923809524	316
184.209705215	317
184.558004535	318
184.912108844	319
185.290884354	320
185.569523810	321
185.753832200	322
186.070204082	323
186.305306122	324
186.588299320	325
186.876394558	326
187.158639456	327
187.459047619	328
187.877006803	329
188.386394558	330
188.772426304	331
189.226666667	332
189.556099773	333
189.862312925	334
190.132244898	335
190.384761905	336
190.653242630	337
190.972517007	338
191.181496599	339
191.475147392	340
191.747482993	341
192.039183673	342
192.352653061	343
192.667573696	344
192.994829932	345
193.266938776	346
193.523809524	347
193.798095238	348
194.031746032	349
194.364081633	350
194.607891156	351
194.877823129	352
195.125986395	353
195.374149660	354
195.644081633	355
195.900952381	356
196.179591837	357
196.432108844	358
196.675918367	359
196.980680272	360
197.289795918	361
197.594557823	362
198.979047619	363
199.353469388	364
199.614693878	365
199.884625850	366
200.138594104	367
200.494149660	368
200.835192744	369
201.273469388	370
201.560816327	371
201.830748299	372
202.065850340	373
202.405442177	374
202.697142857	375
202.954013605	376
203.250068027	377
203.538344671	378
203.802993197	379
204.064217687	380
204.395102041	381
204.751836735	382
205.038004535	383
205.291972789	384
205.525623583	385
205.722993197	386
205.931972789	387
206.111927438	388
206.463129252	389
206.733061224	390
207.021428571	391
207.303401361	392
207.551564626	393
207.896303855	394
208.243809524	395
208.500680272	396
208.753197279	397
208.973786848	398
209.293061224	399
209.554285714	400
209.802448980	401
210.076734694	402
210.355374150	403
210.638367347	404
210.921882086	405
211.220317460	406
211.543945578	407
211.816462585	408
212.070748299	409
212.310204082	410
212.520634921	411
212.683174603	412
212.834104308	413
213.159183673	414
213.459591837	415
213.983492063	416
214.186666667	417
214.343401361	418
214.476916100	419
214.831020408	420
215.051609977	421
215.556643991	422
215.759818594	423
215.951383220	424
216.185034014	425
216.450612245	426
216.994829932	427
217.251700680	428
217.573877551	429
217.797369615	430
218.409795918	431
219.920544218	432
221.474829932	433
226.960544218	1
227.496054422	2
228.149115646	3
228.358095238	4
228.567074830	5
228.819591837	6
229.263673469	7
229.725170068	8
230.212789116	9
230.874557823	10
231.092244898	11
231.301224490	12
231.540680272	13
231.967346939	14
232.433197279	15
232.916462585	16
233.598866213	17
233.813333333	18
234.013605442	19
234.244353741	20
234.900929705	21
235.132743764	22
235.332993197	23
235.568095238	24
236.227777778	25
236.429931973	26
236.673310658	27
236.887074830	28
237.116190476	29
237.335510204	30
237.762176871	31
238.241088435	32
239.307755102	33
239.551564626	34
239.751836735	35
240.002403628	36
240.195918367	37
240.657414966	38
241.153741497	39
242.072380952	40
242.313446712	41
242.533877551	42
243.452517007	43
243.697732426	44
243.961904762	45
245.180952381	46
245.437823129	47
245.663560091	48
245.912380952	49
246.112653061	50
246.582857143	51
247.074829932	52
247.309727891	53
247.514557823	54
247.719183673	55
247.928163265	56
248.367414966	57
248.597392290	58
248.859863946	59
249.072743764	60
249.282176871	61
249.748027211	62
249.966326531	63
250.179047619	64
250.401088435	65
250.614421769	66
251.036734694	67
251.311020408	68
251.528707483	69
251.746394558	70
251.985850340	71
252.442993197	72
252.665034014	73
252.898321995	74
253.113469388	75
253.326802721	76
253.775238095	77
254.019047619	78
254.254149660	79
254.654693878	80
255.129251701	81
255.331179138	82
255.564625850	83
255.982585034	84
256.396190476	85
256.822857143	86
257.249523810	87
257.761723356	88
258.257913832	89
258.708027211	90
259.147755102	91
259.570068027	92
259.988027211	93
260.453877551	94
260.948956916	95
261.389931973	96
261.855782313	97
262.347755102	98
262.761360544	99
263.235918367	100
263.807709751	101
265.695782313	102
266.200816327	103
266.919183673	104
267.141224490	105
267.337142857	106
267.582222222	107
268.081632653	108
268.528095238	109
268.982857143	110
269.688163265	111
269.910204082	112
270.097414966	113
270.371700680	114
270.829659864	115
271.303401361	116
271.857936508	117
272.544217687	118
272.757551020	119
272.921541950	120
273.214693878	121
273.703832200	122
274.137687075	123
274.651428571	124
274.876643991	125
275.104217687	126
275.284172336	127
275.513469388	128
275.713741497	129
275.957551020	130
276.514829932	131
276.971972789	132
278.482721088	133
278.957278912	134
279.462312925	135
279.893333333	136
280.372244898	137
281.060136054	138
281.260408163	139
281.745124717	140
282.218231293	141
282.636190476	142
283.189115646	143
284.020680272	144
284.442993197	145
284.930612245	146
285.374693878	147
285.888435374	148
286.524081633	149
286.706938776	150
287.207619048	151
287.734421769	152
288.139319728	153
288.626938776	154
289.502040816	155
289.959183673	156
290.209909297	157
290.442448980	158
290.842993197	159
291.348027211	160
292.149115646	161
292.601904762	162
292.849002268	163
293.059365079	164
293.507482993	165
294.073469388	166
295.009523810	167
295.531972789	168
296.572517007	169
297.016598639	170
297.865578231	171
298.346077098	172
299.293605442	173
299.789931973	174
300.569251701	175
300.965442177	176
301.862290249	177
302.258503401	178
302.702585034	179
303.098775510	180
303.499319728	181
303.965170068	182
304.378775510	183
304.788027211	184
306.943129252	185
307.496054422	186
308.149115646	187
308.371156463	188
308.584489796	189
308.837006803	190
309.281088435	191
309.712108844	192
310.217142857	193
310.861496599	194
311.079183673	195
311.275102041	196
311.527619048	197
311.967346939	198
312.433537415	199
312.877278912	200
313.552108844	201
313.769795918	202
313.970068027	203
314.244353741	204
314.914829932	205
315.132517007	206
315.341496599	207
315.615782313	208
316.286258503	209
316.521360544	210
316.745442177	211
317.039546485	212
317.322448980	213
317.535782313	214
317.979863946	215
318.419591837	216
319.483650794	217
319.747482993	218
319.986938776	219
320.262018141	220
320.478911565	221
320.940408163	222
321.397551020	223
322.002721088	224
322.377142857	225
322.638367347	226
322.877823129	227
323.170158730	228
323.406893424	229
323.657142857	230
324.131700680	231
324.379863946	232
324.610612245	233
325.080816327	234
325.324625850	235
325.577142857	236
326.125714286	237
327.405714286	238
328.324353741	239
329.438911565	240
330.518639456	241
331.297959184	242