3.027301587	0.88381	1.1
3.911111111	0.660317	1.2
4.571428571	0.609524	1.3
5.180952381	0.671156	1.4
5.852108844	0.643673	2.1
6.495782313	0.670476	2.2
7.166258503	0.626939	2.3
7.793197279	0.600816	2.4
8.394013605	0.624082	3.1
9.018095238	0.629796	3.2
9.647891156	0.618231	3.3
10.266122449	0.661769	3.4
10.927891156	0.722721	4.1
11.650612245	0.731429	4.2
12.382040816	0.809796	4.3
13.191836735	0.670476	4.4
13.862312925	0.644354	5.1
14.506666667	0.626939	5.2
15.133605442	0.618231	5.3
15.751836735	0.645374	5.4
16.397210884	0.599796	6.1
16.997006803	0.583401	6.2
17.580408163	0.626939	6.3
18.207346939	0.635646	6.4
18.842993197	0.679184	7.1
19.522176871	0.722721	7.2
20.244897959	0.705306	7.3
20.950204082	0.766258	7.4
21.716462585	0.722721	8.1
22.439183673	0.653061	8.2
23.092244898	0.722721	8.3
23.814965986	0.675941	8.4
24.490907029	0.621474	9.1
25.112380952	0.644354	9.2
25.756734694	0.626939	9.3
26.383673469	0.600816	9.4
26.984489796	0.592109	10.1
27.576598639	0.592109	10.2
28.168707483	0.774966	10.3
28.943673469	0.705306	10.4
29.648979592	0.574694	11.1
30.223673469	0.635646	11.2
30.859319728	0.574694	11.3
31.434013605	0.583401	11.4
32.017414966	0.653061	12.1
32.670476190	0.714014	12.2
33.384489796	0.740136	12.3
34.124625850	0.696599	12.4
34.821224490	0.618231	13.1
35.439455782	0.618231	13.2
36.057687075	0.539864	13.3
36.597551020	0.552109	13.4
37.149659864	0.536327	14.1
37.685986395	0.661769	14.2
38.347755102	0.487619	14.3
38.835374150	0.574694	14.4
39.410068027	0.531156	15.1
39.941224490	0.583401	15.2
40.524625850	0.557279	15.3
41.081904762	0.600816	15.4
41.682721088	0.531156	16.1
42.213877551	0.621088	16.2
42.834965986	0.589252	16.3
43.424217687	0.809796	16.4
44.234013605	0.896871	17.1
45.130884354	0.705306	17.2
45.836190476	0.653061	17.3
46.489251701	0.827211	17.4
47.316462585	0.600816	18.1
47.917278912	0.478912	18.2
48.396190476	0.545261	18.3
48.941451247	0.534467	18.4
49.475918367	0.491655	19.1
49.967573696	0.518413	19.2
50.485986395	0.583401	19.3
51.069387755	0.559864	19.4
51.629251701	0.711429	20.1
52.340680272	0.548571	20.2
52.889251701	0.635646	20.3
53.524897959	0.801973	20.4
54.326870748	0.608639	21.1
54.935510204	0.565986	21.2
55.501496599	0.522449	21.3
56.023945578	0.679184	21.4
56.703129252	0.548571	22.1
57.251700680	0.539864	22.2
57.791564626	0.613946	22.3
58.405510204	0.57898	22.4
58.984489796	0.618231	23.1
59.602721088	0.513741	23.2
60.116462585	0.522449	23.3
60.638911565	0.600816	23.4
61.239727891	0.55898	24.1
61.798707483	0.520748	24.2
62.319455782	0.600816	24.3
62.920272109	0.498458	24.4
63.418730159	0.537732	25.1
63.956462585	0.461497	25.2
64.417959184	0.496327	25.3
64.914285714	0.531156	25.4
65.445442177	0.523673	26.1
65.969115646	0.511678	26.2
66.480793651	0.484762	26.3
66.965555556	0.595805	26.4
67.561360544	0.57068	27.1
68.132040816	0.43068	27.2
68.562721088	0.478912	27.3
69.041632653	0.496327	27.4
69.537959184	0.483447	28.1
70.021405896	0.474376	28.2
70.495782313	0.565986	28.3
71.061768707	0.505034	28.4
71.566802721	0.626939	29.1
72.193741497	0.441429	29.2
72.635170068	0.420612	29.3
73.055782313	0.618231	29.4
73.674013605	0.644354	30.1
74.318367347	0.430476	30.2
74.748843537	0.461542	30.3
75.210385488	0.536009	30.4
75.746394558	0.548571	31.1
76.294965986	0.487619	31.2
76.782585034	0.565986	31.3
77.348571429	0.609524	31.4
77.958095238	0.539864	32.1
78.497959184	0.670476	32.2
79.168435374	0.626939	32.3
79.795374150	0.574694	32.4
80.370068027	0.626939	33.1
80.997006803	0.661769	33.2
81.658775510	0.722721	33.3
82.381496599	0.949116	33.4
83.330612245	0.705306	34.1
84.035918367	0.512562	34.2
84.548480726	0.507302	34.3
85.055782313	0.66068	34.4
85.716462585	0.512676	35.1
86.229138322	0.61059	35.2
86.839727891	0.496327	35.3
87.336054422	0.546054	35.4
87.882108844	0.568503	36.1
88.450612245	0.522449	36.2
88.973061224	0.487619	36.3
89.460680272	0.653061	36.4
90.113741497	0.583401	37.1
90.697142857	0.679184	37.2
91.376326531	0.487619	37.3
91.863945578	0.696599	37.4
92.560544218	0.626939	38.1
93.187482993	0.522449	38.2
93.709931973	0.513741	38.3
94.223673469	0.506576	38.4
94.730249433	0.520907	39.1
95.251156463	0.539864	39.2
95.791020408	0.490658	39.3
96.281678005	0.580363	39.4
96.862040816	0.661769	40.1
97.523809524	0.496327	40.2
98.020136054	0.496961	40.3
98.517097506	0.643719	40.4
99.160816327	0.661769	41.1
99.822585034	0.548571	41.2
100.371156463	0.548571	41.3
100.919727891	0.853333	41.4
101.773061224	0.644354	42.1
102.417414966	0.513741	42.2
102.931156463	0.478912	42.3
103.410068027	0.583401	42.4
103.993469388	0.565986	43.1
104.559455782	0.539864	43.2
105.099319728	0.478912	43.3
105.578231293	0.574694	43.4
106.152925170	0.548571	44.1
106.701496599	0.522449	44.2
107.223945578	0.470204	44.3
107.694149660	0.653061	44.4
108.347210884	0.592109	45.1
108.939319728	0.487619	45.2
109.426938776	0.487619	45.3
109.914557823	0.679184	45.4
110.593741497	0.600816	46.1
111.194557823	0.461497	46.2
111.656054422	0.470204	46.3
112.126258503	0.505034	46.4
112.631292517	0.496327	47.1
113.127619048	0.461497	47.2
113.589115646	0.443787	47.3
114.032902494	0.592404	47.4
114.625306122	0.574694	48.1
115.200000000	0.435147	48.2
115.635147392	0.444308	48.3
116.079455782	0.513923	48.4
116.593378685	0.496145	49.1
117.089523810	0.435374	49.2
117.524897959	0.513741	49.3
118.038639456	0.679184	49.4
118.717823129	0.653061	50.1
119.370884354	0.461497	50.2
119.832380952	0.470204	50.3
120.302585034	0.444082	50.4
120.746666667	0.513741	51.1
121.260408163	0.42093	51.2
121.681337868	0.403061	51.3
122.084399093	0.499297	51.4
122.583696145	0.618481	52.1
123.202176871	0.426667	52.2
123.628843537	0.409252	52.3
124.038095238	0.478912	52.4
124.517006803	0.513741	53.1
125.030748299	0.400567	53.2
125.431315193	0.470181	53.3
125.901496599	0.565986	53.4
126.467482993	0.514717	54.1
126.982199546	0.426349	54.2
127.408548753	0.478254	54.3
127.886802721	0.437098	54.4
128.323900227	0.564263	55.1
128.888163265	0.430771	55.2
129.318934240	0.492222	55.3
129.811156463	0.426667	55.4
130.237823129	0.47195	56.1
130.709773243	0.416213	56.2
131.125986395	0.539864	56.3
131.665850340	0.522449	56.4
132.188299320	0.600816	57.1
132.789115646	0.487619	57.2
133.276734694	0.626939	57.3
133.903673469	0.774966	57.4
134.678639456	0.585964	58.1
135.264603175	0.589547	58.2
135.854149660	0.460408	58.3
136.314557823	0.466236	58.4
136.780793651	0.562336	59.1
137.343129252	0.470204	59.2
137.813333333	0.487619	59.3
138.300952381	0.487619	59.4
138.788571429	0.557279	60.1
139.345850340	0.491905	60.2
139.837755102	0.570408	60.3
140.408163265	0.542336	60.4
140.950498866	0.528685	61.1
141.479183673	0.60102	61.2
142.080204082	0.635442	61.3
142.715646259	0.801088	61.4
143.516734694	0.583401	62.1
144.100136054	0.548571	62.2
144.648707483	0.565986	62.3
145.214693878	0.496327	62.4
145.711020408	0.518277	63.1
146.229297052	0.587574	63.2
146.816870748	0.618231	63.3
147.435102041	0.600816	63.4
148.035918367	0.583401	64.1
148.619319728	0.505034	64.2
149.124353741	0.496327	64.3
149.620680272	0.505034	64.4
150.125714286	0.505034	65.1
150.630748299	0.557279	65.2
151.188027211	0.592109	65.3
151.780136054	0.670476	65.4
152.450612245	0.740136	66.1
153.190748299	0.801088	66.2
153.991836735	0.705306	66.3
154.697142857	0.696599	66.4
155.393741497	0.592109	67.1
155.985850340	0.557279	67.2
156.543129252	0.564626	67.3
157.107755102	0.645714	67.4
157.753469388	0.574694	68.1
158.328163265	0.517483	68.2
158.845646259	0.605782	68.3
159.451428571	0.565986	68.4
160.017414966	0.522449	69.1
160.539863946	0.548571	69.2
161.088435374	0.539864	69.3
161.628299320	0.722721	69.4
162.351020408	0.592109	70.1
162.943129252	0.609524	70.2
163.552653061	0.606236	70.3
164.158888889	0.623492	70.4
164.782380952	0.587937	71.1
165.370317460	0.586667	71.2
165.956984127	0.639705	71.3
166.596689342	0.865624	71.4
167.462312925	0.644354	72.1
168.106666667	0.609524	72.2
168.716190476	0.626939	72.3
169.343129252	0.635646	72.4
169.978775510	0.513741	73.1
170.492517007	0.731429	73.2
171.223945578	0.661769	73.3
171.885714286	0.714014	73.4
172.599727891	0.618231	74.1
173.217959184	0.600816	74.2
173.818775510	0.635646	74.3
174.454421769	0.583401	74.4
175.037823129	0.65229	75.1
175.690113379	0.607687	75.2
176.297800454	0.638254	75.3
176.936054422	0.862041	75.4
177.798095238	0.853333	76.1
178.651428571	0.563673	76.2
179.215102041	1.0385	76.3
180.253605442	0.879456	76.4
181.133061224	0.957823	77.1
182.090884354	0.940408	77.2
183.031292517	1.14939	77.3
184.180680272	0.766258	77.4
184.946938776	0.687891	78.1
185.634829932	0.600816	78.2
186.235646259	0.644354	78.3
186.880000000	0.687891	78.4
187.567891156	0.644354	79.1
188.212244898	0.618231	79.2
188.830476190	0.609524	79.3
189.440000000	0.618231	79.4
190.058231293	0.583401	80.1
190.641632653	0.661769	80.2
191.303401361	0.600816	80.3
191.904217687	0.626939	80.4
192.531156463	0.618231	81.1
193.149387755	0.609524	81.2
193.758911565	0.592109	81.3
194.351020408	0.618231	81.4
194.969251701	0.644354	82.1
195.613605442	0.653061	82.2
196.266666667	0.670476	82.3
196.937142857	0.766258	82.4
197.703401361	0.644354	83.1
198.347755102	0.592109	83.2
198.939863946	0.583401	83.3
199.523265306	0.592109	83.4
200.115374150	0.548571	84.1
200.663945578	0.661769	84.2
201.325714286	0.661769	84.3
201.987482993	0.835918	84.4
202.823401361	0.714014	85.1
203.537414966	0.635646	85.2
204.173061224	0.626939	85.3
204.800000000	0.644354	85.4
205.444353741	0.626939	86.1
206.071292517	0.644354	86.2
206.715646259	0.644354	86.3
207.360000000	0.670476	86.4
208.030476190	0.653061	87.1
208.683537415	0.653061	87.2
209.336598639	0.635646	87.3
209.972244898	0.635646	87.4
210.607891156	0.635646	88.1
211.243537415	0.653061	88.2
211.896598639	0.618594	88.3
212.515192744	0.617868	88.4
213.133061224	0.626939	89.1
213.760000000	0.714014	89.2
214.474013605	0.653061	89.3
215.127074830	0.783673	89.4
215.910748299	0.714014	90.1
216.624761905	0.679184	90.2
217.303945578	0.827211	90.3
218.131156463	0.879456	90.4
219.010612245	0.870748	1.1
219.881360544	0.670476	1.2
220.551836735	0.548571	1.3
221.100408163	0.696304	1.4
221.796712018	0.609819	2.1
222.406530612	0.687891	2.2
223.094421769	0.661769	2.3
223.756190476	0.722721	2.4
224.478911565	0.565986	3.1
225.044897959	0.644354	3.2
225.689251701	0.574694	3.3
226.263945578	0.644354	3.4
226.908299320	0.653061	4.1
227.561360544	0.748844	4.2
228.310204082	0.792381	4.3
229.102585034	0.653061	4.4
229.755646259	0.609524	5.1
230.365170068	0.609705	5.2
230.974875283	0.58322	5.3
231.558095238	0.644354	5.4
232.202448980	0.565986	6.1
232.768435374	0.618299	6.2
233.386734694	0.652993	6.3
234.039727891	0.679184	6.4
234.718911565	0.783673	7.1
235.502585034	0.716735	7.2
236.219319728	0.763537	7.3
236.982857143	0.801088	7.4
237.783945578	0.722721	8.1
238.506666667	0.731429	8.2
239.238095238	0.792381	8.3
240.030476190	0.665782	8.4
240.696258503	0.67517	9.1
241.371428571	0.600816	9.2
241.972244898	0.552721	9.3
242.524965986	0.573424	9.4
243.098390023	0.615351	10.1
243.713741497	0.592109	10.2
244.305850340	0.687891	10.3
244.993741497	0.670476	10.4
245.664217687	0.565986	11.1
246.230204082	0.635646	11.2
246.865850340	0.557279	11.3
247.423129252	0.565986	11.4
247.989115646	0.626939	12.1
248.616054422	0.731429	12.2
249.347482993	0.670476	12.3
250.017959184	0.613311	12.4
250.631269841	0.656417	13.1
251.287687075	0.637211	13.2
251.924897959	0.53907	13.3
252.463968254	0.60161	13.4
253.065578231	0.531156	14.1
253.596734694	0.553605	14.2
254.150340136	0.560952	14.3
254.711292517	0.534671	14.4
255.245963719	0.576712	15.1
255.822675737	0.577868	15.2
256.400544218	0.487619	15.3
256.888163265	0.615986	15.4
257.504149660	0.537483	16.1
258.041632653	0.61415	16.2
258.655782313	0.531156	16.3
259.186938776	0.801088	16.4
259.988027211	0.905578	17.1
260.893605442	0.766258	17.2
261.659863946	0.653061	17.3
262.312925170	0.635646	17.4
262.948571429	0.513741	18.1
263.462312925	0.452789	18.2
263.915102041	0.513741	18.3
264.428843537	0.574694	18.4
265.003537415	0.644354	19.1
265.647891156	0.531156	19.2
266.179047619	0.522449	19.3
266.701496599	0.661769	19.4
267.363265306	0.618231	20.1
267.981496599	0.557279	20.2
268.538775510	0.600816	20.3
269.139591837	0.722721	20.4
269.862312925	0.626939	21.1
270.489251701	0.557279	21.2
271.046530612	0.505034	21.3
271.551564626	0.653061	21.4
272.204625850	0.592109	22.1
272.796734694	0.539864	22.2
273.336598639	0.539864	22.3
273.876462585	0.653061	22.4
274.529523810	0.609524	23.1
275.139047619	0.531156	23.2
275.670204082	0.482449	23.3
276.152653061	0.666939	23.4
276.819591837	0.635646	24.1
277.455238095	0.446621	24.2
277.901859410	0.546032	24.3
278.447891156	0.542063	24.4
278.989954649	0.617166	25.1
279.607120181	0.429728	25.2
280.036848073	0.509138	25.3
280.545986395	0.510839	25.4
281.056825397	0.500363	26.1
281.557188209	0.573968	26.2
282.131156463	0.470204	26.3
282.601360544	0.529002	26.4
283.130362812	0.620385	27.1
283.750748299	0.421156	27.2
284.171904762	0.462313	27.3
284.634217687	0.53585	27.4
285.170068027	0.452222	28.1
285.622290249	0.466939	28.2
286.089229025	0.543696	28.3
286.632925170	0.618231	28.4
287.251156463	0.583401	29.1
287.834557823	0.426667	29.2
288.261224490	0.487619	29.3
288.748843537	0.644354	29.4
289.393197279	0.679184	30.1
290.072380952	0.426667	30.2
290.499047619	0.470204	30.3
290.969251701	0.487619	30.4
291.456870748	0.565986	31.1
292.022857143	0.470204	31.2
292.493061224	0.56585	31.3
293.058911565	0.57483	31.4
293.633741497	0.653061	32.1
294.286802721	0.583401	32.2
294.870204082	0.635646	32.3
295.505850340	0.626939	32.4
296.132789116	0.592109	33.1
296.724897959	0.644354	33.2
297.369251701	0.783673	33.3
298.152925170	0.896871	33.4
299.049795918	0.740136	34.1
299.789931973	0.478912	34.2
300.268843537	0.522449	34.3
300.791292517	0.679184	34.4
301.470476190	0.522449	35.1
301.992925170	0.609524	35.2
302.602448980	0.496327	35.3
303.098775510	0.600816	35.4
303.699591837	0.557279	36.1
304.256870748	0.531156	36.2
304.788027211	0.477755	36.3
305.265782313	0.71517	36.4
305.980952381	0.609524	37.1
306.590476190	0.583401	37.2
307.173877551	0.531156	37.3
307.705034014	0.714014	37.4
308.419047619	0.609524	38.1
309.028571429	0.505034	38.2
309.533605442	0.539864	38.3
310.073469388	0.531156	38.4
310.604625850	0.505034	39.1
311.109659864	0.505034	39.2
311.614693878	0.496327	39.3
312.111020408	0.609524	39.4
312.720544218	0.609524	40.1
313.330068027	0.472925	40.2
313.802993197	0.484898	40.3
314.287891156	0.740136	40.4
315.028027211	0.644354	41.1
315.672380952	0.513741	41.2
316.186122449	0.557279	41.3
316.743401361	0.835918	41.4
317.579319728	0.661769	42.1
318.241088435	0.565986	42.2
318.807074830	0.452789	42.3
319.259863946	0.574694	42.4
319.834557823	0.548571	43.1
320.383129252	0.539864	43.2
320.922993197	0.522449	43.3
321.445442177	0.583401	43.4
322.028843537	0.539864	44.1
322.568707483	0.452789	44.2
323.021496599	0.466712	44.3
323.488208617	0.630431	44.4
324.118639456	0.600816	45.1
324.719455782	0.548571	45.2
325.268027211	0.452789	45.3
325.720816327	0.635646	45.4
326.356462585	0.644354	46.1
327.000816327	0.452789	46.2
327.453605442	0.478912	46.3
327.932517007	0.505034	46.4
328.437551020	0.531156	47.1
328.968707483	0.487619	47.2
329.456326531	0.435374	47.3
329.891700680	0.531156	47.4
330.422857143	0.609524	48.1
331.032380952	0.452789	48.2
331.485170068	0.435374	48.3
331.920544218	0.522449	48.4
332.442993197	0.487619	49.1
332.930612245	0.496327	49.2
333.426938776	0.487619	49.3
333.914557823	0.748844	49.4
334.663401361	0.670476	50.1
335.333877551	0.478912	50.2
335.812789116	0.478912	50.3
336.291700680	0.487619	50.4
336.779319728	0.500612	51.1
337.279931973	0.433333	51.2
337.713265306	0.476667	51.3
338.189931973	0.452789	51.4
338.642721088	0.635646	52.1
339.278367347	0.435374	52.2
339.713741497	0.426667	52.3
340.140408163	0.496327	52.4
340.636734694	0.478912	53.1
341.115646259	0.435374	53.2
341.551020408	0.513741	53.3
342.064761905	0.618231	53.4
342.682993197	0.565986	54.1
343.248979592	0.427324	54.2
343.676303855	0.530499	54.3
344.206802721	0.450454	54.4
344.657256236	0.594444	55.1
345.251700680	0.417959	55.2
345.669659864	0.461497	55.3
346.131156463	0.478912	55.4
346.610068027	0.485261	56.1
347.095328798	0.429025	56.2
347.524353741	0.531156	56.3
348.055510204	0.461497	56.4
348.517006803	0.565986	57.1
349.082993197	0.513741	57.2
349.596734694	0.731429	57.3
350.328163265	0.774966	57.4
351.103129252	0.618413	58.1
351.721541950	0.591927	58.2
352.313469388	0.471701	58.3
352.785170068	0.511769	58.4
353.296938776	0.571655	59.1
353.868594104	0.438889	59.2
354.307482993	0.511859	59.3
354.819342404	0.533039	59.4
355.352380952	0.531156	60.1
355.883537415	0.486712	60.2
356.370249433	0.558186	60.3
356.928435374	0.546259	60.4
357.474693878	0.568299	61.1
358.042993197	0.583401	61.2
358.626394558	0.609524	61.3
359.235918367	0.765034	61.4
360.000952381	0.610748	62.1
360.611700680	0.541088	62.2
361.152789116	0.538141	62.3
361.690929705	0.51424	62.4
362.205170068	0.528934	63.1
362.734104308	0.594331	63.2
363.328435374	0.628685	63.3
363.957120181	0.590363	63.4
364.547482993	0.626939	64.1
365.174421769	0.505034	64.2
365.679455782	0.513741	64.3
366.193197279	0.505034	64.4
366.698231293	0.522449	65.1
367.220680272	0.541247	65.2
367.761927438	0.582018	65.3
368.343945578	0.661769	65.4
369.005714286	0.757551	66.1
369.763265306	0.818503	66.2
370.581768707	0.618798	66.3
371.200566893	0.635079	66.4
371.835646259	0.557279	67.1
372.392925170	0.626939	67.2
373.019863946	0.548571	67.3
373.568435374	0.626939	67.4
374.195374150	0.592109	68.1
374.787482993	0.532109	68.2
375.319591837	0.522608	68.3
375.842199546	0.551497	68.4
376.393696145	0.56195	69.1
376.955646259	0.548571	69.2
377.504217687	0.531156	69.3
378.035374150	0.722721	69.4
378.758095238	0.670476	70.1
379.428571429	0.574694	70.2
380.003265306	0.565986	70.3
380.569251701	0.612834	70.4
381.182086168	0.65551	71.1
381.837596372	0.632245	71.2
382.469841270	0.641995	71.3
383.111836735	0.844626	71.4
383.956462585	0.609864	72.1
384.566326531	0.626599	72.2
385.192925170	0.696599	72.3
385.889523810	0.635646	72.4
386.525170068	0.626939	73.1
387.152108844	0.661769	73.2
387.813877551	0.679184	73.3
388.493061224	0.635646	73.4
389.128707483	0.618231	74.1
389.746938776	0.626939	74.2
390.373877551	0.600816	74.3
390.974693878	0.635646	74.4
391.610340136	0.623129	75.1
392.233469388	0.661451	75.2
392.894920635	0.665896	75.3
393.560816327	1.01007	75.4
394.570884354	0.862041	76.1
395.432925170	0.757551	76.2
396.190476190	0.792381	76.3
396.982857143	0.975238	76.4
397.958095238	1.00136	77.1
398.959455782	1.00136	77.2
399.960816327	1.07102	77.3
401.031836735	0.774966	77.4
401.806802721	0.705306	78.1
402.512108844	0.625601	78.2
403.137709751	0.645692	78.3
403.783401361	0.740136	78.4
404.523537415	0.644354	79.1
405.167891156	0.609524	79.2
405.777414966	0.600816	79.3
406.378231293	0.609524	79.4
406.987755102	0.609524	80.1
407.597278912	0.653061	80.2
408.250340136	0.600816	80.3
408.851156463	0.679184	80.4
409.530340136	0.618231	81.1
410.148571429	0.618231	81.2
410.766802721	0.653061	81.3
411.419863946	0.644354	81.4
412.064217687	0.661769	82.1
412.725986395	0.613719	82.2
413.339705215	0.692404	82.3
414.032108844	0.801088	82.4
414.833197279	0.661769	83.1
415.494965986	0.565986	83.2
416.060952381	0.583401	83.3
416.644353741	0.592109	83.4
417.236462585	0.609524	84.1
417.845986395	0.609524	84.2
418.455510204	0.661769	84.3
419.117278912	0.835918	84.4
419.953197279	0.740136	85.1
420.693333333	0.635646	85.2
421.328979592	0.633583	85.3
421.962562358	0.63771	85.4
422.600272109	0.644354	86.1
423.244625850	0.635646	86.2
423.880272109	0.617936	86.3
424.498208617	0.670771	86.4
425.168979592	0.588118	87.1
425.757097506	0.639637	87.2
426.396734694	0.722721	87.3
427.119455782	0.626939	87.4
427.746394558	0.631905	88.1
428.378299320	0.653673	88.2
429.031972789	0.621361	88.3
429.653333333	0.687891	88.4
430.341224490	0.792381	89.1
431.133605442	0.635646	89.2
431.769251701	0.653061	89.3
432.422312925	0.626939	89.4
433.049251701	0.626939	90.1
433.676190476	0.670476	90.2
434.346666667	0.644354	90.3
434.991020408	0.853333	90.4
435.844353741	0.670476	91.1
436.514829932	0.644354	91.2
437.159183673	0.573084	91.3
437.732267574	0.724331	91.4
438.456598639	0.651633	92.1
439.108231293	0.68932	92.2
439.797551020	0.557279	92.3
440.354829932	0.696599	92.4
441.051428571	0.705306	93.1
441.756734694	0.612585	93.2
442.369319728	0.597755	93.3
442.967074830	0.731429	93.4
443.698503401	0.600816	94.1
444.299319728	0.574014	94.2
444.873333333	0.557959	94.3
445.431292517	0.609524	94.4
446.040816327	0.583401	95.1
446.624217687	0.531156	95.2
447.155374150	0.600816	95.3
447.756190476	0.531156	95.4
448.287346939	0.626939	96.1
448.914285714	0.513741	96.2
449.428027211	0.583401	96.3
450.011428571	0.574694	96.4
450.586122449	0.600816	97.1
451.186938776	0.539864	97.2
451.726802721	0.574694	97.3
452.301496599	0.592109	97.4
452.893605442	0.574694	98.1
453.468299320	0.557279	98.2
454.025578231	0.670476	98.3
454.696054422	0.609524	98.4
455.305578231	0.557279	99.1
455.862857143	0.557279	99.2
456.420136054	0.565986	99.3
456.986122449	0.609524	99.4
457.595646259	0.565986	100.1
458.161632653	0.626939	100.2
458.788571429	0.574694	100.3
459.363265306	0.696599	100.4
460.059863946	0.679184	101.1
460.739047619	0.592109	101.2
461.331156463	0.600816	101.3
461.931972789	0.696599	101.4
462.628571429	0.618231	102.1
463.246802721	0.618231	102.2
463.865034014	0.600816	102.3
464.465850340	0.661678	102.4
465.127528345	0.644444	103.1
465.771972789	0.551565	103.2
466.323537415	0.569615	103.3
466.893151927	0.56551	103.4
467.458662132	0.577256	104.1
468.035918367	0.609524	104.2
468.645442177	0.546395	104.3
469.191836735	0.681361	104.4
469.873197279	0.565986	105.1
470.439183673	0.565986	105.2
471.005170068	0.548571	105.3
471.553741497	0.644354	105.4
472.198095238	0.516145	106.1
472.714240363	0.615828	106.2
473.330068027	0.635646	106.3
473.965714286	0.766258	106.4
474.731972789	0.609524	107.1
475.341496599	0.592109	107.2
475.933605442	0.557279	107.3
476.490884354	0.687891	107.4
477.178775510	0.618231	108.1
477.797006803	0.583401	108.2
478.380408163	0.565986	108.3
478.946394558	0.705306	108.4
479.651700680	0.644354	109.1
480.296054422	0.557279	109.2
480.853333333	0.618231	109.3
481.471564626	0.644354	109.4
482.115918367	0.600816	110.1
482.716734694	0.565986	110.2
483.282721088	0.592109	110.3
483.874829932	0.687891	110.4
484.562721088	0.522449	111.1
485.085170068	0.557279	111.2
485.642448980	0.539864	111.3
486.182312925	0.539864	111.4
486.722176871	0.574694	112.1
487.296870748	0.565986	112.2
487.862857143	0.508027	112.3
488.370884354	0.580408	112.4
488.951292517	0.539864	113.1
489.491156463	0.548571	113.2
490.039727891	0.505034	113.3
490.544761905	0.557279	113.4
491.102040816	0.557279	114.1
491.659319728	0.487619	114.2
492.146938776	0.531156	114.3
492.678095238	0.531156	114.4
493.209251701	0.565986	115.1
493.775238095	0.531156	115.2
494.306394558	0.522449	115.3
494.828843537	0.548571	115.4
495.377414966	0.539864	116.1
495.917278912	0.522449	116.2
496.439727891	0.491224	116.3
496.930952381	0.536259	116.4
497.467210884	0.539864	117.1
498.007074830	0.539864	117.2
498.546938776	0.565986	117.3
499.112925170	0.557279	117.4
499.670204082	0.522449	118.1
500.192653061	0.522449	118.2
500.715102041	0.505034	118.3
501.220136054	0.583401	118.4
501.803537415	0.557279	119.1
502.360816327	0.522449	119.2
502.883265306	0.539864	119.3
503.423129252	0.548571	119.4
503.971700680	0.531156	120.1
504.502857143	0.531156	120.2
505.034013605	0.539864	120.3
505.573877551	0.531156	120.4
506.105034014	0.548571	121.1
506.653605442	0.531497	121.2
507.185102041	0.609184	121.3
507.794285714	0.635646	121.4
508.429931973	0.618231	122.1
509.048163265	0.513741	122.2
509.561904762	0.557279	122.3
510.119183673	0.539864	122.4
510.659047619	0.513741	123.1
511.172789116	0.574694	123.2
511.747482993	0.522449	123.3
512.269931973	0.644354	123.4
512.914285714	0.522449	124.1
513.436734694	0.539864	124.2
513.976598639	0.583401	124.3
514.560000000	0.522449	124.4
515.082448980	0.548571	125.1
515.631020408	0.594059	125.2
516.225079365	0.668526	125.3
516.893605442	0.783673	125.4
517.677278912	0.731429	126.1
518.408707483	0.557279	126.2
518.965986395	0.531156	126.3
519.497142857	0.529388	126.4
520.026530612	0.541633	127.1
520.568163265	0.496327	127.2
521.064489796	0.496327	127.3
521.560816327	0.531156	127.4
522.091972789	0.513741	128.1
522.605714286	0.583401	128.2
523.189115646	0.522449	128.3
523.711564626	0.511111	128.4
524.222675737	0.498957	129.1
524.721632653	0.609524	129.2
525.331156463	0.575533	129.3
525.906689342	0.678345	129.4
526.585034014	0.576916	130.1
527.161950113	0.537642	130.2
527.699591837	0.565986	130.3
528.265578231	0.505034	130.4
528.770612245	0.531156	131.1
529.301768707	0.600816	131.2
529.902585034	0.600816	131.3
530.503401361	0.531156	131.4
531.034557823	0.513741	132.1
531.548299320	0.522449	132.2
532.070748299	0.505034	132.3
532.575782313	0.557279	132.4
533.133061224	0.548571	133.1
533.681632653	0.626939	133.2
534.308571429	0.748844	133.3
535.057414966	1.27129	133.4
536.328707483	0.757551	134.1
537.086258503	0.565986	134.2
537.652244898	0.600816	134.3
538.253061224	0.531156	134.4
538.784217687	0.557279	135.1
539.341496599	0.565986	135.2
539.907482993	0.478912	135.3
540.386394558	0.565986	135.4
540.952380952	0.531156	136.1
541.483537415	0.508503	136.2
541.992040816	0.617846	136.3
542.609886621	0.580317	136.4
543.190204082	0.653061	137.1
543.843265306	0.565986	137.2
544.409251701	0.609524	137.3
545.018775510	0.766258	137.4
545.785034014	0.687891	138.1
546.472925170	0.574694	138.2
547.047619048	0.513741	138.3
547.561360544	0.574694	138.4
548.136054422	0.565986	139.1
548.702040816	0.452789	139.2
549.154829932	0.565986	139.3
549.720816327	0.505034	139.4
550.225850340	0.548571	140.1
550.774421769	0.635646	140.2
551.410068027	0.661769	140.3
552.071836735	0.862041	140.4
552.933877551	0.792381	141.1
553.726258503	0.557279	141.2
554.283537415	0.461497	141.3
554.745034014	0.653061	141.4
555.398095238	0.592109	142.1
555.990204082	0.547188	142.2
556.537392290	0.56737	142.3
557.104761905	0.548571	142.4
557.653333333	0.592109	143.1
558.245442177	0.574694	143.2
558.820136054	0.557279	143.3
559.377414966	0.583401	143.4
559.960816327	0.583401	144.1
560.544217687	0.548571	144.2
561.092789116	0.539864	144.3
561.632653061	0.653061	144.4
562.285714286	0.679184	145.1
562.964897959	0.539864	145.2
563.504761905	0.539864	145.3
564.044625850	0.539864	145.4
564.584489796	0.574694	146.1
565.159183673	0.539864	146.2
565.699047619	0.557279	146.3
566.256326531	0.548571	146.4
566.804897959	0.531156	147.1
567.336054422	0.557279	147.2
567.893333333	0.548571	147.3
568.441904762	0.522449	147.4
568.964353741	0.513741	148.1
569.478095238	0.557279	148.2
570.035374150	0.522449	148.3
570.557823129	0.774966	148.4
571.332789116	0.539864	149.1
571.872653061	0.565986	149.2
572.438639456	0.496327	149.3
572.934965986	0.592109	149.4
573.527074830	0.557279	150.1
574.084353741	0.543696	150.2
574.628049887	0.553447	150.3
575.181496599	0.574694	150.4
575.756190476	0.548571	151.1
576.304761905	0.539864	151.2
576.844625850	0.574694	151.3
577.419319728	0.583401	151.4
578.002721088	0.539864	152.1
578.542585034	0.539864	152.2
579.082448980	0.714014	152.3
579.796462585	0.731429	152.4
580.527891156	0.618231	153.1
581.146122449	0.565986	153.2
581.712108844	0.539864	153.3
582.251972789	0.609524	153.4
582.861496599	0.548571	154.1
583.410068027	0.635646	154.2
584.045714286	0.557279	154.3
584.602993197	0.600816	154.4
585.203809524	0.531156	155.1
585.734965986	0.592109	155.2
586.327074830	0.565986	155.3
586.893061224	0.635646	155.4
587.528707483	0.589932	156.1
588.118639456	0.585578	156.2
588.704217687	0.531156	156.3
589.235374150	0.592109	156.4
589.827482993	0.603175	157.1
590.430657596	0.537506	157.2
590.968163265	0.531156	157.3
591.499319728	0.609524	157.4
592.108843537	0.597914	158.1
592.706757370	0.586304	158.2
593.293061224	0.608073	158.3
593.901133787	0.587302	158.4
594.488435374	0.645737	159.1
595.134172336	0.727596	159.2
595.861768707	0.687891	159.3
596.549659864	0.583401	159.4
597.133061224	0.626939	160.1
597.760000000	0.574694	160.2
598.334693878	0.583401	160.3
598.918095238	0.595125	160.4
599.513219955	0.63263	161.1
600.145850340	0.792381	161.2
600.938231293	1.05361	161.3
601.991836735	1.30612	161.4
603.297959184	0.946939	162.1
604.244897959	0.581225	162.2
604.826122449	0.607347	162.3
605.433469388	0.646531	162.4
606.080000000	0.607347	163.1
606.687346939	0.600816	163.2
607.288163265	0.613878	163.3
607.902040816	0.577506	163.4
608.479546485	0.695964	164.1
609.175510204	0.527891	164.2
609.703401361	0.618435	164.3
610.321836735	0.73449	164.4
611.056326531	0.594286	165.1
611.650612245	0.659592	165.2
612.310204082	0.757551	165.3
613.067755102	0.620408	165.4
613.688163265	0.600816	166.1
614.288979592	0.646531	166.2
614.935510204	0.509388	166.3
615.444897959	0.653061	166.4
616.097959184	0.581225	167.1
616.679183673	0.600816	167.2
617.280000000	0.64	167.3
617.920000000	0.646531	167.4
618.566530612	0.816327	168.1
619.382857143	0.626939	168.2
620.009795918	0.666122	168.3
620.675918367	0.816327	168.4
621.492244898	0.719002	169.1
622.211247166	0.52551	169.2
622.736757370	0.616712	169.3
623.353469388	0.757551	169.4
624.111020408	0.692245	170.1
624.803265306	0.581225	170.2
625.384489796	0.594286	170.3
625.978775510	0.600816	170.4
626.579591837	0.607347	171.1
627.186938776	0.587755	171.2
627.774693878	0.613878	171.3
628.388571429	0.698776	171.4
629.087346939	0.522449	172.1
629.609795918	0.620408	172.2
630.230204082	0.568163	172.3
630.798367347	0.587755	172.4
631.386122449	0.666122	173.1
632.052244898	0.698776	173.2
632.751020408	0.607347	173.3
633.358367347	0.685714	173.4
634.044081633	0.620408	174.1
634.664489796	0.574694	174.2
635.239183673	0.607347	174.3
635.846530612	0.568163	174.4
636.414693878	0.535238	175.1
636.949931973	0.588027	175.2
637.537959184	0.587755	175.3
638.125714286	0.568163	175.4
638.693877551	0.548571	176.1
639.242448980	0.561633	176.2
639.804081633	0.548571	176.3
640.352653061	0.626939	176.4
640.979591837	0.59322	177.1
641.572811791	0.58229	177.2
642.155102041	0.574694	177.3
642.729795918	0.752245	177.4
643.482040816	0.821633	178.1
644.303673469	0.633469	178.2
644.937142857	0.555102	178.3
645.492244898	0.548571	178.4
646.040816327	0.542041	179.1
646.582857143	0.53551	179.2
647.118367347	0.574694	179.3
647.693061224	0.542041	179.4
648.235102041	0.509388	180.1
648.744489796	0.53551	180.2
649.280000000	0.620408	180.3
649.900408163	0.692245	180.4
650.592653061	0.626939	181.1
651.219591837	0.548571	181.2
651.768163265	0.620408	181.3
652.388571429	0.764082	181.4
653.152653061	0.594286	182.1
653.746938776	0.53551	182.2
654.282448980	0.491565	182.3
654.774013605	0.664354	182.4
655.438367347	0.574694	183.1
656.013061224	0.561633	183.2
656.574693878	0.607347	183.3
657.182040816	0.561633	183.4
657.743673469	0.613878	184.1
658.357551020	0.53551	184.2
658.893061224	0.594286	184.3
659.487346939	0.594286	184.4
660.081632653	0.581225	185.1
660.662857143	0.548571	185.2
661.211428571	0.633469	185.3
661.844897959	0.52898	185.4
662.373877551	0.539252	186.1
662.913129252	0.505646	186.2
663.418775510	0.515918	186.3
663.934693878	0.53551	186.4
664.470204082	0.666122	187.1
665.136326531	0.463673	187.2
665.600000000	0.542041	187.3
666.142040816	0.574694	187.4
666.716734694	0.549501	188.1
667.266235828	0.488866	188.2
667.755102041	0.469569	188.3
668.224671202	0.549206	188.4
668.773877551	0.542041	189.1
669.315918367	0.476735	189.2
669.792653061	0.515918	189.3
670.308571429	0.620408	189.4
670.928979592	0.620408	190.1
671.549387755	0.476735	190.2
672.026122449	0.450612	190.3
672.476734694	0.659592	190.4
673.136326531	0.64	191.1
673.776326531	0.450612	191.2
674.226938776	0.444082	191.3
674.671020408	0.522449	191.4
675.193469388	0.574694	192.1
675.768163265	0.515918	192.2
676.284081633	0.489796	192.3
676.773877551	0.600816	192.4
677.374693878	0.581225	193.1
677.955918367	0.581225	193.2
678.537142857	0.666122	193.3
679.203265306	0.574694	193.4
679.777959184	0.568163	194.1
680.346122449	0.476735	194.2
680.822857143	0.816327	194.3
681.639183673	0.901224	194.4
682.540408163	0.659592	195.1
683.200000000	0.483265	195.2
683.683265306	0.503288	195.3
684.186553288	0.561202	195.4
684.747755102	0.574694	196.1
685.322448980	0.50551	196.2
685.827959184	0.502449	196.3
686.330408163	0.57898	196.4
686.909387755	0.522449	197.1
687.431836735	0.489796	197.2
687.921632653	0.457143	197.3
688.378775510	0.574694	197.4
688.953469388	0.581225	198.1
689.534693878	0.522449	198.2
690.057142857	0.496327	198.3
690.553469388	0.653061	198.4
691.206530612	0.594286	199.1
691.800816327	0.463673	199.2
692.264489796	0.515918	199.3
692.780408163	0.522449	199.4
693.302857143	0.489796	200.1
693.792653061	0.489796	200.2
694.282448980	0.457143	200.3
694.739591837	0.587755	200.4
695.327346939	0.574694	201.1
695.902040816	0.489796	201.2
696.391836735	0.489796	201.3
696.881632653	0.607347	201.4
697.488979592	0.568163	202.1
698.057142857	0.568163	202.2
698.625306122	0.552245	202.3
699.177551020	0.78	202.4
699.957551020	0.633469	203.1
700.591020408	0.509388	203.2
701.100408163	0.444082	203.3
701.544489796	0.52898	203.4
702.073469388	0.574694	204.1
702.648163265	0.483265	204.2
703.131428571	0.472585	204.3
703.604013605	0.526599	204.4
704.130612245	0.500476	205.1
704.631088435	0.479116	205.2
705.110204082	0.476735	205.3
705.586938776	0.620408	205.4
706.207346939	0.581225	206.1
706.788571429	0.515918	206.2
707.304489796	0.515918	206.3
707.820408163	0.626939	206.4
708.447346939	0.672653	207.1
709.120000000	0.470204	207.2
709.590204082	0.444082	207.3
710.034285714	0.502857	207.4
710.537142857	0.522449	208.1
711.059591837	0.470204	208.2
711.529795918	0.437551	208.3
711.967346939	0.515918	208.4
712.483265306	0.613878	209.1
713.097142857	0.404898	209.2
713.502040816	0.444082	209.3
713.946122449	0.489796	209.4
714.435918367	0.509388	210.1
714.945306122	0.483265	210.2
715.428571429	0.463673	210.3
715.892244898	0.692245	210.4
716.584489796	0.666122	211.1
717.250612245	0.450612	211.2
717.701224490	0.444082	211.3
718.145306122	0.457143	211.4
718.602448980	0.574694	212.1
719.177142857	0.43102	212.2
719.608163265	0.42449	212.3
720.032653061	0.457143	212.4
720.489795918	0.555102	213.1
721.044897959	0.417959	213.2
721.462857143	0.42449	213.3
721.887346939	0.476735	213.4
722.364081633	0.489796	214.1
722.853877551	0.42449	214.2
723.278367347	0.450612	214.3
723.728979592	0.594286	214.4
724.323265306	0.53551	215.1
724.858775510	0.483265	215.2
725.342040816	0.476735	215.3
725.818775510	0.438685	215.4
726.257460317	0.568685	216.1
726.826145125	0.442426	216.2
727.268571429	0.481134	216.3
727.749705215	0.433152	216.4
728.182857143	0.496327	217.1
728.679183673	0.489796	217.2
729.168979592	0.509388	217.3
729.678367347	0.496327	217.4
730.174693878	0.555102	218.1
730.729795918	0.502857	218.2
731.232653061	0.705306	218.3
731.937959184	0.680159	218.4
732.618117914	0.612903	219.1
733.231020408	0.522132	219.2
733.753151927	0.535828	219.3
734.288979592	0.561633	219.4
734.850612245	0.470204	220.1
735.320816327	0.450612	220.2
735.771428571	0.522449	220.3
736.293877551	0.473537	220.4
736.767414966	0.545238	221.1
737.312653061	0.561633	221.2
737.874285714	0.53551	221.3
738.409795918	0.507959	221.4
738.917755102	0.563061	222.1
739.480816327	0.581225	222.2
740.062040816	0.607347	222.3
740.669387755	0.803265	222.4
741.472653061	0.666122	223.1
742.138775510	0.52898	223.2
742.667755102	0.568163	223.3
743.235918367	0.496327	223.4
743.732244898	0.483265	224.1
744.215510204	0.646531	224.2
744.862040816	0.633469	224.3
745.495510204	0.620408	224.4
746.115918367	0.489796	225.1
746.605714286	0.483265	225.2
747.088979592	0.509388	225.3
747.598367347	0.522449	225.4
748.120816327	0.47932	226.1
748.600136054	0.565578	226.2
749.165714286	0.731429	226.3
749.897142857	0.722268	226.4
750.619410431	0.832018	227.1
751.451428571	0.871746	227.2
752.323174603	0.708662	227.3
753.031836735	0.907755	227.4
753.939591837	0.576735	228.1
754.516326531	0.605306	228.2
755.121632653	0.698776	228.3
755.820408163	0.796735	228.4
756.617142857	0.53551	229.1
757.152653061	0.653061	229.2
757.805714286	0.679184	229.3
758.484897959	0.581225	229.4
759.066122449	0.587755	230.1
759.653877551	0.587755	230.2
760.241632653	0.672653	230.3
760.914285714	0.666122	230.4
761.580408163	0.705306	231.1
762.285714286	0.626939	231.2
762.912653061	0.64	231.3
763.552653061	0.613878	231.4
764.166530612	0.633469	232.1
764.800000000	0.653061	232.2
765.453061224	0.731429	232.3
766.184489796	0.816327	232.4
767.000816327	0.653061	233.1
767.653877551	0.64	233.2
768.293877551	0.633469	233.3
768.927346939	0.63034	233.4
769.557687075	0.627596	234.1
770.185283447	0.688186	234.2
770.873469388	0.790204	234.3
771.663673469	0.607347	234.4
772.271020408	0.594762	235.1
772.865782313	0.70483	235.2
773.570612245	0.626939	235.3
774.197551020	0.646531	235.4
774.844081633	0.646531	236.1
775.490612245	0.757551	236.2
776.248163265	0.777143	236.3
777.025306122	0.940408	236.4
777.965714286	0.933878	237.1
778.899591837	1.05143	237.2
779.951020408	1.05796	237.3
781.008979592	0.953469	237.4
781.962448980	1.41061	238.1
783.373061224	1.18857	238.2
784.561632653	1.09714	238.3
785.658775510	0.85551	238.4
786.514285714	0.711837	239.1
787.226122449	0.633469	239.2
787.859591837	0.646531	239.3
788.506122449	0.718367	239.4
789.224489796	0.633469	240.1
789.857959184	0.613878	240.2
790.471836735	0.613878	240.3
791.085714286	0.594286	240.4
791.680000000	0.607347	241.1
792.287346939	0.653061	241.2
792.940408163	0.600816	241.3
793.541224490	0.653061	241.4
794.194285714	0.568163	242.1
794.762448980	0.581225	242.2
795.343673469	0.607347	242.3
795.951020408	0.64	242.4
796.591020408	0.600816	243.1
797.191836735	0.653061	243.2
797.844897959	0.64	243.3
798.484897959	0.757551	243.4
799.242448980	0.685714	244.1
799.928163265	0.574694	244.2
800.502857143	0.607347	244.3
801.110204082	0.581225	244.4
801.691428571	0.613878	245.1
802.305306122	0.607347	245.2
802.912653061	0.705306	245.3
803.617959184	0.796735	245.4
804.414693878	0.698776	246.1
805.113469388	0.620408	246.2
805.733877551	0.679184	246.3
806.413061224	0.587755	246.4
807.000816327	0.613878	247.1
807.614693878	0.574694	247.2
808.189387755	0.718367	247.3
808.907755102	0.587755	247.4
809.495510204	0.64	248.1
810.135510204	0.659592	248.2
810.795102041	0.646531	248.3
811.441632653	0.64	248.4
812.081632653	0.594286	249.1
812.675918367	0.666122	249.2
813.342040816	0.666122	249.3
814.008163265	0.598707	249.4
814.606870748	0.642109	250.1
815.248979592	0.603424	250.2
815.852403628	0.656984	250.3
816.509387755	0.692245	250.4
817.201632653	0.633469	251.1
817.835102041	0.679184	251.2
818.514285714	0.620408	251.3
819.134693878	0.705306	251.4
819.840000000	0.600816	252.1
820.440816327	0.646531	252.2
821.087346939	0.626939	252.3
821.714285714	0.790204	252.4
822.504489796	0.613878	253.1
823.118367347	0.573832	253.2
823.692199546	0.536372	253.3
824.228571429	0.698776	253.4
824.927346939	0.600816	254.1
825.528163265	0.685714	254.2
826.213877551	0.646531	254.3
826.860408163	0.666122	254.4
827.526530612	0.653061	255.1
828.179591837	0.705306	255.2
828.884897959	0.718367	255.3
829.603265306	0.933878	255.4
830.537142857	0.737959	256.1
831.275102041	0.620408	256.2
831.895510204	0.626939	256.3
832.522448980	0.653061	256.4
833.175510204	0.659592	257.1
833.835102041	0.620408	257.2
834.455510204	0.653061	257.3
835.108571429	0.692245	257.4
835.800816327	0.679184	258.1
836.480000000	0.587755	258.2
837.067755102	0.666122	258.3
837.733877551	0.685714	258.4
838.419591837	0.646531	259.1
839.066122449	0.666122	259.2
839.732244898	0.757551	259.3
840.489795918	0.764082	259.4
841.253877551	0.666122	260.1
841.920000000	0.646531	260.2
842.566530612	0.646531	260.3
843.213061224	0.672653	260.4
843.885714286	0.646531	261.1
844.532244898	0.659592	261.2
845.191836735	0.661701	261.3
845.853537415	0.716259	261.4
846.569795918	0.666122	262.1
847.235918367	0.600816	262.2
847.836734694	0.613878	262.3
848.450612245	0.711837	262.4
849.162448980	0.64	263.1
849.802448980	0.633469	263.2
850.435918367	0.587755	263.3
851.023673469	0.74449	263.4
851.768163265	0.757551	264.1
852.525714286	0.607347	264.2
853.133061224	0.626939	264.3
853.760000000	0.698776	264.4
854.458775510	0.796735	265.1
855.255510204	0.659592	265.2
855.915102041	0.646531	265.3
856.561632653	0.605986	265.4
857.167619048	0.680544	266.1
857.848163265	0.646531	266.2
858.494693878	0.64	266.3
859.134693878	0.666122	266.4
859.800816327	0.626939	267.1
860.427755102	0.653061	267.2
861.080816327	0.64	267.3
861.720816327	0.698776	267.4
862.419591837	0.75102	268.1
863.170612245	0.705306	268.2
863.875918367	0.75102	268.3
864.626938776	0.698776	268.4
865.325714286	0.659592	269.1
865.985306122	0.698776	269.2
866.684081633	0.672653	269.3
867.356734694	0.672653	269.4
868.029387755	0.685714	270.1
868.715102041	0.626939	270.2
869.342040816	0.692245	270.3
870.034285714	0.718367	270.4
870.752653061	0.764082	271.1
871.516734694	0.809796	271.2
872.326530612	0.75102	271.3
873.077551020	0.692245	271.4
873.769795918	0.685714	272.1
874.455510204	0.679184	272.2
875.134693878	0.679184	272.3
875.813877551	0.659592	272.4
876.473469388	0.659592	273.1
877.133061224	0.613878	273.2
877.746938776	0.659592	273.3
878.406530612	0.666122	273.4
879.072653061	0.600816	274.1
879.673469388	0.620408	274.2
880.293877551	0.698776	274.3
880.992653061	0.587755	274.4
881.580408163	0.672653	275.1
882.253061224	0.633469	275.2
882.886530612	0.705306	275.3
883.591836735	0.829388	275.4
884.421224490	0.933878	276.1
885.355102041	0.875102	276.2
886.230204082	0.770612	276.3
887.000816327	0.659592	276.4
887.660408163	0.633469	277.1
888.293877551	0.653061	277.2
888.946938776	0.718367	277.3
889.665306122	0.663288	277.4
890.328594104	0.655896	278.1
890.984489796	0.692245	278.2
891.676734694	0.679184	278.3
892.355918367	0.777143	278.4
893.133061224	0.888163	279.1
894.021224490	0.75102	279.2
894.772244898	0.783673	279.3
895.555918367	0.770612	279.4
896.326530612	0.757551	280.1
897.084081633	0.868571	280.2
897.952653061	1.01224	280.3
898.964897959	1.95265	280.4
900.917551020	0	281.1