1.803174603	0.486168	1
2.289342404	0.640726	2
2.930068027	0.182857	3
3.112925170	0.200272	4
3.313197279	0.155283	5
3.468480726	0.415057	6
3.883537415	0.388934	7
4.272471655	0.436825	8
4.709297052	0.59356	9
5.302857143	0.177052	10
5.479909297	0.17415	11
5.654058957	0.226395	12
5.880453515	0.393288	13
6.273741497	0.394739	14
6.668480726	0.38458	15
7.053061224	0.574694	16
7.627755102	0.168345	17
7.796099773	0.236553	18
8.032653061	0.188662	19
8.221315193	0.544218	20
8.765532880	0.20898	21
8.974512472	0.18576	22
9.160272109	0.214785	23
9.375056689	0.42449	24
9.799546485	0.188662	25
9.988208617	0.189864	26
10.178072562	0.198345	27
10.376417234	0.22678	28
10.603197279	0.339206	29
10.942403628	0.423764	30
11.366167800	0.461497	31
11.827664399	0.86712	32
12.694784580	0.19229	33
12.887074830	0.217687	34
13.104761905	0.206803	35
13.311564626	0.199546	36
13.511111111	0.425034	37
13.936145125	0.420317	38
14.356462585	0.84898	39
15.205442177	0.206803	40
15.412244898	0.224943	41
15.637188209	0.859025	42
16.496213152	0.227778	43
16.723990930	0.248345	44
16.972335601	1.0195	45
17.991836735	0.217687	46
18.209523810	0.224943	47
18.434467120	0.221315	48
18.655782313	0.235828	49
18.891609977	0.468027	50
19.359637188	0.429569	51
19.789206349	0.257506	52
20.046712018	0.212993	53
20.259705215	0.239161	54
20.498866213	0.217687	55
20.716553288	0.377324	56
21.093877551	0.208231	57
21.302108844	0.19449	58
21.496598639	0.221315	59
21.717913832	0.203129	60
21.921043084	0.404943	61
22.325986395	0.231769	62
22.557755102	0.215941	63
22.773696145	0.190839	64
22.964535147	0.16254	65
23.127074830	0.441179	66
23.568253968	0.228571	67
23.796825397	0.19229	68
23.989115646	0.195918	69
24.185034014	0.172698	70
24.357732426	0.423764	71
24.781496599	0.252517	72
25.034013605	0.197234	73
25.231247166	0.187347	74
25.418594104	0.188662	75
25.607256236	0.395465	76
26.002721088	0.19229	77
26.195011338	0.218685	78
26.413696145	0.383583	79
26.797278912	0.38458	80
27.181859410	0.217755	81
27.399614512	0.239388	82
27.639002268	0.351927	83
27.990929705	0.388209	84
28.379138322	0.388209	85
28.767346939	0.431746	86
29.199092971	0.428118	87
29.627210884	0.446259	88
30.073469388	0.391111	89
30.464580499	0.412154	90
30.876734694	0.404898	91
31.281632653	0.401995	92
31.683628118	0.473628	93
32.157256236	0.463152	94
32.620408163	0.417234	95
33.037641723	0.431746	96
33.469387755	0.453515	97
33.922902494	0.413605	98
34.336507937	0.435374	99
34.771882086	0.522449	100
35.294331066	1.77415	101
37.068480726	0.420862	102
37.489342404	0.608798	103
38.098140590	0.225669	104
38.323809524	0.163265	105
38.487074830	0.203175	106
38.690249433	0.457143	107
39.147392290	0.399456	108
39.546848073	0.391474	109
39.938321995	0.711111	110
40.649433107	0.170522	111
40.819954649	0.174875	112
40.994829932	0.2322	113
41.227029478	0.441905	114
41.668934240	0.411429	115
42.080362812	0.491973	116
42.572335601	0.61678	117
43.189115646	0.188662	118
43.377777778	0.17415	119
43.551927438	0.195918	120
43.747845805	0.457143	121
44.204988662	0.429569	122
44.634557823	0.45932	123
45.093877551	0.217687	124
45.311564626	0.212562	125
45.524126984	0.222812	126
45.746938776	0.164717	127
45.911655329	0.216236	128
46.127891156	0.214059	129
46.341950113	0.417234	130
46.759183673	0.446984	131
47.206167800	1.52308	132
48.729251701	0.421587	133
49.150839002	0.434649	134
49.585487528	0.431746	135
50.017233560	0.460771	136
50.478004535	0.613152	137
51.091156463	0.25034	138
51.341496599	0.409977	139
51.751473923	0.402721	140
52.154195011	0.420862	141
52.575056689	0.413605	142
52.988662132	0.80907	143
53.797732426	0.519547	144
54.317278912	0.41288	145
54.730158730	0.399819	146
55.129977324	0.383129	147
55.513106576	0.682812	148
56.195918367	0.217687	149
56.413605442	0.394014	150
56.807619048	0.625488	151
57.433106576	0.439002	152
57.872108844	0.591383	153
58.463492063	0.845351	154
59.308843537	0.373696	155
59.682539683	0.214059	156
59.896598639	0.193628	157
60.090226757	0.383243	158
60.473469388	0.409977	159
60.883446712	0.761905	160
61.645351474	0.38458	161
62.029931973	0.205964	162
62.235895692	0.204014	163
62.439909297	0.388209	164
62.828117914	0.388209	165
63.216326531	0.758277	166
63.974603175	0.36644	167
64.341043084	0.773515	168
65.114557823	0.398367	169
65.512925170	0.721995	170
66.234920635	0.348299	171
66.583219955	0.772789	172
67.356009070	0.417937	173
67.773945578	0.717664	174
68.491609977	0.38458	175
68.876190476	0.736508	176
69.612698413	0.373696	177
69.986394558	0.391837	178
70.378231293	0.377324	179
70.755555556	0.362812	180
71.118367347	0.373696	181
71.492063492	0.380952	182
71.873015873	0.373696	183
72.246712018	1.95918	184
74.205895692	0.464399	185
74.670294785	0.609524	186
75.279818594	0.199705	187
75.479523810	0.173991	188
75.653514739	0.195918	189
75.849433107	0.409977	190
76.259410431	0.359184	191
76.618594104	0.399093	192
77.017687075	0.55873	193
77.576417234	0.195918	194
77.772335601	0.166893	195
77.939229025	0.221315	196
78.160544218	0.395465	197
78.556009070	0.373696	198
78.929705215	0.373696	199
79.303401361	0.573243	200
79.876643991	0.199546	201
80.076190476	0.17415	202
80.250340136	0.206803	203
80.457142857	0.563084	204
81.020226757	0.195193	205
81.215419501	0.181406	206
81.396825397	0.214059	207
81.610884354	0.591383	208
82.202267574	0.188662	209
82.390929705	0.188662	210
82.579591837	0.199546	211
82.779138322	0.188662	212
82.967800454	0.203175	213
83.170975057	0.406349	214
83.577324263	0.409977	215
83.987301587	0.888889	216
84.876190476	0.256939	217
85.133129252	0.217619	218
85.350748299	0.225669	219
85.576417234	0.214059	220
85.790476190	0.390385	221
86.180861678	0.440454	222
86.621315193	0.45932	223
87.080634921	0.324354	224
87.404988662	0.257596	225
87.662585034	0.201723	226
87.864308390	0.233651	227
88.097959184	0.224943	228
88.322902494	0.18576	229
88.508662132	0.412154	230
88.920816327	0.269206	231
89.190022676	0.217687	232
89.407709751	0.460771	233
89.868480726	0.210431	234
90.078911565	0.235828	235
90.314739229	0.493424	236
90.808163265	0.968708	237
91.776870748	0.950567	238
92.727437642	1.0195	239
93.746938776	1.01224	240
94.759183673	0.67483	241
95.434013605	6.14748	242
101.581496599	0.563084	243
102.144580499	0.487029	244
102.631609977	0.417823	245
103.049433107	0.38966	246
103.439092971	0.272834	247
103.711927438	0.272834	248
103.984761905	0.24381	249
104.228571429	0.286621	250
104.515192744	0.282993	251
104.798185941	0.277914	252
105.076099773	0.327982	253
105.404081633	0.293878	254
105.697959184	0.364989	255
106.062947846	0.313469	256
106.376417234	0.371519	257
106.747936508	0.325079	258
107.073015873	0.272834	259
107.345850340	0.249615	260
107.595464853	0.235828	261
107.831292517	0.279569	262
108.110861678	0.311814	263
108.422675737	0.284082	264
108.706757370	0.271927	265
108.978684807	0.277007	266
109.255691610	0.411429	267
109.667120181	0.349025	268
110.016145125	0.362086	269
110.378231293	0.282993	270
110.661224490	0.290249	271
110.951473923	0.286621	272
111.238095238	0.252517	273
111.490612245	0.290249	274
111.780861678	0.335238	275
112.116099773	0.25034	276
112.366439909	0.30839	277
112.674829932	0.282993	278
112.957823129	0.251066	279
113.208888889	0.330884	280
113.539773243	0.455692	281
113.995464853	0.275737	282
114.271201814	0.286621	283
114.557823129	0.275737	284
114.833560091	0.293878	285
115.127437642	0.235102	286
115.362539683	0.290249	287
115.652789116	0.272834	288
115.925623583	0.313469	289
116.239092971	0.317823	290
116.556916100	0.280091	291
116.837006803	0.278639	292
117.115646259	0.377324	293
117.492970522	0.272109	294
117.765079365	0.275737	295
118.040816327	0.247438	296
118.288253968	0.336689	297
118.624943311	0.342494	298
118.967437642	0.359909	299
119.327346939	0.922993	300
120.250340136	0.348299	301
120.598639456	0.38458	302
120.983219955	0.410703	303
121.393922902	1.09134	304
122.485260771	0.624036	305
123.109297052	0.428118	306
123.537414966	0.453515	245
123.990929705	0.351927	246
124.342857143	0.355556	247
124.698412698	0.282993	248
124.981405896	0.315646	249
125.297052154	0.264853	250
125.561904762	0.362812	251
125.924716553	0.272109	252
126.196825397	0.30839	253
126.505215420	0.275737	254
126.780952381	0.44263	255
127.223582766	0.326531	256
127.550113379	0.369297	257
127.919410431	0.312789	258
128.232199546	0.264853	259
128.497052154	0.275737	260
128.772789116	0.312018	261
129.084807256	0.286621	262
129.371428571	0.315102	263
129.686530612	0.3278	264
130.014331066	0.267029	265
130.281360544	0.305488	266
130.586848073	0.379501	267
130.966349206	0.388934	268
131.355283447	0.359909	269
131.715192744	0.268481	270
131.983673469	0.28746	271
132.271133787	0.270544	272
132.541678005	0.230023	273
132.771700680	0.301859	274
133.073560091	0.35102	275
133.424580499	0.26068	276
133.685260771	0.293878	277
133.979138322	0.261224	278
134.240362812	0.344422	279
134.584784580	0.334036	280
134.918820862	0.395465	281
135.314285714	0.322903	282
135.637188209	0.297506	283
135.934693878	0.253968	284
136.188662132	0.297506	285
136.486167800	0.312018	286
136.798185941	0.293878	287
137.092063492	0.282993	288
137.375056689	0.297506	289
137.672562358	0.301134	290
137.973696145	0.260499	291
138.234195011	0.301859	292
138.536054422	0.36644	293
138.902494331	0.275737	294
139.178231293	0.269206	295
139.447437642	0.290249	296
139.737687075	0.313469	297
140.051156463	0.319274	298
140.370430839	0.411429	299
140.781859410	0.900499	300
141.682358277	0.383855	301
142.066213152	0.326531	302
142.392743764	0.386757	303
142.779501134	1.13778	304
143.917278912	0.572517	305
144.489795918	0.550454	306
145.040249433	0.415351	307
145.455600907	0.429569	308
145.885170068	0.313469	309
146.198639456	0.307664	310
146.506303855	0.371519	311
146.877823129	0.319274	312
147.197097506	0.330884	313
147.527981859	0.267029	314
147.795011338	0.348299	315
148.143310658	0.341043	316
148.484353741	0.36644	317
148.850793651	0.360635	318
149.211428571	0.325079	319
149.536507937	0.278639	320
149.815147392	0.290249	321
150.105396825	0.20898	322
150.314376417	0.332676	323
150.647052154	0.247823	324
150.894875283	0.307664	325
151.202539683	0.304036	326
151.506575964	0.290249	327
151.796825397	0.333787	328
152.130612245	0.360635	329
152.491247166	0.41941	330
152.910657596	0.439728	331
153.350385488	0.267029	332
153.617414966	0.255737	333
153.873151927	0.278322	334
154.151473923	0.278639	335
154.430113379	0.307664	336
154.737777778	0.290249	337
155.028027211	0.324354	338
155.352380952	0.319274	339
155.671655329	0.26195	340
155.933605442	0.319274	341
156.252879819	0.383129	342
156.636009070	0.45424	343
157.090249433	0.333787	344
157.424036281	0.333787	345
157.757823129	0.315646	346
158.073469388	0.319274	347
158.392743764	0.293878	348
158.686621315	0.381678	349
159.068299320	0.296054	350
159.364353741	0.254694	351
159.619047619	0.268481	352
159.887528345	0.248889	353
160.136417234	0.359909	354
160.496326531	0.348299	355
160.844625850	0.226395	356
161.071020408	0.391111	357
161.462131519	0.275737	358
161.737868481	0.344671	359
162.082539683	0.301134	360
162.383673469	0.377324	361
162.760997732	1.46939	362
164.230385488	0.406349	363
164.636734694	0.457143	364
165.093877551	0.377324	365
165.471201814	0.315646	366
165.786848073	0.42449	367
166.211337868	0.377324	368
166.588662132	0.467302	369
167.055963719	0.342494	370
167.398458050	0.278639	371
167.677097506	0.255419	372
167.932517007	0.357732	373
168.290249433	0.269206	374
168.559455782	0.313469	375
168.872925170	0.262676	376
169.135600907	0.306213	377
169.441814059	0.346848	378
169.788662132	0.253968	379
170.042630385	0.287347	380
170.329977324	0.445533	381
170.775510204	0.264853	382
171.040362812	0.326531	383
171.366893424	0.293878	384
171.660770975	0.323628	385
171.984399093	0.16254	386
172.146938776	0.181406	387
172.328344671	0.337415	388
172.665759637	0.290249	389
172.956009070	0.355556	390
173.311564626	0.30839	391
173.619954649	0.314921	392
173.934875283	0.363537	393
174.298412698	0.348299	394
174.646712018	0.301134	395
174.947845805	0.281542	396
175.229387755	0.267029	397
175.496417234	0.330884	398
175.827301587	0.307664	399
176.134965986	0.24381	400
176.378775510	0.296054	401
176.674829932	0.348299	402
177.023129252	0.341043	403
177.364172336	0.301134	404
177.665306122	0.391111	405
178.056417234	0.400544	406
178.456961451	0.359909	407
178.816870748	0.252517	408
179.069387755	0.312018	409
179.381405896	0.371519	410
179.752925170	0.165442	411
179.918367347	0.191565	412
180.109931973	0.446984	413
180.556916100	0.399093	414
180.956009070	0.850431	415
181.806439909	0.650159	416
182.456598639	0.516644	417
182.973242630	0.449887	307
183.423129252	0.351927	308
183.775056689	0.353379	309
184.128435374	0.287075	310
184.415510204	0.281814	311
184.697324263	0.313469	312
185.010793651	0.348299	313
185.359092971	0.272834	314
185.631927438	0.388934	315
186.020861678	0.319274	316
186.340136054	0.406349	317
186.746485261	0.38678	318
187.133265306	0.356984	319
187.490249433	0.293605	320
187.783854875	0.31229	321
188.096145125	0.229297	322
188.325442177	0.307664	323
188.633106576	0.362812	324
188.995918367	0.275737	325
189.271655329	0.290249	326
189.561904762	0.355556	327
189.917460317	0.344671	328
190.262131519	0.370068	329
190.632199546	0.3839	330
191.016099773	0.388889	331
191.404988662	0.316372	332
191.721360544	0.285896	333
192.007256236	0.282993	334
192.290249433	0.351927	335
192.642176871	0.282993	336
192.925170068	0.259048	337
193.184217687	0.290249	338
193.474467120	0.325079	339
193.799546485	0.319274	340
194.118820862	0.342494	341
194.461315193	0.423039	342
194.884353741	0.44771	343
195.332063492	0.307664	344
195.639727891	0.293152	345
195.932879819	0.2922	346
196.225079365	0.320567	347
196.545646259	0.289909	348
196.835555556	0.377324	349
197.212879819	0.267029	350
197.479909297	0.296054	351
197.775963719	0.261224	352
198.037188209	0.307664	353
198.344852608	0.359909	354
198.704761905	0.36644	355
199.071201814	0.297506	356
199.368707483	0.312018	357
199.680725624	0.318685	358
199.999410431	0.359773	359
200.359183673	0.368526	360
200.727709751	0.357098	361
201.084807256	1.7161	362
202.800907029	0.422812	363
203.223718821	0.429796	364
203.653514739	0.416304	365
204.069818594	0.38551	366
204.455328798	0.447143	367
204.902471655	0.445873	368
205.348344671	0.438503	369
205.786848073	0.36644	370
206.153287982	0.318027	371
206.471315193	0.298753	372
206.770068027	0.346122	373
207.116190476	0.350476	374
207.466666667	0.241633	375
207.708299320	0.290249	376
207.998548753	0.394739	377
208.393287982	0.272834	378
208.666122449	0.307664	379
208.973786848	0.348299	380
209.322086168	0.467188	381
209.789274376	0.320567	382
210.109841270	0.257143	383
210.366984127	0.379501	384
210.746485261	0.118277	385
210.864761905	0.219138	386
211.083900227	0.312018	387
211.395918367	0.337415	388
211.733333333	0.286621	389
212.019954649	0.344671	390
212.364625850	0.260499	391
212.625124717	0.296054	392
212.921179138	0.325079	393
213.246258503	0.446984	394
213.693242630	0.325079	395
214.018321995	0.24381	396
214.262131519	0.305986	397
214.568117914	0.291927	398
214.860045351	0.330884	399
215.190929705	0.284444	400
215.475374150	0.290249	401
215.765623583	0.383129	402
216.148752834	0.348299	403
216.497052154	0.255419	404
216.752471655	0.350476	405
217.102947846	0.377324	406
217.480272109	0.322903	407
217.803174603	0.284444	408
218.087619048	0.368617	409
218.456235828	0.362812	410
218.819047619	0.18576	411
219.004807256	0.179955	412
219.184761905	0.313469	413
219.498231293	0.301859	414
219.800090703	0.680635	415
220.480725624	0.193016	416
220.673741497	0.274286	417
220.948027211	0.178503	418
221.126530612	0.252517	419
221.379047619	0.313469	420
221.692517007	0.634921	421
222.327437642	0.26195	422
222.589387755	0.191565	423
222.780952381	0.2322	424
223.013151927	0.409977	425
223.423129252	0.613152	426
224.036281179	0.309116	427
224.345396825	0.325079	428
224.670476190	0.359909	429
225.030385488	0.780045	430
225.810430839	1.93088	431
227.741315193	2.31764	432
230.058956916	6.6068	433
236.665759637	0.453515	1
237.119274376	0.660317	2
237.779591837	0.170522	3
237.950113379	0.195918	4
238.146031746	0.214059	5
238.360090703	0.413605	6
238.773696145	0.402721	7
239.176417234	0.38458	8
239.560997732	0.581111	9
240.142108844	0.20737	10
240.349478458	0.171519	11
240.520997732	0.205442	12
240.726439909	0.398277	13
241.124716553	0.399093	14
241.523809524	0.375873	15
241.899682540	0.594467	16
242.494149660	0.148571	17
242.642721088	0.21093	18
242.853650794	0.206281	19
243.059931973	0.569637	20
243.629569161	0.19737	21
243.826938776	0.19737	22
244.024308390	0.238005	23
244.262312925	0.602993	24
244.865306122	0.177778	25
245.043083900	0.188662	26
245.231746032	0.224943	27
245.456689342	0.208503	28
245.665192744	0.212358	29
245.877551020	0.406349	30
246.283900227	0.417234	31
246.701133787	0.904853	32
247.605986395	0.190839	33
247.796825397	0.186485	34
247.983310658	0.252517	35
248.235827664	0.177052	36
248.412879819	0.428844	37
248.841723356	0.40127	38
249.242993197	0.843175	39
250.086167800	0.195918	40
250.282086168	0.243084	41
250.525170068	0.819955	42
251.345124717	0.235828	43
251.580952381	0.203175	44
251.784126984	1.00136	45
252.785487528	0.246712	46
253.032199546	0.210431	47
253.242630385	0.206803	48
253.449433107	0.253968	49
253.703401361	0.462222	50
254.165623583	0.516644	51
254.682267574	0.238005	52
254.920272109	0.244785	53
255.165056689	0.428594	54
255.593650794	0.406349	55
256.000000000	0.239456	56
256.239455782	0.214059	57
256.453514739	0.203175	58
256.656689342	0.2322	59
256.888888889	0.221859	60
257.110748299	0.216372	61
257.327120181	0.201156	62
257.528276644	0.19737	63
257.725646259	0.200884	64
257.926530612	0.185034	65
258.111564626	0.399093	66
258.510657596	0.210431	67
258.721088435	0.214059	68
258.935147392	0.19229	69
259.127437642	0.210431	70
259.337868481	0.431746	71
259.769614512	0.243084	72
260.012698413	0.201134	73
260.213832200	0.197959	74
260.411791383	0.19229	75
260.604081633	0.409977	76
261.014058957	0.203175	77
261.217233560	0.217687	78
261.434920635	0.346848	79
261.781768707	0.406349	80
262.188117914	0.210499	81
262.398616780	0.215442	82
262.614058957	0.38458	83
262.998639456	0.388209	84
263.386848073	0.368617	85
263.755464853	0.444082	86
264.199546485	0.403447	87
264.602993197	0.478186	88
265.081179138	0.431746	89
265.512925170	0.406349	90
265.919274376	0.402721	91
266.321995465	0.411429	92
266.733424036	0.455692	93
267.189115646	0.478912	94
267.668027211	0.413605	95
268.081632653	0.428118	96
268.509750567	0.517392	97
269.027142857	0.426576	98
269.453718821	0.478254	99
269.931972789	0.551474	100
270.483446712	1.88299	101
272.366439909	0.48254	102
272.848979592	0.663946	103
273.512925170	0.177778	104
273.690702948	0.199546	105
273.890249433	0.198095	106
274.088344671	0.406871	107
274.495215420	0.403651	108
274.898866213	0.420862	109
275.319727891	0.634921	110
275.954648526	0.206803	111
276.161451247	0.206803	112
276.368253968	0.228571	113
276.596825397	0.406349	114
277.003174603	0.388209	115
277.391383220	0.423764	116
277.815147392	0.679184	117
278.494331066	0.200363	118
278.694693878	0.176961	119
278.871655329	0.239456	120
279.111111111	0.420862	121
279.531972789	0.471655	122
280.003628118	0.468027	123
280.471655329	0.210431	124
280.682086168	0.19229	125
280.874376417	0.210431	126
281.084807256	0.177778	127
281.262585034	0.235828	128
281.498412698	0.185034	129
281.683446712	0.449887	130
282.133333333	0.451814	131
282.585147392	1.4007	132
283.985850340	0.534059	133
284.519909297	0.4361	134
284.956009070	0.457868	135
285.413877551	0.383129	136
285.797006803	0.671927	137
286.468934240	0.185034	138
286.653968254	0.395465	139
287.049433107	0.406349	140
287.455782313	0.413605	141
287.869387755	0.377324	142
288.246712018	0.874376	143
289.121088435	0.44263	144
289.563718821	0.489796	145
290.053514739	0.409977	146
290.463492063	0.428118	147
290.891609977	0.623311	148
291.514920635	0.19737	149
291.712290249	0.452789	150
292.165079365	0.577234	151
292.742312925	0.445896	152
293.188208617	0.526803	153
293.715011338	0.91356	154
294.628571429	0.402721	155
295.031292517	0.243084	156
295.274376417	0.221315	157
295.495691610	0.388209	158
295.883900227	0.391837	159
296.275736961	0.714739	160
296.990476190	0.377324	161
297.367800454	0.203175	162
297.570975057	0.199546	163
297.770521542	0.395465	164
298.165986395	0.449887	165
298.615873016	0.769161	166
299.385034014	0.362812	167
299.747845805	0.787302	168
300.535147392	0.370068	169
300.905215420	0.743764	170
301.648979592	0.36644	171
302.015419501	0.776417	172
302.791836735	0.394966	173
303.186802721	0.715238	174
303.902040816	0.406349	175
304.308390023	0.725624	176
305.034013605	0.36644	177
305.400453515	0.370068	178
305.770521542	0.362812	179
306.133333333	0.359184	180
306.492517007	0.377324	181
306.869841270	0.370068	182
307.239909297	0.348299	183
307.588208617	2.00272	184
309.590929705	0.522449	185
310.113378685	0.649433	186
310.762811791	0.185034	187
310.947845805	0.203175	188
311.151020408	0.206803	189
311.357823129	0.409478	190
311.767301587	0.40322	191
312.170521542	0.380952	192
312.551473923	0.591383	193
313.142857143	0.195918	194
313.338775510	0.153832	195
313.492607710	0.22712	196
313.719727891	0.406349	197
314.126077098	0.391837	198
314.517913832	0.370068	199
314.887981859	0.580499	200
315.468480726	0.148753	201
315.617233560	0.203175	202
315.820408163	0.217687	203
316.038095238	0.583401	204
316.621496599	0.182132	205
316.803628118	0.170522	206
316.974149660	0.228571	207
317.202721088	0.576871	208
317.779591837	0.165442	209
317.945034014	0.22059	210
318.165623583	0.179955	211
318.345578231	0.238005	212
318.583582766	0.230023	213
318.813605442	0.362086	214
319.175691610	0.481814	215
319.657505669	0.922993	216
320.580498866	0.257596	217
320.838095238	0.228571	218
321.066666667	0.217687	219
321.284353741	0.214059	220
321.498412698	0.402721	221
321.901133787	0.380227	222
322.281360544	0.534059	223
322.815419501	0.279365	224
323.094784580	0.312018	225
323.406802721	0.2039	226
323.610702948	0.226395	227
323.837097506	0.226395	228
324.063492063	0.2322	229
324.295691610	0.429569	230
324.725260771	0.263401	231
324.988662132	0.217687	232
325.206349206	0.431746	233
325.638095238	0.2322	234
325.870294785	0.2322	235
326.102494331	0.544218	236
326.646712018	1.05941	237
327.706122449	1.07755	238
328.783673469	1.15374	239
329.937414966	1.13197	240
331.069387755	0.736508	241
331.805895692	0	242