1.697959184	0.1161	1
1.814058957	1.90113	2
3.715192744	0.123356	3
3.838548753	1.84308	4
5.681632653	0.152381	5
5.834013605	1.30612	6
7.140136054	0.689342	7
7.829478458	1.18277	8
9.012244898	0.188662	9
9.200907029	1.08118	10
10.282086168	0.84898	11
11.131065760	0.152381	12
11.283446712	0.907029	13
12.190476190	0.943311	14
13.133786848	0.137868	15
13.271655329	0.943311	16
14.214965986	0.950567	17
15.165532880	1.08118	18
16.246712018	1.49478	19
17.741496599	0.101587	20
17.843083900	1.70522	21
19.548299320	0.108844	22
19.657142857	1.82857	23
21.485714286	0.123356	24
21.609070295	1.8068	25
23.415873016	0.137868	26
23.553741497	1.86485	27
25.418594104	0.181406	28
25.600000000	1.02313	29
26.623129252	0.159637	30
26.782766440	1.08844	31
27.871201814	0.159637	32
28.030839002	0.957823	33
28.988662132	0.319274	34
29.307936508	0.921542	35
30.229478458	0.355556	36
30.585034014	1.00136	37
31.586394558	0.631293	38
32.217687075	0.507937	39
32.725623583	0.341043	40
33.066666667	0.428118	41
33.494784580	0.769161	42
34.263945578	0.341043	43
34.604988662	0.312018	44
34.917006803	0.326531	45
35.243537415	0.326531	46
35.570068027	0.268481	47
35.838548753	0.290249	48
36.128798186	0.312018	49
36.440816327	0.268481	50
36.709297052	0.38458	51
37.093877551	1.05215	52
38.146031746	0.268481	53
38.414512472	0.253968	54
38.668480726	0.282993	55
38.951473923	0.253968	56
39.205442177	0.38458	57
39.590022676	0.304762	58
39.894784580	0.239456	59
40.134240363	0.348299	60
40.482539683	0.319274	61
40.801814059	0.268481	62
41.070294785	0.399093	63
41.469387755	1.99546	64
43.464852608	2.5034	65
45.968253968	0.44263	66
46.410884354	0.333787	67
46.744671202	0.355556	68
47.100226757	0.319274	69
47.419501134	0.326531	70
47.746031746	0.268481	71
48.014512472	0.355556	72
48.370068027	0.362812	73
48.732879819	0.391837	74
49.124716553	0.275737	75
49.400453515	0.38458	76
49.785034014	2.49615	77
52.281179138	2.01723	78
54.298412698	2.4381	79
56.736507937	2.00272	80
58.739229025	2.28571	81
61.024943311	1.98095	82
63.005895692	2.24943	83
65.255328798	2.26395	84
67.519274376	0.348299	85
67.867573696	0.536961	86
68.404535147	1.07392	87
69.478458050	0.326531	88
69.804988662	0.725624	89
70.530612245	8.24308	90
78.773696145	0.471655	91
79.245351474	0.653061	92
79.898412698	0.957823	93
80.856235828	0.275737	94
81.131972789	0.747392	95
81.879365079	1.19002	96
83.069387755	0.413605	97
83.482993197	0.297506	98
83.780498866	0.312018	99
84.092517007	0.290249	100
84.382766440	0.297506	101
84.680272109	0.268481	102
84.948752834	0.268481	103
85.217233560	0.312018	104
85.529251701	0.326531	105
85.855782313	0.290249	106
86.146031746	0.319274	107
86.465306122	0.253968	108
86.719274376	0.370068	109
87.089342404	0.312018	110
87.401360544	0.261224	111
87.662585034	0.282993	112
87.945578231	0.312018	113
88.257596372	0.711111	114
88.968707483	0.239456	115
89.208163265	0.203175	116
89.411337868	0.2322	117
89.643537415	1.46576	118
91.109297052	0.304762	119
91.414058957	0.319274	120
91.733333333	0.326531	121
92.059863946	0.312018	122
92.371882086	0.297506	123
92.669387755	0.290249	124
92.959637188	0.297506	125
93.257142857	0.297506	126
93.554648526	0.304762	127
93.859410431	0.304762	128
94.164172336	0.261224	129
94.425396825	0.377324	130
94.802721088	1.18277	131
95.985487528	0.152381	132
96.137868481	0.130612	133
96.268480726	0.159637	134
96.428117914	0.152381	135
96.580498866	1.13923	136
97.719727891	0.166893	137
97.886621315	0.123356	138
98.009977324	0.130612	139
98.140589569	0.152381	140
98.292970522	2.81542	141
101.108390023	0.892517	142
102.000907029	0.253968	143
102.254875283	0.660317	144
102.915192744	0.870748	145
103.785941043	0.239456	146
104.025396825	0.682086	147
104.707482993	0.870748	148
105.578231293	0.246712	149
105.824943311	0.689342	150
106.514285714	0.536961	151
107.051247166	0.551474	152
107.602721088	0.67483	153
108.277551020	3.39592	154
111.673469388	0.667574	155
112.341043084	0.602268	156
112.943310658	0.2322	157
113.175510204	0.101587	158
113.277097506	0.1161	159
113.393197279	0.152381	160
113.545578231	0.17415	161
113.719727891	0.137868	162
113.857596372	0.1161	163
113.973696145	0.152381	164
114.126077098	0.145125	165
114.271201814	0.1161	166
114.387301587	0.130612	167
114.517913832	0.210431	168
114.728344671	0.166893	169
114.895238095	0.130612	170
115.025850340	0.130612	171
115.156462585	0.152381	172
115.308843537	0.638549	173
115.947392290	0.159637	174
116.107029478	0.1161	175
116.223129252	0.0943311	176
116.317460317	0.108844	177
116.426303855	0.108844	178
116.535147392	0.0943311	179
116.629478458	0.0870748	180
116.716553288	0.123356	181
116.839909297	0.101587	182
116.941496599	0.108844	183
117.050340136	0.1161	184
117.166439909	0.1161	185
117.282539683	0.101587	186
117.384126984	0.123356	187
117.507482993	0.101587	188
117.609070295	0.1161	189
117.725170068	0.0943311	190
117.819501134	0.130612	191
117.950113379	0.130612	192
118.080725624	0.101587	193
118.182312925	0.108844	194
118.291156463	0.101587	195
118.392743764	0.1161	196
118.508843537	0.1161	197
118.624943311	0.1161	198
118.741043084	0.108844	199
118.849886621	0.101587	200
118.951473923	0.0798186	201
119.031292517	0.0870748	202
119.118367347	0.137868	203
119.256235828	0.101587	204
119.357823129	0.130612	205
119.488435374	0.0943311	206
119.582766440	0.123356	207
119.706122449	0.0943311	208
119.800453515	0.1161	209
119.916553288	0.130612	210
120.047165533	0.101587	211
120.148752834	0.101587	212
120.250340136	0.108844	213
120.359183673	0.108844	214
120.468027211	0.130612	215
120.598639456	0.101587	216
120.700226757	0.108844	217
120.809070295	0.0870748	218
120.896145125	0.1161	219
121.012244898	0.0943311	220
121.106575964	0.123356	221
121.229931973	0.108844	222
121.338775510	0.1161	223
121.454875283	0.123356	224
121.578231293	0.101587	225
121.679818594	0.1161	226
121.795918367	0.101587	227
121.897505669	0.0943311	228
121.991836735	0.0943311	229
122.086167800	0.1161	230
122.202267574	0.0943311	231
122.296598639	0.101587	232
122.398185941	0.130612	233
122.528798186	0.0943311	234
122.623129252	0.108844	235
122.731972789	0.108844	236
122.840816327	0.1161	237
122.956916100	0.101587	238
123.058503401	0.0798186	239
123.138321995	0.130612	240
123.268934240	0.108844	241
123.377777778	0.0943311	242
123.472108844	0.1161	243
123.588208617	0.1161	244
123.704308390	0.0870748	245
123.791383220	0.145125	246
123.936507937	0.0943311	247
124.030839002	0.1161	248
124.146938776	0.0870748	249
124.234013605	0.0943311	250
124.328344671	0.123356	251
124.451700680	0.1161	252
124.567800454	0.101587	253
124.669387755	0.0943311	254
124.763718821	0.0943311	255
124.858049887	0.101587	256
124.959637188	0.130612	257
125.090249433	0.101587	258
125.191836735	0.0943311	259
125.286167800	0.101587	260
125.387755102	0.108844	261
125.496598639	0.108844	262
125.605442177	0.130612	263
125.736054422	0.137868	264
125.873922902	0.1161	265
125.990022676	0.1161	266
126.106122449	0.123356	267
126.229478458	0.130612	268
126.360090703	0.1161	269
126.476190476	0.130612	270
126.606802721	0.108844	271
126.715646259	0.101587	272
126.817233560	0.145125	273
126.962358277	0.123356	274
127.085714286	0.17415	275
127.259863946	0.1161	276
127.375963719	0.159637	277
127.535600907	0.101587	278
127.637188209	0.145125	279
127.782312925	0.145125	280
127.927437642	1.35692	281
129.284353741	0.166893	1
129.451247166	2.00998	2
131.461224490	0.152381	3
131.613605442	1.8068	4
133.420408163	0.137868	5
133.558276644	1.33515	6
134.893424036	0.79093	7
135.684353741	1.11746	8
136.801814059	0.181406	9
136.983219955	1.09569	10
138.078911565	0.878005	11
138.956916100	0.152381	12
139.109297052	0.957823	13
140.067120181	1.01587	14
141.082993197	0.152381	15
141.235374150	0.972336	16
142.207709751	0.914286	17
143.121995465	1.13197	18
144.253968254	1.41497	19
145.668934240	0.210431	20
145.879365079	1.67619	21
147.555555556	0.101587	22
147.657142857	1.7415	23
149.398639456	0.130612	24
149.529251701	1.84308	25
151.372335601	0.17415	26
151.546485261	1.84308	27
153.389569161	0.159637	28
153.549206349	1.03764	29
154.586848073	0.166893	30
154.753741497	1.11746	31
155.871201814	0.2322	32
156.103401361	0.986848	33
157.090249433	0.341043	34
157.431292517	0.892517	35
158.323809524	0.348299	36
158.672108844	1.03764	37
159.709750567	0.711111	38
160.420861678	0.457143	39
160.878004535	0.297506	40
161.175510204	0.348299	41
161.523809524	0.921542	42
162.445351474	0.413605	43
162.858956916	0.268481	44
163.127437642	0.312018	45
163.439455782	0.370068	46
163.809523810	0.355556	47
164.165079365	0.282993	48
164.448072562	0.304762	49
164.752834467	0.304762	50
165.057596372	0.362812	51
165.420408163	0.943311	52
166.363718821	0.312018	53
166.675736961	0.268481	54
166.944217687	0.282993	55
167.227210884	0.297506	56
167.524716553	0.290249	57
167.814965986	0.297506	58
168.112471655	0.253968	59
168.366439909	0.297506	60
168.663945578	0.38458	61
169.048526077	0.2322	62
169.280725624	0.341043	63
169.621768707	1.90839	64
171.530158730	2.35102	65
173.881179138	0.420862	66
174.302040816	0.341043	67
174.643083900	0.290249	68
174.933333333	0.304762	69
175.238095238	0.370068	70
175.608163265	0.275737	71
175.883900227	0.319274	72
176.203174603	0.297506	73
176.500680272	0.355556	74
176.856235828	0.290249	75
177.146485261	0.348299	76
177.494784580	2.35828	77
179.853061224	2.06077	78
181.913832200	2.63401	79
184.547845805	2.10431	80
186.652154195	2.42358	81
189.075736961	1.95193	82
191.027664399	2.21315	83
193.240816327	2.35102	84
195.591836735	0.319274	85
195.911111111	0.624036	86
196.535147392	0.979592	87
197.514739229	0.370068	88
197.884807256	0.754649	89
198.639455782	8.0254	90
206.664852608	0.478912	91
207.143764172	0.667574	92
207.811337868	0.943311	93
208.754648526	0.275737	94
209.030385488	0.747392	95
209.777777778	1.05215	96
210.829931973	0.413605	97
211.243537415	0.341043	98
211.584580499	0.304762	99
211.889342404	0.246712	100
212.136054422	0.275737	101
212.411791383	0.253968	102
212.665759637	0.275737	103
212.941496599	0.348299	104
213.289795918	0.261224	105
213.551020408	0.355556	106
213.906575964	0.290249	107
214.196825397	0.268481	108
214.465306122	0.341043	109
214.806349206	0.348299	110
215.154648526	0.246712	111
215.401360544	0.275737	112
215.677097506	0.326531	113
216.003628118	0.747392	114
216.751020408	0.297506	115
217.048526077	0.246712	116
217.295238095	0.2322	117
217.527437642	1.48027	118
219.007709751	0.341043	119
219.348752834	0.38458	120
219.733333333	0.312018	121
220.045351474	0.290249	122
220.335600907	0.304762	123
220.640362812	0.312018	124
220.952380952	0.275737	125
221.228117914	0.290249	126
221.518367347	0.319274	127
221.837641723	0.268481	128
222.106122449	0.312018	129
222.418140590	0.377324	130
222.795464853	1.19002	131
223.985487528	0.195918	132
224.181405896	0.1161	133
224.297505669	0.130612	134
224.428117914	0.166893	135
224.595011338	1.12472	136
225.719727891	0.166893	137
225.886621315	0.130612	138
226.017233560	0.1161	139
226.133333333	0.137868	140
226.271201814	2.84444	141
229.115646259	0.928798	142
230.044444444	0.268481	143
230.312925170	0.61678	144
230.929705215	0.899773	145
231.829478458	0.268481	146
232.097959184	0.602268	147
232.700226757	0.819955	148
233.520181406	0.297506	149
233.817687075	0.682086	150
234.499773243	0.602268	151
235.102040816	0.55873	152
235.660770975	0.61678	153
236.277551020	3.77324	154
240.050793651	0.689342	155
240.740136054	0.61678	156
241.356916100	0.275737	157
241.632653061	0.1161	158
241.748752834	0.108844	159
241.857596372	0.108844	160
241.966439909	0.203175	161
242.169614512	0.137868	162
242.307482993	0.101587	163
242.409070295	0.17415	164
242.583219955	0.159637	165
242.742857143	0.123356	166
242.866213152	0.145125	167
243.011337868	0.152381	168
243.163718821	0.181406	169
243.345124717	0.0943311	170
243.439455782	0.123356	171
243.562811791	0.217687	172
243.780498866	0.61678	173
244.397278912	0.130612	174
244.527891156	0.101587	175
244.629478458	0.101587	176
244.731065760	0.101587	177
244.832653061	0.123356	178
244.956009070	0.108844	179
245.064852608	0.123356	180
245.188208617	0.101587	181
245.289795918	0.108844	182
245.398639456	0.108844	183
245.507482993	0.108844	184
245.616326531	0.108844	185
245.725170068	0.1161	186
245.841269841	0.108844	187
245.950113379	0.108844	188
246.058956916	0.137868	189
246.196825397	0.101587	190
246.298412698	0.130612	191
246.429024943	0.101587	192
246.530612245	0.0798186	193
246.610430839	0.0943311	194
246.704761905	0.0870748	195
246.791836735	0.101587	196
246.893424036	0.123356	197
247.016780045	0.1161	198
247.132879819	0.123356	199
247.256235828	0.123356	200
247.379591837	0.1161	201
247.495691610	0.1161	202
247.611791383	0.137868	203
247.749659864	0.108844	204
247.858503401	0.123356	205
247.981859410	0.1161	206
248.097959184	0.101587	207
248.199546485	0.0943311	208
248.293877551	0.108844	209
248.402721088	0.123356	210
248.526077098	0.108844	211
248.634920635	0.101587	212
248.736507937	0.0943311	213
248.830839002	0.123356	214
248.954195011	0.0870748	215
249.041269841	0.130612	216
249.171882086	0.101587	217
249.273469388	0.108844	218
249.382312925	0.0870748	219
249.469387755	0.101587	220
249.570975057	0.1161	221
249.687074830	0.0943311	222
249.781405896	0.101587	223
249.882993197	0.0943311	224
249.977324263	0.123356	225
250.100680272	0.0943311	226
250.195011338	0.1161	227
250.311111111	0.108844	228
250.419954649	0.1161	229
250.536054422	0.1161	230
250.652154195	0.137868	231
250.790022676	0.108844	232
250.898866213	0.101587	233
251.000453515	0.1161	234
251.116553288	0.101587	235
251.218140590	0.0870748	236
251.305215420	0.123356	237
251.428571429	0.0798186	238
251.508390023	0.123356	239
251.631746032	0.101587	240
251.733333333	0.123356	241
251.856689342	0.1161	242
251.972789116	0.0725624	243
252.045351474	0.1161	244
252.161451247	0.108844	245
252.270294785	0.130612	246
252.400907029	0.0943311	247
252.495238095	0.101587	248
252.596825397	0.0798186	249
252.676643991	0.123356	250
252.800000000	0.108844	251
252.908843537	0.1161	252
253.024943311	0.101587	253
253.126530612	0.0943311	254
253.220861678	0.101587	255
253.322448980	0.108844	256
253.431292517	0.130612	257
253.561904762	0.108844	258
253.670748299	0.123356	259
253.794104308	0.123356	260
253.917460317	0.123356	261
254.040816327	0.0943311	262
254.135147392	0.130612	263
254.265759637	0.108844	264
254.374603175	0.0943311	265
254.468934240	0.1161	266
254.585034014	0.108844	267
254.693877551	0.108844	268
254.802721088	0.123356	269
254.926077098	0.145125	270
255.071201814	0.108844	271
255.180045351	0.101587	272
255.281632653	0.0943311	273
255.375963719	0.145125	274
255.521088435	0.1161	275
255.637188209	0.1161	276
255.753287982	0.123356	277
255.876643991	0.123356	278
256.000000000	0.137868	279
256.137868481	0.123356	280
256.261224490	0.2322	281
256.493424036	1.2771	282
257.770521542	0.137868	283
257.908390023	1.90113	284
259.809523810	0.1161	285
259.925623583	5.84127	286
265.766893424	0.17415	287
265.941043084	1.82857	288
267.769614512	0.17415	289
267.943764172	8.38095	290
276.324716553	0.38458	291
276.709297052	0.370068	292
277.079365079	0.370068	293
277.449433107	0.399093	294
277.848526077	0.355556	295
278.204081633	0.333787	296
278.537868481	0.50068	297
279.038548753	0.370068	298
279.408616780	0.834467	299
280.243083900	0.413605	300
280.656689342	0.341043	301
280.997732426	0.406349	302
281.404081633	0.333787	303
281.737868481	0.399093	304
282.136961451	0.493424	305
282.630385488	0.44263	306
283.073015873	0.761905	307
283.834920635	0.326531	308
284.161451247	0.275737	309
284.437188209	0.377324	310
284.814512472	0.377324	311
285.191836735	0.827211	312
286.019047619	0.304762	313
286.323809524	0.333787	314
286.657596372	0.783673	315
287.441269841	2.63401	316
290.075283447	0.435374	317
290.510657596	0.341043	318
290.851700680	0.319274	319
291.170975057	0.297506	320
291.468480726	0.377324	321
291.845804989	0.471655	322
292.317460317	0.377324	323
292.694784580	0.406349	324
293.101133787	0.355556	325
293.456689342	0.312018	326
293.768707483	0.435374	327
294.204081633	0.464399	328
294.668480726	0.907029	329
295.575510204	0.84898	330
296.424489796	0.819955	331
297.244444444	0.805442	332
298.049886621	0.413605	333
298.463492063	0.348299	334
298.811791383	0.370068	335
299.181859410	1.21179	336
300.393650794	0.406349	337
300.800000000	0.377324	338
301.177324263	0.297506	339
301.474829932	1.25533	340
302.730158730	0.464399	341
303.194557823	2.11882	342
305.313378685	0.348299	343
305.661678005	0.333787	344
305.995464853	0.297506	345
306.292970522	0.333787	346
306.626757370	0.348299	347
306.975056689	0.464399	348
307.439455782	2.13333	349
309.572789116	0.326531	350
309.899319728	0.297506	351
310.196825397	0.304762	352
310.501587302	0.370068	353
310.871655329	0.348299	354
311.219954649	0.355556	355
311.575510204	1.98821	356
313.563718821	0.188662	357
313.752380952	0.137868	358
313.890249433	0.101587	359
313.991836735	0.0870748	360
314.078911565	0.101587	361
314.180498866	0.123356	362
314.303854875	0.137868	363
314.441723356	0.0870748	364
314.528798186	0.1161	365
314.644897959	0.0798186	366
314.724716553	0.123356	367
314.848072562	0.0943311	368
314.942403628	0.123356	369
315.065759637	0.101587	370
315.167346939	0.1161	371
315.283446712	0.152381	372
315.435827664	0.130612	373
315.566439909	0.137868	374
315.704308390	0.1161	375
315.820408163	0.1161	376
315.936507937	0.130612	377
316.067120181	0.108844	378
316.175963719	0.123356	379
316.299319728	0.108844	380
316.408163265	0.130612	381
316.538775510	0.108844	382
316.647619048	0.123356	383
316.770975057	0.0943311	384
316.865306122	0.123356	385
316.988662132	0.108844	386
317.097505669	0.101587	387
317.199092971	0.108844	388
317.307936508	0.108844	389
317.416780045	0.101587	390
317.518367347	0.101587	391
317.619954649	0.268481	392
317.888435374	0.210431	393
318.098866213	0.152381	394
318.251247166	0.0943311	395
318.345578231	0.1161	396
318.461678005	0.1161	397
318.577777778	0.101587	398
318.679365079	0.0943311	399
318.773696145	0.123356	400
318.897052154	0.137868	401
319.034920635	0.1161	402
319.151020408	0.123356	403
319.274376417	0.123356	404
319.397732426	0.137868	405
319.535600907	0.101587	406
319.637188209	0.1161	407
319.753287982	0.1161	408
319.869387755	0.137868	409
320.007256236	0.108844	410
320.116099773	0.203175	411
320.319274376	0.159637	412
320.478911565	0.137868	413
320.616780045	0.1161	414
320.732879819	0.1161	415
320.848979592	0.108844	416
320.957823129	0.152381	417
321.110204082	0.123356	418
321.233560091	0.130612	419
321.364172336	0.108844	420
321.473015873	0.137868	421
321.610884354	0.108844	422
321.719727891	0.130612	423
321.850340136	0.130612	424
321.980952381	0.1161	425
322.097052154	0.145125	426
322.242176871	0.137868	427
322.380045351	0.166893	428
322.546938776	0.17415	429
322.721088435	0.152381	430
322.873469388	0.1161	431
322.989569161	0.108844	432
323.098412698	0.145125	433
323.243537415	0.123356	434
323.366893424	0.1161	435
323.482993197	0.130612	436
323.613605442	0.123356	437
323.736961451	0.1161	438
323.853061224	0.123356	439
323.976417234	0.130612	440
324.107029478	0.130612	441
324.237641723	0.137868	442
324.375510204	0.1161	443
324.491609977	0.1161	444
324.607709751	0.130612	445
324.738321995	0.137868	446
324.876190476	0.0870748	447
324.963265306	0.130612	448
325.093877551	0.137868	449
325.231746032	0.108844	450
325.340589569	0.108844	451
325.449433107	0.123356	452
325.572789116	0.108844	453
325.681632653	0.130612	454
325.812244898	0.0870748	455
325.899319728	0.137868	456
326.037188209	0.123356	457
326.160544218	0.130612	458
326.291156463	0.145125	459
326.436281179	0.159637	460
326.595918367	0.137868	461
326.733786848	0.130612	462
326.864399093	0.145125	463
327.009523810	0.268481	464
327.278004535	0.268481	465
327.546485261	0.1161	466
327.662585034	0.1161	467
327.778684807	0.1161	468
327.894784580	0.1161	469
328.010884354	0.166893	470
328.177777778	0.123356	471
328.301133787	0.130612	472
328.431746032	0.1161	473
328.547845805	0.152381	474
328.700226757	0.1161	475
328.816326531	0.123356	476
328.939682540	0.137868	477
329.077551020	0.145125	478
329.222675737	0.0798186	479
329.302494331	0.130612	480
329.433106576	0.145125	481
329.578231293	0.130612	482
329.708843537	0.203175	483
329.912018141	0.152381	484
330.064399093	0.1161	485
330.180498866	0.108844	486
330.289342404	0.101587	487
330.390929705	0.108844	488
330.499773243	0.159637	489
330.659410431	0.101587	490
330.760997732	0.101587	491
330.862585034	0.137868	492
331.000453515	0.123356	493
331.123809524	0.145125	494
331.268934240	0.1161	495
331.385034014	0.130612	496
331.515646259	0.108844	497
331.624489796	0.123356	498
331.747845805	0.130612	499
331.878458050	0.166893	500
332.045351474	0.17415	501
332.219501134	0.159637	502
332.379138322	0.101587	503
332.480725624	0.108844	504
332.589569161	0.1161	505
332.705668934	0.130612	506
332.836281179	0.159637	507
332.995918367	0.130612	508
333.126530612	0.101587	509
333.228117914	0.123356	510
333.351473923	0.101587	511
333.453061224	0.1161	512
333.569160998	0.130612	513
333.699773243	0.130612	514
333.830385488	0.108844	515
333.939229025	0.130612	516
334.069841270	0.108844	517
334.178684807	0.152381	518
334.331065760	0.145125	519
334.476190476	0.137868	520
334.614058957	0.0943311	521
334.708390023	0.1161	522
334.824489796	0.108844	523
334.933333333	0.101587	524
335.034920635	0.152381	525
335.187301587	0.1161	526
335.303401361	0.0943311	527
335.397732426	0.108844	528
335.506575964	0.101587	529
335.608163265	0.137868	530
335.746031746	0.130612	531
335.876643991	0.0725624	532
335.949206349	0.108844	533
336.058049887	0.123356	534
336.181405896	0.145125	535
336.326530612	0.101587	536
336.428117914	0.145125	537
336.573242630	0.130612	538
336.703854875	0.130612	539
336.834467120	0.123356	540
336.957823129	0.123356	541
337.081179138	0.145125	542
337.226303855	0.123356	543
337.349659864	0.130612	544
337.480272109	0.123356	545
337.603628118	0.1161	546
337.719727891	0.108844	547
337.828571429	0.1161	548
337.944671202	0.137868	549
338.082539683	0.101587	550
338.184126984	0.123356	551
338.307482993	0.101587	552
338.409070295	0.0870748	553
338.496145125	0.130612	554
338.626757370	0.130612	555
338.757369615	0.0943311	556
338.851700680	0.137868	557
338.989569161	0.101587	558
339.091156463	0.108844	559
339.200000000	0.1161	560
339.316099773	0.123356	561
339.439455782	0.1161	562
339.555555556	0.0943311	563
339.649886621	0.1161	564
339.765986395	0.108844	565
339.874829932	0.1161	566
339.990929705	0.130612	567
340.121541950	0.1161	568
340.237641723	0.188662	569
340.426303855	0.130612	570
340.556916100	0.101587	571
340.658503401	0.166893	572
340.825396825	0.152381	573
340.977777778	0.123356	574
341.101133787	0.1161	575
341.217233560	0.101587	576
341.318820862	0.1161	577
341.434920635	0.0798186	578
341.514739229	0.1161	579
341.630839002	0.130612	580
341.761451247	0.145125	581
341.906575964	0.145125	582
342.051700680	0.1161	583
342.167800454	0.152381	584
342.320181406	0.0943311	585
342.414512472	0.130612	586
342.545124717	0.0943311	587
342.639455782	0.0870748	588
342.726530612	0.0653061	589
342.791836735	0.0943311	590
342.886167800	0.123356	591
343.009523810	0.130612	592
343.140136054	0.123356	593
343.263492063	0.101587	594
343.365079365	0.0943311	595
343.459410431	0.145125	596
343.604535147	0.159637	597
343.764172336	0.152381	598
343.916553288	0.108844	599
344.025396825	0.1161	600
344.141496599	0.1161	601
344.257596372	0.130612	602
344.388208617	0.137868	603
344.526077098	0.101587	604
344.627664399	0.101587	605
344.729251701	0.0943311	606
344.823582766	0.101587	607
344.925170068	0.108844	608
345.034013605	0.123356	609
345.157369615	0.1161	610
345.273469388	0.108844	611
345.382312925	0.1161	612
345.498412698	0.108844	613
345.607256236	0.123356	614
345.730612245	0.159637	615
345.890249433	0.108844	616
345.999092971	0.123356	617
346.122448980	0.166893	618
346.289342404	0.1161	619
346.405442177	0.108844	620
346.514285714	0.0870748	621
346.601360544	0.101587	622
346.702947846	0.108844	623
346.811791383	0.1161	624
346.927891156	0.0943311	625
347.022222222	0.123356	626
347.145578231	0.130612	627
347.276190476	0.137868	628
347.414058957	0.108844	629
347.522902494	0.123356	630
347.646258503	0.108844	631
347.755102041	0.1161	632
347.871201814	0.145125	633
348.016326531	0.145125	634
348.161451247	0.0943311	635
348.255782313	0.130612	636
348.386394558	0.101587	637
348.487981859	0.1161	638
348.604081633	0.166893	639
348.770975057	0.101587	640
348.872562358	0.0943311	641
348.966893424	0.130612	642
349.097505669	0.137868	643
349.235374150	0.101587	644
349.336961451	0.1161	645
349.453061224	0.123356	646
349.576417234	0.123356	647
349.699773243	0.123356	648
349.823129252	0.108844	649
349.931972789	0.123356	650
350.055328798	0.130612	651
350.185941043	0.1161	652
350.302040816	0.0798186	653
350.381859410	0.130612	654
350.512471655	0.123356	655
350.635827664	0.108844	656
350.744671202	0.108844	657
350.853514739	0.101587	658
350.955102041	0.130612	659
351.085714286	0.0943311	660
351.180045351	0.130612	661
351.310657596	0.188662	662
351.499319728	0.203175	663
351.702494331	0.181406	664
351.883900227	0.108844	665
351.992743764	0.0870748	666
352.079818594	0.1161	667
352.195918367	0.1161	668
352.312018141	0.123356	669
352.435374150	0.108844	670
352.544217687	0.108844	671
352.653061224	0.123356	672
352.776417234	0.123356	673
352.899773243	0.101587	674
353.001360544	0.130612	675
353.131972789	0.123356	676
353.255328798	0.123356	677
353.378684807	0.0870748	678
353.465759637	0.123356	679
353.589115646	0.130612	680
353.719727891	0.130612	681
353.850340136	0.137868	682
353.988208617	0.108844	683
354.097052154	0.130612	684
354.227664399	0.152381	685
354.380045351	0.1161	686
354.496145125	0.108844	687
354.604988662	0.0943311	688
354.699319728	0.130612	689
354.829931973	0.108844	690
354.938775510	0.145125	691
355.083900227	0.108844	692
355.192743764	0.1161	693
355.308843537	0.101587	694
355.410430839	0.1161	695
355.526530612	0.0870748	696
355.613605442	0.130612	697
355.744217687	0.188662	698
355.932879819	0.1161	699
356.048979592	0.152381	700
356.201360544	0.152381	701
356.353741497	0.17415	702
356.527891156	0.123356	703
356.651247166	0.130612	704
356.781859410	0.1161	705
356.897959184	0.1161	706
357.014058957	0.1161	707
357.130158730	0.123356	708
357.253514739	0.123356	709
357.376870748	0.130612	710
357.507482993	0.123356	711
357.630839002	0.123356	712
357.754195011	0.152381	713
357.906575964	0.130612	714
358.037188209	0.17415	715
358.211337868	0.624036	716
358.835374150	0.210431	717
359.045804989	0.108844	718
359.154648526	0.123356	719
359.278004535	0.137868	720
359.415873016	0.137868	721
359.553741497	0.145125	722
359.698866213	0.108844	723
359.807709751	0.0943311	724
359.902040816	0.101587	725
360.003628118	0.130612	726
360.134240363	0.108844	727
360.243083900	0.0870748	728
360.330158730	0.101587	729
360.431746032	0.0943311	730
360.526077098	0.0943311	731
360.620408163	0.137868	732
360.758276644	0.108844	733
360.867120181	0.123356	734
360.990476190	0.1161	735
361.106575964	0.123356	736
361.229931973	0.108844	737
361.338775510	0.1161	738
361.454875283	0.1161	739
361.570975057	0.0870748	740
361.658049887	0.108844	741
361.766893424	0.108844	742
361.875736961	0.1161	743
361.991836735	0.1161	744
362.107936508	0.137868	745
362.245804989	0.1161	746
362.361904762	0.0798186	747
362.441723356	0.0943311	748
362.536054422	0.130612	749
362.666666667	0.1161	750
362.782766440	0.152381	751
362.935147392	0.137868	752
363.073015873	0.1161	753
363.189115646	0.130612	754
363.319727891	0.0943311	755
363.414058957	0.1161	756
363.530158730	0.130612	757
363.660770975	0.0943311	758
363.755102041	0.108844	759
363.863945578	0.101587	760
363.965532880	0.1161	761
364.081632653	0.101587	762
364.183219955	0.137868	763
364.321088435	0.108844	764
364.429931973	0.101587	765
364.531519274	0.137868	766
364.669387755	0.0870748	767
364.756462585	0.145125	768
364.901587302	0.101587	769
365.003174603	0.130612	770
365.133786848	0.268481	771
365.402267574	0.152381	772
365.554648526	0.130612	773
365.685260771	0.0870748	774
365.772335601	0.0943311	775
365.866666667	0.101587	776
365.968253968	0.108844	777
366.077097506	0.108844	778
366.185941043	0.130612	779
366.316553288	0.1161	780
366.432653061	0.130612	781
366.563265306	0.130612	782
366.693877551	0.101587	783
366.795464853	0.1161	784
366.911564626	0.0870748	785
366.998639456	0.108844	786
367.107482993	0.0798186	787
367.187301587	0.130612	788
367.317913832	0.137868	789
367.455782313	0.130612	790
367.586394558	0.0870748	791
367.673469388	0.1161	792
367.789569161	0.130612	793
367.920181406	0.137868	794
368.058049887	0.101587	795
368.159637188	0.137868	796
368.297505669	0.108844	797
368.406349206	0.101587	798
368.507936508	0.101587	799
368.609523810	0.0943311	800
368.703854875	0.130612	801
368.834467120	0.130612	802
368.965079365	0.0943311	803
369.059410431	0.1161	804
369.175510204	0.137868	805
369.313378685	0.108844	806
369.422222222	0.166893	807
369.589115646	0.166893	808
369.756009070	0.145125	809
369.901133787	0.123356	810
370.024489796	0.123356	811
370.147845805	0.130612	812
370.278458050	0.108844	813
370.387301587	0.0943311	814
370.481632653	0.101587	815
370.583219955	0.1161	816
370.699319728	0.145125	817
370.844444444	0.123356	818
370.967800454	0.123356	819
371.091156463	0.1161	820
371.207256236	0.108844	821
371.316099773	0.108844	822
371.424943311	0.137868	823
371.562811791	0.326531	824
371.889342404	0.336689	825
372.226031746	0.360635	826
372.586666667	0.264127	827
372.850793651	0.365714	828
373.216507937	0.253968	829
373.470476190	0.365714	830
373.836190476	3.91619	831
377.752380952	0.375873	832
378.128253968	0.269206	833
378.397460317	0.24381	834
378.641269841	0.32	835
378.961269841	0.375873	836
379.337142857	0.345397	837
379.682539683	1.32571	838
381.008253968	0.573968	839
381.582222222	1.98603	840
383.568253968	0.695873	841
384.264126984	0.619683	842
384.883809524	0.594286	843
385.478095238	0.573968	844
386.052063492	0.634921	845
386.686984127	0.629841	846
387.316825397	1.91492	847
389.231746032	2.10794	848
391.339682540	1.16317	849
392.502857143	0.0863492	850
392.589206349	1.81333	851
394.402539683	0.116825	852
394.519365079	1.68127	853
396.200634921	0.142222	854
396.342857143	1.32571	855
397.668571429	0.665397	856
398.333968254	1.26476	857
399.598730159	0.111746	858
399.710476190	1.08698	859
400.797460317	0.822857	860
401.620317460	0.16254	861
401.782857143	0.924444	862
402.707301587	0.939683	863
403.646984127	0.142222	864
403.789206349	0.954921	865
404.744126984	0.87873	866
405.622857143	0.995556	867
406.618412698	0.87873	868
407.497142857	0.152381	869
407.649523810	1.61016	870
409.259682540	0.208254	871
409.467936508	0.624762	872
410.092698413	1.11238	873
411.205079365	0.137143	874
411.342222222	0.584127	875
411.926349206	0.619683	876
412.546031746	0.624762	877
413.170793651	0.731429	878
413.902222222	1.22413	879
415.126349206	0.187937	880
415.314285714	0.259048	881
415.573333333	0.350476	882
415.923809524	0.873651	883
416.797460317	0.335238	884
417.132698413	0.289524	885
417.422222222	0.279365	886
417.701587302	0.284444	887
417.986031746	0.23873	888
418.224761905	0.330159	889
418.554920635	0.274286	890
418.829206349	0.259048	891
419.088253968	0.279365	892
419.367619048	0.954921	893
420.322539683	0.375873	894
420.698412698	0.23873	895
420.937142857	0.218413	896
421.155555556	0.284444	897
421.440000000	0.314921	898
421.754920635	0.259048	899
422.013968254	0.279365	900
422.293333333	0.330159	901
422.623492063	0.279365	902
422.902857143	0.299683	903
423.202539683	0.711111	904
423.913650794	0.325079	905
424.238730159	0.650159	906
424.888888889	0.995556	907
425.884444444	0.375873	908
426.260317460	0.670476	909
426.930793651	8.33524	910
435.266031746	0.518095	911
435.784126984	0.72127	912
436.505396825	1.03619	913
437.541587302	0.314921	914
437.856507937	0.761905	915
438.618412698	1.18857	916
439.806984127	0.380952	917
440.187936508	0.325079	918
440.513015873	0.269206	919
440.782222222	0.253968	920
441.036190476	0.32	921
441.356190476	0.259048	922
441.615238095	0.269206	923
441.884444444	0.32	924
442.204444444	0.253968	925
442.458412698	0.406349	926
442.864761905	0.32	927
443.184761905	0.23873	928
443.423492063	0.360635	929
443.784126984	0.380952	930
444.165079365	0.248889	931
444.413968254	0.253968	932
444.667936508	0.304762	933
444.972698413	0.685714	934
445.658412698	0.269206	935
445.927619048	0.269206	936
446.196825397	0.193016	937
446.389841270	1.4019	938
447.791746032	0.330159	939
448.121904762	0.335238	940
448.457142857	0.309841	941
448.766984127	0.32	942
449.086984127	0.294603	943
449.381587302	0.294603	944
449.676190476	0.294603	945
449.970793651	0.284444	946
450.255238095	0.299683	947
450.554920635	0.294603	948
450.849523810	0.269206	949
451.118730159	0.375873	950
451.494603175	1.20889	951
452.703492063	0.147302	952
452.850793651	0.132063	953
452.982857143	0.132063	954
453.114920635	0.152381	955
453.267301587	1.14286	956
454.410158730	0.15746	957
454.567619048	0.132063	958
454.699682540	0.106667	959
454.806349206	0.177778	960
454.984126984	2.79365	961
457.777777778	0.899048	962
458.676825397	0.253968	963
458.930793651	0.619683	964
459.550476190	0.863492	965
460.413968254	0.233651	966
460.647619048	0.634921	967
461.282539683	0.87873	968
462.161269841	0.228571	969
462.389841270	0.670476	970
463.060317460	0.568889	971
463.629206349	0.55873	972
464.187936508	0.579048	973
464.766984127	0.72127	974
465.488253968	2.88	975
468.368253968	0.690794	976
469.059047619	0.584127	977
469.643174603	0.167619	978
469.810793651	0.111746	979
469.922539683	0.15746	980
470.080000000	0.16254	981
470.242539683	0.152381	982
470.394920635	0.142222	983
470.537142857	0.137143	984
470.674285714	0.16254	985
470.836825397	0.15746	986
470.994285714	0.121905	987
471.116190476	0.126984	988
471.243174603	0.193016	989
471.436190476	0.142222	990
471.578412698	0.121905	991
471.700317460	0.121905	992
471.822222222	0.203175	993
472.025396825	0.137143	994
472.162539683	0.126984	995
472.289523810	0.167619	996
472.457142857	0.167619	997
472.624761905	0.137143	998
472.761904762	0.0965079	999
472.858412698	0.101587	1000
472.960000000	0.101587	1001
473.061587302	0.106667	1002
473.168253968	0.116825	1003
473.285079365	0.132063	1004
473.417142857	0.126984	1005
473.544126984	0.0914286	1006
473.635555556	0.101587	1007
473.737142857	0.0914286	1008
473.828571429	0.106667	1009
473.935238095	0.121905	1010
474.057142857	0.121905	1011
474.179047619	0.0914286	1012
474.270476190	0.137143	1013
474.407619048	0.0965079	1014
474.504126984	0.126984	1015
474.631111111	0.0914286	1016
474.722539683	0.116825	1017
474.839365079	0.0863492	1018
474.925714286	0.106667	1019
475.032380952	0.0965079	1020
475.128888889	0.182857	1021
475.311746032	0.126984	1022
475.438730159	0.101587	1023
475.540317460	0.0914286	1024
475.631746032	0.106667	1025
475.738412698	0.0914286	1026
475.829841270	0.0965079	1027
475.926349206	0.106667	1028
476.033015873	0.106667	1029
476.139682540	0.111746	1030
476.251428571	0.116825	1031
476.368253968	0.0965079	1032
476.464761905	0.111746	1033
476.576507937	0.111746	1034
476.688253968	0.111746	1035
476.800000000	0.0863492	1036
476.886349206	0.126984	1037
477.013333333	0.111746	1038
477.125079365	0.111746	1039
477.236825397	0.126984	1040
477.363809524	0.101587	1041
477.465396825	0.111746	1042
477.577142857	0.101587	1043
477.678730159	0.111746	1044
477.790476190	0.0914286	1045
477.881904762	0.132063	1046
478.013968254	0.106667	1047
478.120634921	0.106667	1048
478.227301587	0.106667	1049
478.333968254	0.0965079	1050
478.430476190	0.126984	1051
478.557460317	0.126984	1052
478.684444444	0.106667	1053
478.791111111	0.0863492	1054
478.877460317	0.121905	1055
478.999365079	0.106667	1056
479.106031746	0.0965079	1057
479.202539683	0.101587	1058
479.304126984	0.111746	1059
479.415873016	0.0863492	1060
479.502222222	0.126984	1061
479.629206349	0.0812698	1062
479.710476190	0.106667	1063
479.817142857	0.121905	1064
479.939047619	0.121905	1065
480.060952381	0.0863492	1066
480.147301587	0.101587	1067
480.248888889	0.126984	1068
480.375873016	0.121905	1069
480.497777778	0.111746	1070
480.609523810	0.106667	1071
480.716190476	0.0965079	1072
480.812698413	0.106667	1073
480.919365079	0.126984	1074
481.046349206	0.116825	1075
481.163174603	0.111746	1076
481.274920635	0.106667	1077
481.381587302	0.111746	1078
481.493333333	0.0863492	1079
481.579682540	0.106667	1080
481.686349206	0.126984	1081
481.813333333	0.132789	1082
481.946122449	0.0957823	1083
482.041904762	0.0870748	1084
482.128979592	0.126259	1085
482.255238095	0.102313	1086
482.357551020	0.182132	1087
482.539682540	0.105215	1088
482.644897959	0.0979592	1089
482.742857143	0.10449	1090
482.847346939	0.0885261	1091
482.935873016	0.107392	1092
483.043265306	0.0957823	1093
483.139047619	0.13932	1094
483.278367347	0.143673	1095
483.422040816	0.137143	1096
483.559183673	0.0783673	1097
483.637551020	0.130612	1098
483.768163265	0.117551	1099
483.885714286	0.137143	1100
484.022857143	0.0914286	1101
484.114285714	0.11102	1102
484.225306122	0.0914286	1103
484.316734694	0.10449	1104
484.421224490	0.0979592	1105
484.519183673	0.10449	1106
484.623673469	0.10449	1107
484.728163265	0.10449	1108
484.832653061	0.11102	1109
484.943673469	0.11102	1110
485.054693878	0.163265	1111
485.217959184	0.117551	1112
485.335510204	0.11102	1113
485.446530612	0.124082	1114
485.570612245	0.0914286	1115
485.662040816	0.10449	1116
485.766530612	0.117551	1117
485.884081633	0.117551	1118
486.001632653	0.11102	1119
486.112653061	0.10449	1120
486.217142857	0.11102	1121
486.328163265	0.119728	1122
486.447891156	0.239456	1123
486.687346939	1.1298	1124
487.817142857	0.176327	1125
487.993469388	1.90694	1126
489.900408163	0.150204	1127
490.050612245	5.83184	1128
495.882448980	0.156735	1129
496.039183673	1.73061	1130
497.769795918	0.241633	1131
498.011428571	7.17061	1132
505.182040816	0.737959	1133
505.920000000	0.783673	1134
506.703673469	0.692245	1135
507.395918367	0.783673	1136
508.179591837	0.737959	1137
508.917551020	0.835918	1138
509.753469388	0.156735	1139
509.910204082	0.10449	1140
510.014693878	0.137143	1141
510.151836735	0.11102	1142
510.262857143	0.137143	1143
510.400000000	0.130612	1144
510.530612245	0.0783673	1145
510.608979592	0.137143	1146
510.746122449	0.124082	1147
510.870204082	0.0979592	1148
510.968163265	0.130612	1149
511.098775510	0.124082	1150
511.222857143	0.11102	1151
511.333877551	0.117551	1152
511.451428571	0.124082	1153
511.575510204	0.0979592	1154
511.673469388	0.11102	1155
511.784489796	0.117551	1156
511.902040816	0.130612	1157
512.032653061	0.0914286	1158
512.124081633	0.10449	1159
512.228571429	0.0979592	1160
512.326530612	0.124082	1161
512.450612245	0.10449	1162
512.555102041	0.117551	1163
512.672653061	0.124082	1164
512.796734694	0.11102	1165
512.907755102	0.0979592	1166
513.005714286	0.124082	1167
513.129795918	0.137143	1168
513.266938776	0.156735	1169
513.423673469	0.124082	1170
513.547755102	0.130612	1171
513.678367347	0.0979592	1172
513.776326531	0.11102	1173
513.887346939	0.117551	1174
514.004897959	0.150204	1175
514.155102041	0.117551	1176
514.272653061	0.130612	1177
514.403265306	0.0979592	1178
514.501224490	0.150204	1179
514.651428571	0.130612	1180
514.782040816	0.130612	1181
514.912653061	0.117551	1182
515.030204082	0.143673	1183
515.173877551	0.137143	1184
515.311020408	0.117551	1185
515.428571429	0.11102	1186
515.539591837	0.163265	1187
515.702857143	0.117551	1188
515.820408163	0.124082	1189
515.944489796	0.156735	1190
516.101224490	0.150204	1191
516.251428571	0.163265	1192
516.414693878	0.11102	1193
516.525714286	0.124082	1194
516.649795918	0.11102	1195
516.760816327	0.0979592	1196
516.858775510	0.124082	1197
516.982857143	0.124082	1198
517.106938776	0.124082	1199
517.231020408	0.124082	1200
517.355102041	0.11102	1201
517.466122449	0.11102	1202
517.577142857	0.150204	1203
517.727346939	0.130612	1204
517.857959184	0.117551	1205
517.975510204	0.137143	1206
518.112653061	0.117551	1207
518.230204082	0.11102	1208
518.341224490	0.130612	1209
518.471836735	0.137143	1210
518.608979592	0.137143	1211
518.746122449	0.130612	1212
518.876734694	0.124082	1213
519.000816327	0.143673	1214
519.144489796	0.11102	1215
519.255510204	0.163265	1216
519.418775510	0.124082	1217
519.542857143	0.156735	1218
519.699591837	0.130612	1219
519.830204082	0.163265	1220
519.993469388	0.176327	1221
520.169795918	0.143673	1222
520.313469388	0.130612	1223
520.444081633	0.182857	1224
520.626938776	0.143673	1225
520.770612245	0.189388	1226
520.960000000	0.156735	1227
521.116734694	0.457143	1228
521.573877551	4.64327	1229
526.217142857	0.685714	1230
526.902857143	0.868571	1231
527.771428571	1.30612	1232
529.077551020	0.385306	1233
529.462857143	0.881633	1234
530.344489796	1.27347	1235
531.617959184	0.417959	1236
532.035918367	0.365714	1237
532.401632653	0.378776	1238
532.780408163	0.404898	1239
533.185306122	0.404898	1240
533.590204082	0.293878	1241
533.884081633	0.411429	1242
534.295510204	0.391837	1243
534.687346939	0.365714	1244
535.053061224	0.450612	1245
535.503673469	0.378776	1246
535.882448980	0.457143	1247
536.339591837	0.411429	1248
536.751020408	0.417959	1249
537.168979592	0.365714	1250
537.534693878	0.378776	1251
537.913469388	0.365714	1252
538.279183673	0.365714	1253
538.644897959	0.42449	1254
539.069387755	0.816327	1255
539.885714286	0.43102	1256
540.316734694	0.509388	1257
540.826122449	0.770612	1258
541.596734694	0.450612	1259
542.047346939	0.574694	1260
542.622040816	2.05714	1261
544.679183673	0.21551	1262
544.894693878	0.21551	1263
545.110204082	0.137143	1264
545.247346939	0.124082	1265
545.371428571	0.163265	1266
545.534693878	0.189388	1267
545.724081633	0.143673	1268
545.867755102	0.143673	1269
546.011428571	0.117551	1270
546.128979592	0.117551	1271
546.246530612	0.143673	1272
546.390204082	0.150204	1273
546.540408163	0.176327	1274
546.716734694	0.156735	1275
546.873469388	0.150204	1276
547.023673469	0.137143	1277
547.160816327	0.137143	1278
547.297959184	0.176327	1279
547.474285714	0.169796	1280
547.644081633	0.182857	1281
547.826938776	0.124082	1282
547.951020408	0.150204	1283
548.101224490	0.163265	1284
548.264489796	0.150204	1285
548.414693878	0.124082	1286
548.538775510	0.124082	1287
548.662857143	0.0979592	1288
548.760816327	0.156735	1289
548.917551020	0.150204	1290
549.067755102	0.169796	1291
549.237551020	0.176327	1292
549.413877551	0.182857	1293
549.596734694	0.137143	1294
549.733877551	0.156735	1295
549.890612245	0.143673	1296
550.034285714	0.156735	1297
550.191020408	0.169796	1298
550.360816327	0.222041	1299
550.582857143	0.124082	1300
550.706938776	0.143673	1301
550.850612245	0.11102	1302
550.961632653	0.130612	1303
551.092244898	0.11102	1304
551.203265306	0.137143	1305
551.340408163	0.150204	1306
551.490612245	0.176327	1307
551.666938776	0.150204	1308
551.817142857	0.235102	1309
552.052244898	0.130612	1310
552.182857143	0.143673	1311
552.326530612	0.11102	1312
552.437551020	0.189388	1313
552.626938776	0.143673	1314
552.770612245	0.143673	1315
552.914285714	0.189388	1316
553.103673469	0.182857	1317
553.286530612	0.150204	1318
553.436734694	0.163265	1319
553.600000000	0.163265	1320
553.763265306	0.261224	1321
554.024489796	0.248163	1322
554.272653061	0.222041	1323
554.494693878	0.117551	1324
554.612244898	0.176327	1325
554.788571429	0.156735	1326
554.945306122	0.235102	1327
555.180408163	0.228571	1328
555.408979592	0.182857	1329
555.591836735	0.20898	1330
555.800816327	0.195918	1331
555.996734694	0.306939	1332
556.303673469	0.457143	1333
556.760816327	1.66531	1334
558.426122449	0.176327	1335
558.602448980	1.11673	1336
559.719183673	1.34531	1337
561.064489796	0.346122	1338
561.410612245	1.05796	1339
562.468571429	1.17551	1340
563.644081633	0	1341