1.175510204	1.2	1
2.375510204	1.21633	2
3.591836735	1.20816	3
4.800000000	1.11837	4
5.918367347	1.18367	5
7.102040816	1.15918	6
8.261224490	1.26531	7
9.526530612	1.19184	8
10.718367347	1.13469	9
11.853061224	1.2	10
13.053061224	1.15918	11
14.212244898	1.15102	12
15.363265306	1.2	13
16.563265306	1.28163	14
17.844897959	1.25494	15
19.099841270	1.25934	16
20.359183673	1.16145	17
21.520634921	1.24671	18
22.767346939	1.18367	19
23.951020408	1.13469	20
25.085714286	1.15102	21
26.236734694	1.15819	22
27.394920635	1.16948	23
28.564399093	1.14172	24
29.706122449	1.1102	25
30.816326531	1.12653	26
31.942857143	1.0449	27
32.987755102	1.06122	28
34.048979592	1.05537	29
35.104353741	1.06707	30
36.171428571	1.14286	31
37.314285714	1.33061	32
38.644897959	8.49796	33
47.142857143	1.0449	34
48.187755102	0.804898	35
48.992653061	0.370612	36
49.363265306	0.546939	37
49.910204082	0.563265	38
50.473469388	0.571429	39
51.044897959	0.571429	40
51.616326531	0.28898	41
51.905306122	0.143673	42
52.048979592	0.0897959	43
52.138775510	0.275918	44
52.414693878	0.287347	45
52.702040816	0.757551	46
53.459591837	0.336327	47
53.795918367	1.07755	48
54.873469388	1.2898	49
56.163265306	0.248866	50
56.412131519	0.221338	51
56.633469388	0.280816	52
56.914285714	0.506122	53
57.420408163	0.27102	54
57.691428571	0.324898	55
58.016326531	1.09388	56
59.110204082	1.00485	57
60.115056689	0.240862	58
60.355918367	0.248163	59
60.604081633	0.20898	60
60.813061224	0.280816	61
61.093877551	0.490658	62
61.584535147	0.299546	63
61.884081633	0.29551	64
62.179591837	0.987755	65
63.167346939	0.522449	66
63.689795918	0.457143	67
64.146938776	0.205714	68
64.352653061	0.267755	69
64.620408163	0.202449	70
64.822857143	0.263469	71
65.086326531	0.193673	72
65.280000000	0.238367	73
65.518367347	0.488435	74
66.006802721	0.239728	75
66.246530612	0.266485	76
66.513015873	0.21678	77
66.729795918	0.225306	78
66.955102041	0.192653	79
67.147755102	0.231837	80
67.379591837	0.225306	81
67.604897959	0.248163	82
67.853061224	0.248163	83
68.101224490	0.233469	84
68.334693878	0.223673	85
68.558367347	0.217143	86
68.775510204	0.213878	87
68.989387755	0.235102	88
69.224489796	0.20898	89
69.433469388	0.272653	90
69.706122449	0.979592	91
70.685714286	2	92
72.685714286	0.644898	93
73.330612245	0.710204	94
74.040816327	0.212245	95
74.253061224	0.20898	96
74.462040816	0.150204	97
74.612244898	0.150204	98
74.762448980	0.156735	99
74.919183673	0.199184	100
75.118367347	0.153469	101
75.271836735	0.169796	102
75.441632653	0.133878	103
75.575510204	0.153469	104
75.728979592	0.182857	105
75.911836735	0.194286	106
76.106122449	0.158367	107
76.264489796	0.182857	108
76.447346939	0.189388	109
76.636734694	0.150204	110
76.786938776	0.156735	111
76.943673469	0.182857	112
77.126530612	0.169796	113
77.296326531	0.195918	114
77.492244898	0.189388	115
77.681632653	0.163265	116
77.844897959	0.156735	117
78.001632653	0.206621	118
78.208253968	0.159093	119
78.367346939	0.195918	120
78.563265306	0.146939	121
78.710204082	0.166531	122
78.876734694	0.20898	123
79.085714286	0.146939	124
79.232653061	0.166531	125
79.399183673	0.156735	126
79.555918367	0.199184	127
79.755102041	0.140408	128
79.895510204	0.182857	129
80.078367347	0.199751	130
80.278117914	0.152902	131
80.431020408	0.156735	132
80.587755102	0.195918	133
80.783673469	0.156735	134
80.940408163	0.169796	135
81.110204082	0.222245	136
81.332448980	0.143469	137
81.475918367	0.169796	138
81.645714286	0.207347	139
81.853061224	0.158367	140
82.011428571	0.156735	141
82.168163265	0.207347	142
82.375510204	0.132245	143
82.507755102	0.143673	144
82.651428571	0.246531	145
82.897959184	0.158367	146
83.056326531	0.169796	147
83.226122449	0.141587	148
83.367709751	0.14576	149
83.513469388	0.182857	150
83.696326531	0.156735	151
83.853061224	0.182857	152
84.035918367	0.156735	153
84.192653061	0.19102	154
84.383673469	0.13551	155
84.519183673	0.156735	156
84.675918367	0.164898	157
84.840816327	0.174694	158
85.015510204	0.156735	159
85.172244898	0.166531	160
85.338775510	0.16	161
85.498775510	0.143673	162
85.642448980	0.202449	163
85.844897959	0.124082	164
85.968979592	0.20898	165
86.177959184	0.175714	166
86.353673469	0.124694	167
86.478367347	0.169796	168
86.648163265	0.176689	169
86.824852608	0.13678	170
86.961632653	0.182857	171
87.144489796	0.211701	172
87.356190476	0.127891	173
87.484081633	0.143673	174
87.627755102	0.16	175
87.787755102	0.127347	176
87.915102041	0.274286	177
88.189387755	0.169796	178
88.359183673	0.169796	179
88.528979592	0.156735	180
88.685714286	0.204082	181
88.889795918	0.171791	182
89.061587302	0.172698	183
89.234285714	0.243265	184
89.477551020	0.174694	185
89.652244898	0.182857	186
89.835102041	0.197551	187
90.032653061	0.246531	188
90.279183673	0.182857	189
90.462040816	0.313469	190
90.775510204	0.20898	191
90.984489796	0.182857	192
91.167346939	0.204082	193
91.371428571	0.174694	194
91.546122449	0.143673	195
91.689795918	0.195918	196
91.885714286	0.143673	197
92.029387755	0.143673	198
92.173061224	0.186122	199
92.359183673	0.205714	200
92.564897959	0.143673	201
92.708571429	0.197551	202
92.906122449	0.194286	203
93.100408163	0.130612	204
93.231020408	0.197551	205
93.428571429	0.155102	206
93.583673469	0.143673	207
93.727346939	0.182857	208
93.910204082	0.195918	209
94.106122449	0.169796	210
94.275918367	0.148571	211
94.424489796	0.151837	212
94.576326531	0.143673	213
94.720000000	0.193016	214
94.913015873	0.16254	215
95.075555556	0.16254	216
95.238095238	0.14966	217
95.387755102	0.194286	218
95.582040816	0.130612	219
95.712653061	0.187324	220
95.899977324	0.17839	221
96.078367347	0.143673	222
96.222040816	0.152245	223
96.374285714	0.174286	224
96.548571429	0.156735	225
96.705306122	0.192653	226
96.897959184	0.16	227
97.057959184	0.20898	228
97.266938776	0.120816	229
97.387755102	0.153469	230
97.541224490	0.182857	231
97.724081633	0.153469	232
97.877551020	0.16	233
98.037551020	0.156735	234
98.194285714	0.213878	235
98.408163265	0.177959	236
98.586122449	0.182857	237
98.768979592	0.268594	238
99.037573696	0.149365	239
99.186938776	0.156735	240
99.343673469	0.231837	241
99.575510204	0.133878	242
99.709387755	0.169796	243
99.879183673	0.194286	244
100.073469388	0.132245	245
100.205714286	0.130612	246
100.336326531	0.145306	247
100.481632653	0.155102	248
100.636734694	0.143673	249
100.780408163	0.196054	250
100.976462585	0.130476	251
101.106938776	0.130612	252
101.237551020	0.191111	253
101.428662132	0.122358	254
101.551020408	0.169796	255
101.720816327	0.174172	256
101.894988662	0.152358	257
102.047346939	0.156735	258
102.204081633	0.145102	259
102.349183673	0.129184	260
102.478367347	0.169796	261
102.648163265	0.20898	262
102.857142857	0.156735	263
103.013877551	0.130612	264
103.144489796	0.161633	265
103.306122449	0.138776	266
103.444897959	0.169796	267
103.614693878	0.155261	268
103.769954649	0.17127	269
103.941224490	0.143673	270
104.084897959	0.16	271
104.244897959	0.153469	272
104.398367347	0.10449	273
104.502857143	0.182857	274
104.685714286	0.130612	275
104.816326531	0.182857	276
104.999183673	0.176327	277
105.175510204	0.150204	278
105.325714286	0.117551	279
105.443265306	0.173061	280
105.616326531	0.166531	281
105.782857143	0.143673	282
105.926530612	0.163265	283
106.089795918	0.189388	284
106.279183673	0.17415	285
106.453333333	0.265034	286
106.718367347	0.187755	287
106.906122449	0.169796	288
107.075918367	0.181224	289
107.257142857	0.18449	290
107.441632653	0.143673	291
107.585306122	0.12898	292
107.714285714	0.18449	293
107.898775510	0.156735	294
108.055510204	0.124082	295
108.179591837	0.163265	296
108.342857143	0.130612	297
108.473469388	0.187755	298
108.661224490	0.151837	299
108.813061224	0.182857	300
108.995918367	0.138776	301
109.134693878	0.148571	302
109.283265306	0.182857	303
109.466122449	0.133878	304
109.600000000	0.153469	305
109.753469388	0.10449	306
109.857959184	0.166531	307
110.024489796	0.16	308
110.184489796	0.156735	309
110.341224490	0.213878	310
110.555102041	0.164898	311
110.720000000	0.130612	312
110.850612245	0.137143	313
110.987755102	0.150204	314
111.137959184	0.10449	315
111.242448980	0.186122	316
111.428571429	0.140408	317
111.568979592	0.143673	318
111.712653061	0.189388	319
111.902040816	0.150204	320
112.052244898	0.169796	321
112.222040816	0.119796	322
112.341836735	0.15449	323
112.496326531	0.169796	324
112.666122449	0.19102	325
112.857142857	0.161633	326
113.018775510	0.10449	327
113.123265306	0.175147	328
113.298412698	0.1122	329
113.410612245	0.156735	330
113.567346939	0.187755	331
113.755102041	0.125714	332
113.880816327	0.195918	333
114.076734694	0.16	334
114.236734694	0.244898	335
114.481632653	0.200272	336
114.681904762	0.213333	337
114.895238095	0.23127	338
115.126507937	0.857415	339
115.983922902	0.234853	340
116.218775510	0.222041	341
116.440816327	0.20898	342
116.649795918	0.248163	343
116.897959184	0.169796	344
117.067755102	0.230204	345
117.297959184	0.226939	346
117.524897959	0.246531	347
117.771428571	0.223673	348
117.995102041	0.18449	349
118.179591837	0.220408	350
118.400000000	0.228571	351
118.628571429	0.202449	352
118.831020408	0.189388	353
119.020408163	0.189388	354
119.209795918	0.300408	355
119.510204082	0.432653	356
119.942857143	0.457959	357
120.400816327	0.472653	358
120.873469388	0.752653	359
121.626122449	0.317324	360
121.943446712	0.779819	361
122.723265306	0.207347	362
122.930612245	0.223673	363
123.154285714	0.257959	364
123.412244898	0.760816	365
124.173061224	0.177959	366
124.351020408	0.213878	367
124.564897959	0.241247	368
124.806145125	0.202834	369
125.008979592	0.19102	370
125.200000000	0.226939	371
125.426938776	0.266122	372
125.693061224	0.726531	373
126.419591837	0.259773	374
126.679365079	0.680635	375
127.360000000	0.24381	376
127.603809524	0.690794	377
128.294603175	0.314921	378
128.609523810	0.623129	379
129.232653061	0.204082	380
129.436734694	0.236735	381
129.673469388	0.233469	382
129.906938776	0.346122	383
130.253061224	0.457143	384
130.710204082	0.254694	385
130.964897959	0.243265	386
131.208163265	0.213878	387
131.422040816	0.259592	388
131.681632653	0.249796	389
131.931428571	0.329796	390
132.261224490	0.257959	391
132.519183673	0.221587	392
132.740770975	0.274739	393
133.015510204	0.257959	394
133.273469388	0.238367	395
133.511836735	0.239365	396
133.751201814	0.204717	397
133.955918367	0.280816	398
134.236734694	0.228571	399
134.465306122	0.253061	400
134.718367347	0.217143	401
134.935510204	0.28898	402
135.224489796	0.207347	403
135.431836735	0.241633	404
135.673469388	0.241633	405
135.915102041	0.305306	406
136.220408163	0.256327	407
136.476734694	0.330884	408
136.807619048	0.767891	409
137.575510204	0.99102	410
138.566530612	0.355918	411
138.922448980	0.976327	412
139.898775510	0.277075	413
140.175850340	0.258435	414
140.434285714	0.275918	415
140.710204082	0.272653	416
140.982857143	0.298776	417
141.281632653	0.798367	418
142.080000000	0.262857	419
142.342857143	0.272653	420
142.615510204	0.292721	421
142.908231293	0.216667	422
143.124897959	0.213878	423
143.338775510	0.230204	424
143.568979592	0.316735	425
143.885714286	0.205714	426
144.091428571	0.251429	427
144.342857143	0.231837	428
144.574693878	0.266122	429
144.840816327	0.269388	430
145.110204082	0.236735	431
145.346938776	0.272653	432
145.619591837	0.282449	433
145.902040816	0.266122	434
146.168163265	0.297143	435
146.465306122	0.26449	436
146.729795918	0.290612	437
147.020408163	0.257959	438
147.278367347	0.297143	439
147.575510204	0.760816	440
148.336326531	0.308571	441
148.644897959	0.906122	442
149.551020408	0.326531	443
149.877551020	0.928798	444
150.806349206	0.418277	445
151.224625850	0.821088	446
152.045714286	0.280816	447
152.326530612	0.502857	448
152.829387755	0.274286	449
153.103673469	0.308571	450
153.412244898	0.723265	451
154.135510204	0.313152	452
154.448662132	0.235419	453
154.684081633	0.27102	454
154.955102041	0.26449	455
155.219591837	0.282449	456
155.502040816	0.762449	457
156.264489796	0.339592	458
156.604081633	0.796735	459
157.400816327	0.337959	460
157.738775510	0.798367	461
158.537142857	0.29551	462
158.832653061	0.814694	463
159.647346939	0.426122	464
160.073469388	0.726531	465
160.800000000	1.08571	466
161.885714286	0.816327	467
162.702040816	0.783673	468
163.485714286	1.74694	469
165.232653061	0.661224	470
165.893877551	0.661224	471
166.555102041	0.604082	472
167.159183673	0.571429	473
167.730612245	0.644898	474
168.375510204	0.555102	475
168.930612245	0.562404	476
169.493015873	0.560295	477
170.053310658	0.567097	478
170.620408163	0.579592	479
171.200000000	0.293878	480
171.493877551	0.334694	481
171.828571429	0.546939	482
172.375510204	0.571429	483
172.946938776	0.579592	484
173.526530612	0.292245	485
173.818775510	0.352653	486
174.171428571	0.579592	487
174.751020408	0.604082	488
175.355102041	0.612245	489
175.967346939	0.677551	490
176.644897959	0.612676	491
177.257573696	0.783243	492
178.040816327	0.595918	493
178.636734694	0.612245	494
179.248979592	0.546939	495
179.795918367	0.587755	496
180.383673469	0.530612	497
180.914285714	0.615079	498
181.529365079	0.544104	499
182.073469388	0.685714	500
182.759183673	0.579592	501
183.338775510	0.275918	502
183.614693878	0.32	503
183.934693878	0.564603	504
184.499297052	0.561927	505
185.061224490	0.612245	506
185.673469388	0.595918	507
186.269387755	0.605193	508
186.874580499	0.619297	509
187.493877551	0.595011	510
188.088888889	0.621315	511
188.710204082	0.668844	512
189.379047619	0.645442	513
190.024489796	0.563265	514
190.587755102	0.579592	515
191.167346939	0.620408	516
191.787755102	0.571429	517
192.359183673	0.632585	518
192.991768707	0.616417	519
193.608185941	0.644875	520
194.253061224	0.604082	521
194.857142857	0.726531	522
195.583673469	0.612245	523
196.195918367	0.734694	524
196.930612245	1.3551	525
198.285714286	1.15102	1
199.436734694	1.20816	2
200.644897959	1.19184	3
201.836734694	1.13469	4
202.971428571	1.15102	5
204.122448980	1.18367	6
205.306122449	1.22449	7
206.530612245	1.2	8
207.730612245	1.03673	9
208.767346939	1.16735	10
209.934693878	1.16735	11
211.102040816	1.15918	12
212.261224490	1.14286	13
213.404081633	1.23265	14
214.636734694	1.26531	15
215.902040816	1.24082	16
217.142857143	1.17551	17
218.318367347	1.21633	18
219.534693878	1.16735	19
220.702040816	1.15918	20
221.861224490	1.18367	21
223.044897959	1.10204	22
224.146938776	1.13179	23
225.278730159	1.09678	24
226.375510204	1.1102	25
227.485714286	1.13469	26
228.620408163	1.02041	27
229.640816327	1.08571	28
230.726530612	1.0449	29
231.771428571	1.0449	30
232.816326531	1.15102	31
233.967346939	1.3551	32
235.322448980	8.39184	33
243.714285714	1.0449	34
244.759183673	0.778776	35
245.537959184	0.364082	36
245.902040816	0.538776	37
246.440816327	0.563265	38
247.004081633	0.563265	39
247.567346939	0.538776	40
248.106122449	0.312562	41
248.418684807	0.10449	42
248.523174603	0.121723	43
248.644897959	0.226576	44
248.871473923	0.307324	45
249.178798186	0.749184	46
249.927981859	0.349569	47
250.277551020	1.0449	48
251.322448980	1.32227	49
252.644716553	0.204263	50
252.848979592	0.236916	51
253.085895692	0.261043	52
253.346938776	0.514286	53
253.861224490	0.281179	54
254.142403628	0.290249	55
254.432653061	1.07265	56
255.505306122	1.03347	57
256.538775510	0.262313	58
256.801088435	0.251973	59
257.053061224	0.235646	60
257.288707483	0.25415	61
257.542857143	0.481633	62
258.024489796	0.262676	63
258.287165533	0.341406	64
258.628571429	0.963265	65
259.591836735	0.47161	66
260.063446712	0.532472	67
260.595918367	0.245442	68
260.841360544	0.210454	69
261.051814059	0.184286	70
261.236099773	0.28585	71
261.521950113	0.190159	72
261.712108844	0.244422	73
261.956530612	0.467959	74
262.424489796	0.262857	75
262.687346939	0.235102	76
262.922448980	0.206077	77
263.128526077	0.234739	78
263.363265306	0.20644	79
263.569705215	0.234376	80
263.804081633	0.218413	81
264.022494331	0.23873	82
264.261224490	0.214059	83
264.475283447	0.243084	84
264.718367347	0.221315	85
264.939682540	0.212336	86
265.152018141	0.205624	87
265.357641723	0.265782	88
265.623424036	0.198617	89
265.822040816	0.275918	90
266.097959184	0.987755	91
267.085714286	2.10186	92
269.187573696	0.689977	93
269.877551020	0.644898	94
270.522448980	0.187392	95
270.709841270	0.18576	96
270.895600907	0.18195	97
271.077551020	0.166349	98
271.243900227	0.15093	99
271.394829932	0.18068	100
271.575510204	0.156009	101
271.731519274	0.13932	102
271.870839002	0.194467	103
272.065306122	0.153832	104
272.219138322	0.16254	105
272.381678005	0.160272	106
272.541950113	0.164807	107
272.706757370	0.19737	108
272.904126984	0.174807	109
273.078934240	0.150272	110
273.229206349	0.17415	111
273.403356009	0.204807	112
273.608163265	0.178322	113
273.786485261	0.15093	114
273.937414966	0.185034	115
274.122448980	0.151655	116
274.274104308	0.16254	117
274.436643991	0.200091	118
274.636734694	0.194649	119
274.831383220	0.1161	120
274.947482993	0.179048	121
275.126530612	0.157642	122
275.284172336	0.169796	123
275.453968254	0.170522	124
275.624489796	0.158912	125
275.783401361	0.15093	126
275.934331066	0.171791	127
276.106122449	0.176508	128
276.282630385	0.17415	129
276.456780045	0.213583	130
276.670362812	0.169546	131
276.839909297	0.15093	132
276.990839002	0.192834	133
277.183673469	0.143855	134
277.327528345	0.12771	135
277.455238095	0.210068	136
277.665306122	0.126621	137
277.791927438	0.19737	138
277.989297052	0.222948	139
278.212244898	0.148571	140
278.360816327	0.20898	141
278.569795918	0.189388	142
278.759183673	0.147302	143
278.906485261	0.13932	144
279.045804989	0.203605	145
279.249410431	0.156304	146
279.405714286	0.13932	147
279.545034014	0.201905	148
279.746938776	0.111565	149
279.858503401	0.15093	150
280.009433107	0.219138	151
280.228571429	0.163991	152
280.392562358	0.13932	153
280.531882086	0.178322	154
280.710204082	0.158367	155
280.868571429	0.17415	156
281.042721088	0.193605	157
281.236326531	0.154694	158
281.391020408	0.17415	159
281.565170068	0.165351	160
281.730521542	0.148118	161
281.878639456	0.16254	162
282.041179138	0.187392	163
282.228571429	0.160907	164
282.389478458	0.16254	165
282.552018141	0.207166	166
282.759183673	0.129524	167
282.888707483	0.19737	168
283.086077098	0.133515	169
283.219591837	0.148027	170
283.367619048	0.172698	171
283.540317460	0.140136	172
283.680453515	0.125442	173
283.805895692	0.19737	174
284.003265306	0.200816	175
284.204081633	0.159093	176
284.363174603	0.18576	177
284.548934240	0.217528	178
284.766462585	0.17576	179
284.942222222	0.152381	180
285.094603175	0.176327	181
285.270929705	0.148753	182
285.419682540	0.20898	183
285.628662132	0.255624	184
285.884285714	0.150726	185
286.035011338	0.18576	186
286.220770975	0.236372	187
286.457142857	0.181587	188
286.638730159	0.2322	189
286.870929705	0.361723	190
287.232653061	0.172336	191
287.404988662	0.16254	192
287.567528345	0.236553	193
287.804081633	0.158186	194
287.962267574	0.15093	195
288.113197279	0.25415	196
288.367346939	0.16381	197
288.531156463	0.1161	198
288.647256236	0.177234	199
288.824489796	0.147846	200
288.972335601	0.18576	201
289.158095238	0.188844	202
289.346938776	0.182676	203
289.529614512	0.18576	204
289.715374150	0.162177	205
289.877551020	0.151293	206
290.028843537	0.17415	207
290.202993197	0.148027	208
290.351020408	0.177052	209
290.528072562	0.12771	210
290.655782313	0.209524	211
290.865306122	0.161995	212
291.027301587	0.17415	213
291.201451247	0.186304	214
291.387755102	0.161995	215
291.549750567	0.13932	216
291.689070295	0.163991	217
291.853061224	0.172698	218
292.025759637	0.12771	219
292.153469388	0.173061	220
292.326530612	0.175238	221
292.501768707	0.13932	222
292.641088435	0.158912	223
292.800000000	0.166168	224
292.966167800	0.17415	225
293.140317460	0.2322	226
293.372517007	0.15093	227
293.523446712	0.20898	228
293.732426304	0.137506	229
293.869931973	0.175964	230
294.045895692	0.13932	231
294.185215420	0.173968	232
294.359183673	0.151111	233
294.510294785	0.163991	234
294.674285714	0.272653	235
294.946938776	0.201905	236
295.148843537	0.18576	237
295.334603175	0.281723	238
295.616326531	0.182676	239
295.799002268	0.13932	240
295.938321995	0.184127	241
296.122448980	0.175782	242
296.298231293	0.15093	243
296.449160998	0.162562	244
296.611723356	0.162517	245
296.774240363	0.13932	246
296.913560091	0.155828	247
297.069387755	0.134422	248
297.203809524	0.18576	249
297.389569161	0.145125	250
297.534693878	0.133515	251
297.668208617	0.17415	252
297.842358277	0.153605	253
297.995963719	0.136644	254
298.132607710	0.18576	255
298.318367347	0.138776	256
298.457142857	0.139864	257
298.597006803	0.12771	258
298.724716553	0.173243	259
298.897959184	0.140227	260
299.038185941	0.17415	261
299.212335601	0.183583	262
299.395918367	0.141497	263
299.537414966	0.13932	264
299.676734694	0.176803	265
299.853537415	0.159887	266
300.013424036	0.13932	267
300.152743764	0.171678	268
300.324421769	0.141791	269
300.466213152	0.1161	270
300.582312925	0.168707	271
300.751020408	0.144762	272
300.895782313	0.13932	273
301.035102041	0.181224	274
301.216326531	0.132245	275
301.348571429	0.1161	276
301.464671202	0.200635	277
301.665306122	0.182494	278
301.847800454	0.13932	279
301.987120181	0.176145	280
302.163265306	0.137324	281
302.300589569	0.17415	282
302.474739229	0.203537	283
302.678276644	0.167982	284
302.846258503	0.168345	285
303.014603175	0.283356	286
303.297959184	0.163628	287
303.461587302	0.17415	288
303.635736961	0.176508	289
303.812244898	0.195011	290
304.007256236	0.12771	291
304.134965986	0.134422	292
304.269387755	0.179048	293
304.448435374	0.15093	294
304.599365079	0.135329	295
304.734693878	0.166531	296
304.901224490	0.10449	297
305.005714286	0.194762	298
305.200476190	0.188367	299
305.388843537	0.10449	300
305.493333333	0.164966	301
305.658299320	0.160113	302
305.818412698	0.1161	303
305.934512472	0.179773	304
306.114285714	0.145306	305
306.259591837	0.15093	306
306.410521542	0.16907	307
306.579591837	0.156009	308
306.735600907	0.12771	309
306.863310658	0.206077	310
307.069387755	0.165442	311
307.234829932	0.12771	312
307.362539683	0.163991	313
307.526530612	0.137868	314
307.664399093	0.15093	315
307.815328798	0.143855	316
307.959183673	0.158005	317
308.117188209	0.15093	318
308.268117914	0.115556	319
308.383673469	0.151474	320
308.535147392	0.15093	321
308.686077098	0.162902	322
308.848979592	0.150567	323
308.999546485	0.12771	324
309.127256236	0.227846	325
309.355102041	0.155283	326
309.510385488	0.1161	327
309.626485261	0.16127	328
309.787755102	0.14059	329
309.928344671	0.12771	330
310.056054422	0.15619	331
310.212244898	0.192109	332
310.404353741	0.0928798	333
310.497233560	0.209683	334
310.706916100	0.185057	335
310.891972789	0.267211	336
311.159183673	0.150748	337
311.309931973	0.241088	338
311.551020408	0.87059	339
312.421609977	0.188639	340
312.610249433	0.21424	341
312.824489796	0.192109	342
313.016598639	0.273197	343
313.289795918	0.191202	344
313.480997732	0.200635	345
313.681632653	0.217324	346
313.898956916	0.239819	347
314.138775510	0.166531	348
314.305306122	0.233469	349
314.538775510	0.21932	350
314.758095238	0.197007	351
314.955102041	0.162902	352
315.118004535	0.228934	353
315.346938776	0.189025	354
315.535963719	0.259955	355
315.795918367	0.408163	356
316.204081633	0.465306	357
316.669387755	0.465306	358
317.134693878	0.769705	359
317.904399093	0.307846	360
318.212244898	0.713832	361
318.926077098	0.26576	362
319.191836735	0.187029	363
319.378866213	0.270113	364
319.648979592	0.693515	365
320.342494331	0.2322	366
320.574693878	0.22059	367
320.795283447	0.200635	368
320.995918367	0.194104	369
321.190022676	0.24381	370
321.433832200	0.24381	371
321.677641723	0.267279	372
321.944920635	0.684739	373
322.629659864	0.268299	374
322.897959184	0.695329	375
323.593287982	0.235283	376
323.828571429	0.751565	377
324.580136054	0.282789	378
324.862925170	0.57381	379
325.436734694	0.246349	380
325.683083900	0.25161	381
325.934693878	0.201179	382
326.135873016	0.268118	383
326.403990930	0.551111	384
326.955102041	0.179229	385
327.134331066	0.310567	386
327.444897959	0.200272	387
327.645170068	0.248707	388
327.893877551	0.204082	389
328.097959184	0.37551	390
328.473469388	0.251429	391
328.724897959	0.27102	392
328.995918367	0.228209	393
329.224126984	0.204444	394
329.428571429	0.248345	395
329.676916100	0.260567	396
329.937482993	0.215442	397
330.152925170	0.279728	398
330.432653061	0.207891	399
330.640544218	0.249252	400
330.889795918	0.215147	401
331.104943311	0.258322	402
331.363265306	0.229297	403
331.592562358	0.227846	404
331.820408163	0.248163	405
332.068571429	0.282449	406
332.351020408	0.24	407
332.591020408	0.298776	408
332.889795918	0.718367	409
333.608163265	0.991383	410
334.599546485	0.363719	411
334.963265306	0.890159	412
335.853424036	0.285351	413
336.138775510	0.260317	414
336.399092971	0.311111	415
336.710204082	0.269388	416
336.979591837	0.302041	417
337.281632653	0.719637	418
338.001269841	0.284444	419
338.285714286	0.284444	420
338.570158730	0.262494	421
338.832653061	0.213515	422
339.046167800	0.317098	423
339.363265306	0.193742	424
339.557006803	0.271565	425
339.828571429	0.239274	426
340.067845805	0.307664	427
340.375510204	0.179955	428
340.555464853	0.269025	429
340.824489796	0.218594	430
341.043083900	0.295692	431
341.338775510	0.203537	432
341.542312925	0.253605	433
341.795918367	0.222404	434
342.018321995	0.332698	435
342.351020408	0.22458	436
342.575600907	0.281542	437
342.857142857	0.252517	438
343.109659864	0.376054	439
343.485714286	0.715283	440
344.200997732	0.354104	441
344.555102041	0.853333	442
345.408435374	0.33034	443
345.738775510	0.911927	444
346.650702948	0.353379	445
347.004081633	0.842449	446
347.846530612	0.300408	447
348.146938776	0.489796	448
348.636734694	0.254694	449
348.891428571	0.373878	450
349.265306122	0.71746	451
349.982766440	0.302948	452
350.285714286	0.254331	453
350.540045351	0.268118	454
350.808163265	0.242721	455
351.050884354	0.336871	456
351.387755102	0.719637	457
352.107392290	0.325261	458
352.432653061	0.789297	459
353.221950113	0.296417	460
353.518367347	0.852971	461
354.371337868	0.330703	462
354.702040816	0.841905	463
355.543945578	0.381882	464
355.925827664	0.670091	465
356.595918367	1.12653	466
357.722448980	0.693878	467
358.416326531	0.82449	468
359.240816327	1.71429	469
360.955102041	0.649252	470
361.604353741	0.624218	471
362.228571429	0.579592	472
362.808163265	0.628571	473
363.436734694	0.636735	474
364.073469388	0.587755	475
364.661224490	0.555102	476
365.216326531	0.590839	477
365.807165533	0.592834	478
366.400000000	0.587211	479
366.987210884	0.294422	480
367.281632653	0.318367	481
367.600000000	0.563265	482
368.163265306	0.604082	483
368.767346939	0.571429	484
369.338775510	0.322903	485
369.661678005	0.362812	486
370.024489796	0.587755	487
370.612244898	0.644898	488
371.257142857	0.587755	489
371.844897959	0.677551	490
372.522448980	0.644898	491
373.167346939	0.693878	492
373.861224490	0.636735	493
374.497959184	0.604082	494
375.102040816	0.563265	495
375.665306122	0.538776	496
376.204081633	0.530612	497
376.734693878	0.623401	498
377.358095238	0.650068	499
378.008163265	0.661224	500
378.669387755	0.595918	501
379.265306122	0.288073	502
379.553378685	0.332336	503
379.885714286	0.604082	504
380.489795918	0.522449	505
381.012244898	0.595918	506
381.608163265	0.612245	507
382.220408163	0.637959	508
382.858367347	0.627347	509
383.485714286	0.628571	510
384.114285714	0.636735	511
384.751020408	0.672585	512
385.423605442	0.560068	513
385.983673469	0.612245	514
386.595918367	0.628571	515
387.224489796	0.636735	516
387.861224490	0.571429	517
388.432653061	0.661224	518
389.093877551	0.620408	519
389.714285714	0.592925	520
390.307210884	0.549932	521
390.857142857	0.595918	522
391.453061224	0.64263	523
392.095691610	0.622676	524
392.718367347	0.718367	525
393.436734694	0.555102	526
393.991836735	0.522449	527
394.514285714	0.556803	528
395.071088435	0.545238	529
395.616326531	0.514286	530
396.130612245	0.669388	531
396.800000000	0.522449	532
397.322448980	0.226395	533
397.548843537	0.361361	534
397.910204082	0.492812	535
398.403015873	0.576576	536
398.979591837	0.579592	537
399.559183673	0.218776	538
399.777959184	0.311837	539
400.089795918	1.05306	540
401.142857143	0.748118	541
401.890975057	0.304943	542
402.195918367	1.06939	543
403.265306122	1.0449	544
404.310204082	1.09388	545
405.404081633	1.09036	546
406.494444444	0.284331	547
406.778775510	0.0928798	548
406.871655329	0.165079	549
407.036734694	0.26449	550
407.301224490	0.298776	551
407.600000000	0.530612	552
408.130612245	0.27356	553
408.404172336	0.306032	554
408.710204082	1.06939	555
409.779591837	1.1102	556
410.889795918	1.0449	557
411.934693878	0.77678	558
412.711473923	0.317098	559
413.028571429	1.09388	560
414.122448980	0.563265	561
414.685714286	0.603673	562
415.289387755	0.465714	563
415.755102041	0.628571	564
416.383673469	0.547279	565
416.930952381	0.338889	566
417.269841270	0.289342	567
417.559183673	0.53102	568
418.090204082	0.530204	569
418.620408163	0.612245	570
419.232653061	0.587755	571
419.820408163	0.496077	572
420.316485261	0.547483	573
420.863968254	0.50746	574
421.371428571	0.514286	575
421.885714286	0.595918	576
422.481632653	0.522449	577
423.004081633	0.497959	578
423.502040816	0.579592	579
424.081632653	0.489796	580
424.571428571	0.546939	581
425.118367347	0.546939	582
425.665306122	0.587755	583
426.253061224	0.546939	584
426.800000000	0.547528	585
427.347528345	0.587166	586
427.934693878	0.579592	587
428.514285714	0.555102	588
429.069387755	0.497959	589
429.567346939	0.555102	590
430.122448980	0.2478	591
430.370249433	0.282812	592
430.653061224	0.530884	593
431.183945578	0.55483	594
431.738775510	0.530612	595
432.269387755	0.225488	596
432.494875283	0.362268	597
432.857142857	0.546939	598
433.404081633	0.555102	599
433.959183673	0.497959	600
434.457142857	0.243628	601
434.700770975	0.278821	602
434.979591837	0.530612	603
435.510204082	0.538776	604
436.048979592	0.522449	605
436.571428571	0.514286	606
437.085714286	0.514286	607
437.600000000	0.497959	608
438.097959184	0.595918	609
438.693877551	0.221315	610
438.915192744	0.268481	611
439.183673469	0.506122	612
439.689795918	0.514286	613
440.204081633	0.546939	614
440.751020408	0.522449	615
441.273469388	0.530612	616
441.804081633	0.514286	617
442.318367347	0.522449	618
442.840816327	0.219138	619
443.059954649	0.3278	620
443.387755102	0.506122	621
443.893877551	0.514286	622
444.408163265	0.522449	623
444.930612245	0.230748	624
445.161360544	0.291701	625
445.453061224	0.514286	626
445.967346939	0.507642	627
446.474988662	0.512381	628
446.987369615	0.240567	629
447.227936508	0.289841	630
447.517777778	0.514875	631
448.032653061	0.514286	632
448.546938776	0.538776	633
449.085714286	0.197188	634
449.282902494	0.333424	635
449.616326531	0.50898	636
450.125306122	0.503265	637
450.628571429	0.755737	638
451.384308390	0.264671	639
451.648979592	1.00408	640
452.653061224	0.739773	641
453.392834467	0.305125	642
453.697959184	1.02857	643
454.726530612	0.76771	644
455.494240363	0.260862	645
455.755102041	1.01224	646
456.767346939	0.747029	647
457.514376417	0.336531	648
457.850907029	1.03952	649
458.890430839	0.725351	650
459.615782313	0.343401	651
459.959183673	1.01224	652
460.971428571	0.6761	653
461.647528345	0.340204	654
461.987732426	0.959206	655
462.946938776	0.743946	656
463.690884354	0.325442	657
464.016326531	1.02041	658
465.036734694	0.995918	659
466.032653061	1.09388	660
467.126530612	1.27347	661
468.400000000	0.794014	662
469.194013605	0.283537	663
469.477551020	0.227302	664
469.704852608	0.229841	665
469.934693878	0.757007	666
470.691700680	0.287891	667
470.979591837	0.199728	668
471.179319728	0.216599	669
471.395918367	0.23619	670
471.632108844	0.245442	671
471.877551020	0.207347	672
472.084897959	0.306939	673
472.391836735	0.703129	674
473.094965986	0.276463	675
473.371428571	0.710386	676
474.081814059	0.269206	677
474.351020408	0.764082	678
475.115102041	0.28898	679
475.404081633	0.790748	680
476.194829932	0.303129	681
476.497959184	0.24254	682
476.740498866	0.304399	683
477.044897959	0.19483	684
477.239727891	0.343946	685
477.583673469	0.440816	686
478.024489796	0.213696	687
478.238185941	0.235283	688
478.473469388	0.205896	689
478.679365079	0.285306	690
478.964671202	0.202313	691
479.166984127	0.326893	692
479.493877551	0.265215	693
479.759092971	0.240907	694
480.000000000	0.188662	695
480.188662132	0.287506	696
480.476167800	0.687732	697
481.163900227	0.280998	698
481.444897959	0.72907	699
482.173968254	0.297642	700
482.471609977	0.724036	701
483.195646259	0.314558	702
483.510204082	0.9161	703
484.426303855	0.512472	704
484.938775510	0.869116	705
485.807891156	0.330884	706
486.138775510	0.284444	707
486.423219955	0.295147	708
486.718367347	0.77297	709
487.491337868	0.288254	710
487.779591837	0.234195	711
488.013786848	0.296417	712
488.310204082	0.214422	713
488.524625850	0.250884	714
488.775510204	0.236735	715
489.012244898	0.269388	716
489.281632653	0.75229	717
490.033922902	0.317098	718
490.351020408	0.80907	719
491.160090703	0.336463	720
491.496553288	0.56059	721
492.057142857	0.522449	722
492.579591837	0.555102	723
493.134693878	0.612245	724
493.746938776	0.362086	725
494.109024943	0.348118	726
494.457142857	0.87093	727
495.328072562	0.304581	728
495.632653061	0.229478	729
495.862131519	0.276644	730
496.138775510	0.803084	731
496.941859410	0.315283	732
497.257142857	0.218776	733
497.475918367	0.27102	734
497.746938776	0.193379	735
497.940317460	0.312744	736
498.253061224	0.244535	737
498.497596372	0.302404	738
498.800000000	0.754104	739
499.554104308	0.3561	740
499.910204082	0.693878	741
500.604081633	0.19229	742
500.796371882	0.17415	743
500.970521542	0.253968	744
501.224489796	0.187211	745
501.411700680	0.18576	746
501.597460317	0.149478	747
501.746938776	0.198821	748
501.945759637	0.12771	749
502.073469388	0.195918	750
502.269387755	0.198821	751
502.468208617	0.13932	752
502.607528345	0.216961	753
502.824489796	0.154558	754
502.979047619	0.16254	755
503.141587302	0.199002	756
503.340589569	0.137687	757
503.478276644	0.17415	758
503.652426304	0.184308	759
503.836734694	0.175601	760
504.012335601	0.15093	761
504.163265306	0.179592	762
504.342857143	0.180317	763
504.523174603	0.18576	764
504.708934240	0.189025	765
504.897959184	0.170884	766
505.068843537	0.16254	767
505.231383220	0.180862	768
505.412244898	0.167438	769
505.579682540	0.16254	770
505.742222222	0.184308	771
505.926530612	0.163991	772
506.090521542	0.18576	773
506.276281179	0.180862	774
506.457142857	0.179048	775
506.636190476	0.16254	776
506.798730159	0.429569	777
507.228299320	0.17415	778
507.402448980	0.164898	779
507.567346939	0.171791	780
507.739138322	0.17415	781
507.913287982	0.168345	782
508.081632653	0.203175	783
508.284807256	0.15093	784
508.435736961	0.176508	785
508.612244898	0.171791	786
508.784036281	0.17415	787
508.958185941	0.217324	788
509.175510204	0.154195	789
509.329705215	0.12771	790
509.457414966	0.265034	791
509.722448980	0.152925	792
509.875374150	0.16254	793
510.037913832	0.198821	794
510.236734694	0.184308	795
510.421043084	0.13932	796
510.560362812	0.205283	797
510.765646259	0.143016	798
510.908662132	0.17415	799
511.082811791	0.223311	800
511.306122449	0.148209	801
511.454331066	0.16254	802
511.616870748	0.211701	803
511.828571429	0.183039	804
512.011609977	0.12771	805
512.139319728	0.187211	806
512.326530612	0.161088	807
512.487619048	0.2322	808
512.719818594	0.194467	809
512.914285714	0.153832	810
513.068117914	0.17415	811
513.242267574	0.178141	812
513.420408163	0.193379	813
513.613786848	0.15093	814
513.764716553	0.161814	815
513.926530612	0.174875	816
514.101405896	0.17415	817
514.275555556	0.197914	818
514.473469388	0.173605	819
514.647074830	0.20898	820
514.856054422	0.144671	821
515.000725624	0.180408	822
515.181133787	0.15093	823
515.332063492	0.186304	824
515.518367347	0.138776	825
515.657142857	0.17415	826
515.831292517	0.193197	827
516.024489796	0.189932	828
516.214421769	0.17415	829
516.388571429	0.166531	830
516.555102041	0.170159	831
516.725260771	0.22059	832
516.945850340	0.18068	833
517.126530612	0.167619	834
517.294149660	0.16254	835
517.456689342	0.208617	836
517.665306122	0.162902	837
517.828208617	0.13932	838
517.967528345	0.220227	839
518.187755102	0.151293	840
518.339047619	0.16254	841
518.501587302	0.168481	842
518.670068027	0.156599	843
518.826666667	0.17415	844
519.000816327	0.21551	845
519.216326531	0.156009	846
519.372335601	0.17415	847
519.546485261	0.208617	848
519.755102041	0.162902	849
519.918004535	0.15093	850
520.068934240	0.208617	851
520.277551020	0.151293	852
520.428843537	0.18576	853
520.614603175	0.177234	854
520.791836735	0.136236	855
520.928072562	0.16254	856
521.090612245	0.21551	857
521.306122449	0.121179	858
521.427301587	0.18576	859
521.613061224	0.231837	860
521.844897959	0.139683	861
521.984580499	0.19737	862
522.181950113	0.160907	863
522.342857143	0.175782	864
522.518639456	0.16254	865
522.681179138	0.19229	866
522.873469388	0.144399	867
523.017868481	0.17415	868
523.192018141	0.17941	869
523.371428571	0.145669	870
523.517097506	0.20898	871
523.726077098	0.21678	872
523.942857143	0.143129	873
524.085986395	0.18576	874
524.271746032	0.209887	875
524.481632653	0.161633	876
524.643265306	0.18576	877
524.829024943	0.158435	878
524.987460317	0.143424	879
525.130884354	0.2322	880
525.363083900	0.1961	881
525.559183673	0.198639	882
525.757823129	0.278639	883
526.036462585	0.293946	884
526.330408163	0.543061	885
526.873469388	0.196281	886
527.069750567	0.19737	887
527.267120181	0.145125	888
527.412244898	0.168345	889
527.580589569	0.16254	890
527.743129252	0.216054	891
527.959183673	0.167075	892
528.126258503	0.19737	893
528.323628118	0.223311	894
528.546938776	0.546939	895
529.093877551	0.193379	896
529.287256236	0.0928798	897
529.380136054	0.0812698	898
529.461405896	0.2039	899
529.665306122	0.179229	900
529.844535147	0.19737	901
530.041904762	0.186667	902
530.228571429	0.138413	903
530.366984127	0.19737	904
530.564353741	0.260136	905
530.824489796	0.543946	906
531.368435374	0.188571	907
531.557006803	0.0899773	908
531.646984127	0.148027	909
531.795011338	0.172336	910
531.967346939	0.187574	911
532.154920635	0.18576	912
532.340680272	0.181769	913
532.522448980	0.154921	914
532.677369615	0.17415	915
532.851519274	0.283175	916
533.134693878	0.571429	917
533.706122449	0.167075	918
533.873197279	0.16254	919
534.035736961	0.233605	920
534.269342404	0.149524	921
534.418866213	0.16254	922
534.581405896	0.226757	923
534.808163265	0.191202	924
534.999365079	0.267029	925
535.266394558	0.21932	926
535.485714286	0.522449	927
536.008163265	0.198639	928
536.206802721	0.18576	929
536.392562358	0.195193	930
536.587755102	0.141497	931
536.729251701	0.15093	932
536.880181406	0.238186	933
537.118367347	0.156553	934
537.274920635	0.19737	935
537.472290249	0.209342	936
537.681632653	0.255057	937
537.936689342	0.288776	938
538.225464853	0.326553	939
538.552018141	0.313288	940
538.865306122	0.255601	941
539.120907029	0.356644	942
539.477551020	0.328345	943
539.805895692	0.696599	944
540.502494331	0.330159	945
540.832653061	0.29678	946
541.129433107	0.329433	947
541.458866213	0.320726	948
541.779591837	0.220408	949
542.000000000	0.232381	950
542.232380952	0.330091	951
542.562471655	0.273628	952
542.836099773	0.28195	953
543.118049887	0.275329	954
543.393378685	0.263764	955
543.657142857	0.305125	956
543.962267574	0.294263	957
544.256530612	0.228186	958
544.484716553	0.255646	959
544.740362812	0.336463	960
545.076825397	0.229297	961
545.306122449	0.316372	962
545.622494331	0.385669	963
546.008163265	1.50676	964
547.514920635	0.289161	965
547.804081633	0.314558	966
548.118639456	0.314014	967
548.432653061	0.231655	968
548.664308390	0.323447	969
548.987755102	0.245442	970
549.233197279	0.545669	971
549.778866213	0.327234	972
550.106099773	0.264875	973
550.370975057	0.322903	974
550.693877551	0.280816	975
550.974693878	0.306939	976
551.281632653	0.23873	977
551.520362812	0.568889	978
552.089251701	0.245442	979
552.334693878	0.300227	980
552.634920635	0.263039	981
552.897959184	0.25941	982
553.157369615	0.303855	983
553.461224490	0.253424	984
553.714648526	0.615329	985
554.329977324	0.252698	986
554.582675737	0.281361	987
554.864036281	0.295147	988
555.159183673	0.296961	989
555.456145125	0.290794	990
555.746938776	0.208435	991
555.955374150	0.673379	992
556.628752834	0.293696	993
556.922448980	0.251973	994
557.174421769	0.308254	995
557.482675737	0.272245	996
557.754920635	0.285896	997
558.040816327	0.224943	998
558.265759637	0.557279	999
558.823038549	0.280385	1000
559.103424036	0.242063	1001
559.345487528	0.295329	1002
559.640816327	0.29678	1003
559.937596372	0.266485	1004
560.204081633	0.267574	1005
560.471655329	0.580499	1006
561.052154195	0.286621	1007
561.338775510	0.282268	1008
561.621043084	0.313651	1009
561.934693878	0.278458	1010
562.213151927	0.284807	1011
562.497959184	0.284082	1012
562.782040816	0.557279	1013
563.339319728	0.277007	1014
563.616326531	0.291882	1015
563.908208617	0.304036	1016
564.212244898	0.241633	1017
564.453877551	0.346122	1018
564.800000000	0.315646	1019
565.115646259	0.684989	1020
565.800634921	0.272834	1021
566.073469388	0.319274	1022
566.392743764	0.276644	1023
566.669387755	0.269025	1024
566.938412698	0.286077	1025
567.224489796	0.247982	1026
567.472471655	0.557279	1027
568.029750567	0.278005	1028
568.307755102	0.290884	1029
568.598639456	0.282993	1030
568.881632653	0.239456	1031
569.121088435	0.27483	1032
569.395918367	0.259229	1033
569.655147392	0.603719	1034
570.258866213	0.263583	1035
570.522448980	0.270476	1036
570.792925170	0.309116	1037
571.102040816	0.259773	1038
571.361814059	0.262676	1039
571.624489796	0.201723	1040
571.826213152	0.580499	1041
572.406712018	0.262676	1042
572.669387755	0.271383	1043
572.940770975	0.267392	1044
573.208163265	0.231837	1045
573.440000000	0.298776	1046
573.738775510	0.235283	1047
573.974058957	0.580499	1048
574.554557823	0.289705	1049
574.844263039	0.255964	1050
575.100226757	0.260204	1051
575.360430839	0.227415	1052
575.587845805	0.273379	1053
575.861224490	0.24907	1054
576.110294785	0.568889	1055
576.679183673	0.271293	1056
576.950476190	0.239546	1057
577.190022676	0.274649	1058
577.464671202	0.2478	1059
577.712471655	0.284535	1060
577.997006803	0.261134	1061
578.258140590	0.476009	1062
578.734149660	0.27966	1063
579.013809524	0.254399	1064
579.268208617	0.262585	1065
579.530793651	0.259864	1066
579.790657596	0.268776	1067
580.059433107	0.230454	1068
580.289886621	0.545669	1069
580.835555556	0.268163	1070
581.103718821	0.242676	1071
581.346394558	0.510839	1072
581.857233560	0.297868	1073
582.155102041	0.27102	1074
582.426122449	0.545669	1075
582.971791383	0.350658	1076
583.322448980	0.253061	1077
583.575510204	0.318367	1078
583.893877551	0.262132	1079
584.156009070	0.284807	1080
584.440816327	0.237642	1081
584.678458050	0.235828	1082
584.914285714	0.251791	1083
585.166077098	0.284739	1084
585.450816327	0.27254	1085
585.723356009	0.248027	1086
585.971383220	5.56331	1087
591.534693878	1.06939	1088
592.604081633	0.781859	1089
593.385941043	0.377324	1090
593.763265306	0.563265	1091
594.326530612	0.530612	1092
594.857142857	0.563265	1093
595.420408163	0.546939	1094
595.967346939	0.263039	1095
596.230385488	0.10449	1096
596.334875283	0.138594	1097
596.473469388	0.302585	1098
596.776054422	0.28517	1099
597.061224490	0.771338	1100
597.832562358	0.338866	1101
598.171428571	1.05306	1102
599.224489796	1.26676	1103
600.491247166	0.259773	1104
600.751020408	0.204626	1105
600.955646259	0.252517	1106
601.208163265	0.513764	1107
601.721927438	0.267007	1108
601.988934240	0.329433	1109
602.318367347	1.08571	1110
603.404081633	0.450612	1111
603.854693878	0.488163	1112
604.342857143	0.258322	1113
604.601179138	0.2478	1114
604.848979592	0.228209	1115
605.077188209	0.269751	1116
605.346938776	0.465306	1117
605.812244898	0.275011	1118
606.087256236	0.288254	1119
606.375510204	0.995918	1120
607.371428571	0.457143	1121
607.828571429	0.530612	1122
608.359183673	0.212608	1123
608.571791383	0.261134	1124
608.832925170	0.214875	1125
609.047800454	0.258322	1126
609.306122449	0.206077	1127
609.512199546	0.267392	1128
609.779591837	0.465306	1129
610.244897959	0.27737	1130
610.522267574	0.245079	1131
610.767346939	0.24254	1132
611.009886621	0.218753	1133
611.228639456	0.222426	1134
611.451065760	0.230567	1135
611.681632653	0.210612	1136
611.892244898	0.27102	1137
612.163265306	0.204989	1138
612.368253968	0.243991	1139
612.612244898	0.208798	1140
612.821043084	0.248345	1141
613.069387755	0.216054	1142
613.285442177	0.224762	1143
613.510204082	0.216417	1144
613.726621315	0.306032	1145
614.032653061	0.963265	1146
614.995918367	2.08748	1147
617.083401361	0.654512	1148
617.737913832	0.694739	1149
618.432653061	0.216599	1150
618.649251701	0.19737	1151
618.846621315	0.15746	1152
619.004081633	0.167619	1153
619.171700680	0.13932	1154
619.311020408	0.166531	1155
619.477551020	0.170159	1156
619.647709751	0.17415	1157
619.821859410	0.169977	1158
619.991836735	0.201542	1159
620.193378685	0.15093	1160
620.344308390	0.182744	1161
620.527052154	0.200385	1162
620.727437642	0.17415	1163
620.901587302	0.1678	1164
621.069387755	0.180499	1165
621.249886621	0.17415	1166
621.424036281	0.159637	1167
621.583673469	0.258322	1168
621.841995465	0.10449	1169
621.946485261	0.159637	1170
622.106122449	0.177052	1171
622.283174603	0.17415	1172
622.457324263	0.212063	1173
622.669387755	0.147846	1174
622.817233560	0.16254	1175
622.979773243	0.163084	1176
623.142857143	0.173605	1177
623.316462585	0.15093	1178
623.467392290	0.181587	1179
623.648979592	0.178322	1180
623.827301587	0.16254	1181
623.989841270	0.165261	1182
624.155102041	0.206259	1183
624.361360544	0.15093	1184
624.512290249	0.206077	1185
624.718367347	0.142222	1186
624.860589569	0.19737	1187
625.057959184	0.150204	1188
625.208163265	0.163265	1189
625.371428571	0.16254	1190
625.533968254	0.23746	1191
625.771428571	0.192109	1192
625.963537415	0.16254	1193
626.126077098	0.151474	1194
626.277551020	0.185215	1195
626.462766440	0.19737	1196
626.660136054	0.18068	1197
626.840816327	0.156009	1198
626.996825397	0.18576	1199
627.182585034	0.15619	1200
627.338775510	0.157279	1201
627.496054422	0.13932	1202
627.635374150	0.201361	1203
627.836734694	0.146939	1204
627.983673469	0.17415	1205
628.157823129	0.160544	1206
628.318367347	0.152925	1207
628.471292517	0.15093	1208
628.622222222	0.185941	1209
628.808163265	0.150748	1210
628.958911565	0.15093	1211
629.109841270	0.188118	1212
629.297959184	0.148571	1213
629.446530612	0.16254	1214
629.609070295	0.178685	1215
629.787755102	0.204444	1216
629.992199546	0.13932	1217
630.131519274	0.146032	1218
630.277551020	0.179048	1219
630.456598639	0.16254	1220
630.619138322	0.168707	1221
630.787845805	0.167982	1222
630.955827664	0.15093	1223
631.106757370	0.183039	1224
631.289795918	0.142041	1225
631.431836735	0.13932	1226
631.571156463	0.183946	1227
631.755102041	0.164354	1228
631.919455782	0.16254	1229
632.081995465	0.154739	1230
632.236734694	0.18195	1231
632.418684807	0.15093	1232
632.569614512	0.182676	1233
632.752290249	0.200454	1234
632.952743764	0.15093	1235
633.103673469	0.169796	1236
633.273469388	0.166893	1237
633.440362812	0.16254	1238
633.602902494	0.160363	1239
633.763265306	0.141497	1240
633.904761905	0.20898	1241
634.113741497	0.220952	1242
634.334693878	0.162177	1243
634.496870748	0.18576	1244
634.682630385	0.288798	1245
634.971428571	0.152381	1246
635.123809524	0.13932	1247
635.263129252	0.271565	1248
635.534693878	0.123175	1249
635.657868481	0.16254	1250
635.820408163	0.212245	1251
636.032653061	0.170884	1252
636.203537415	0.13932	1253
636.342857143	0.146939	1254
636.489795918	0.166531	1255
636.656326531	0.10449	1256
636.760816327	0.226939	1257
636.987755102	0.14458	1258
637.132335601	0.19737	1259
637.329705215	0.115193	1260
637.444897959	0.117007	1261
637.561904762	0.19737	1262
637.759274376	0.191746	1263
637.951020408	0.168163	1264
638.119183673	0.15093	1265
638.270113379	0.170703	1266
638.440816327	0.189206	1267
638.630022676	0.17415	1268
638.804172336	0.142766	1269
638.946938776	0.147483	1270
639.094421769	0.13932	1271
639.233741497	0.178503	1272
639.412244898	0.134966	1273
639.547210884	0.17415	1274
639.721360544	0.164354	1275
639.885714286	0.137506	1276
640.023219955	0.15093	1277
640.174149660	0.168707	1278
640.342857143	0.156372	1279
640.499229025	0.13932	1280
640.638548753	0.161451	1281
640.800000000	0.244898	1282
641.044897959	0.12771	1283
641.172607710	0.198821	1284
641.371428571	0.161088	1285
641.532517007	0.16254	1286
641.695056689	0.166168	1287
641.861224490	0.170522	1288
642.031746032	0.15093	1289
642.182675737	0.217324	1290
642.400000000	0.212245	1291
642.612244898	0.13932	1292
642.751564626	0.26068	1293
643.012244898	0.168889	1294
643.181133787	0.13932	1295
643.320453515	0.189751	1296
643.510204082	0.146939	1297
643.657142857	0.13932	1298
643.796462585	0.179048	1299
643.975510204	0.157642	1300
644.133151927	0.13932	1301
644.272471655	0.176508	1302
644.448979592	0.148571	1303
644.597551020	0.13932	1304
644.736870748	0.177415	1305
644.914285714	0.147664	1306
645.061950113	0.16254	1307
645.224489796	0.195918	1308
645.420408163	0.140771	1309
645.561179138	0.13932	1310
645.700498866	0.152562	1311
645.853061224	0.126077	1312
645.979138322	0.10449	1313
646.083628118	0.210249	1314
646.293877551	0.14966	1315
646.443537415	0.16254	1316
646.606077098	0.128617	1317
646.734693878	0.161633	1318
646.896326531	0.1161	1319
647.012426304	0.2039	1320
647.216326531	0.109569	1321
647.325895692	0.15093	1322
647.476825397	0.155828	1323
647.632653061	0.157642	1324
647.790294785	0.12771	1325
647.918004535	0.155465	1326
648.073469388	0.134785	1327
648.208253968	0.12771	1328
648.335963719	0.202812	1329
648.538775510	0.145488	1330
648.684263039	0.17415	1331
648.858412698	0.161995	1332
649.020408163	0.128254	1333
649.148662132	0.13932	1334
649.287981859	0.169252	1335
649.457233560	0.144218	1336
649.601451247	0.12771	1337
649.729160998	0.156553	1338
649.885714286	0.203356	1339
650.089070295	0.16254	1340
650.251609977	0.295329	1341
650.546938776	0.15746	1342
650.704399093	0.16254	1343
650.866938776	0.210612	1344
651.077551020	0.137687	1345
651.215238095	0.15093	1346
651.366167800	0.160363	1347
651.526530612	0.141497	1348
651.668027211	0.12771	1349
651.795736961	0.150998	1350
651.946734694	0.162472	1351
652.109206349	0.1161	1352
652.225306122	0.19102	1353
652.416326531	0.110839	1354
652.527165533	0.17415	1355
652.701315193	0.189546	1356
652.890861678	0.135533	1357
653.026394558	0.13932	1358
653.165714286	0.164898	1359
653.330612245	0.148571	1360
653.479183673	0.15093	1361
653.630113379	0.151293	1362
653.781405896	0.115737	1363
653.897142857	0.17415	1364
654.071292517	0.189932	1365
654.261224490	0.100317	1366
654.361541950	0.16254	1367
654.524081633	0.194286	1368
654.718367347	0.142404	1369
654.860770975	0.12771	1370
654.988480726	0.16254	1371
655.151020408	0.15093	1372
655.301950113	0.12771	1373
655.429659864	0.162177	1374
655.591836735	0.139683	1375
655.731519274	0.15093	1376
655.882448980	0.198912	1377
656.081360544	0.149388	1378
656.230748299	0.13932	1379
656.370068027	0.136054	1380
656.506122449	0.107755	1381
656.613877551	0.19737	1382
656.811247166	0.127528	1383
656.938775510	0.139501	1384
657.078276644	0.13932	1385
657.217596372	0.153832	1386
657.371428571	0.148027	1387
657.519455782	0.15093	1388
657.670385488	0.199002	1389
657.869387755	0.195737	1390
658.065124717	0.22059	1391
658.285714286	0.18576	1392
658.471473923	0.246893	1393
658.718367347	0.8161	1394
659.534467120	0.225714	1395
659.760181406	0.215646	1396
659.975827664	0.179093	1397
660.154920635	0.236916	1398
660.391836735	0.192653	1399
660.584489796	0.207347	1400
660.791836735	0.187392	1401
660.979229025	0.228934	1402
661.208163265	0.235465	1403
661.443628118	0.221678	1404
661.665306122	0.184671	1405
661.849977324	0.199002	1406
662.048979592	0.195737	1407
662.244716553	0.1961	1408
662.440816327	0.245079	1409
662.685895692	0.221088	1410
662.906984127	0.448118	1411
663.355102041	0.440816	1412
663.795918367	0.457143	1413
664.253061224	0.75483	1414
665.007891156	0.265578	1415
665.273469388	0.68644	1416
665.959909297	0.247256	1417
666.207165533	0.251973	1418
666.459138322	0.259229	1419
666.718367347	0.692789	1420
667.411156463	0.237823	1421
667.648979592	0.214966	1422
667.863945578	0.217687	1423
668.081632653	0.211882	1424
668.293514739	0.212608	1425
668.506122449	0.240181	1426
668.746303855	0.225125	1427
668.971428571	0.703673	1428
669.675102041	0.259592	1429
669.934693878	0.657596	1430
670.592290249	0.264853	1431
670.857142857	0.780045	1432
671.637188209	0.313832	1433
671.951020408	0.563265	1434
672.514285714	0.24907	1435
672.763356009	0.224399	1436
672.987755102	0.22839	1437
673.216145125	0.343039	1438
673.559183673	0.489796	1439
674.048979592	0.235283	1440
674.284263039	0.270839	1441
674.555102041	0.17034	1442
674.725442177	0.245986	1443
674.971428571	0.218413	1444
675.189841270	0.361179	1445
675.551020408	0.27737	1446
675.828390023	0.245079	1447
676.073469388	0.23093	1448
676.304399093	0.24254	1449
676.546938776	0.303129	1450
676.850068027	0.227483	1451
677.077551020	0.213696	1452
677.291247166	0.25161	1453
677.542857143	0.201179	1454
677.744036281	0.242608	1455
677.986643991	0.279841	1456
678.266485261	0.264127	1457
678.530612245	0.235102	1458
678.765714286	0.222041	1459
678.987755102	0.242358	1460
679.230113379	0.288254	1461
679.518367347	0.257415	1462
679.775782313	0.30585	1463
680.081632653	1.54014	1464
681.621768707	0.443537	1465
682.065306122	1.35601	1466
683.421315193	0.261995	1467
683.683310658	0.248844	1468
683.932154195	0.271927	1469
684.204081633	1.44635	1470
685.650430839	0.325079	1471
685.975510204	0.20898	1472
686.184489796	0.305306	1473
686.489795918	0.820862	1474
687.310657596	0.2322	1475
687.542857143	0.255419	1476
687.798276644	0.267029	1477
688.065306122	0.20898	1478
688.274285714	0.28898	1479
688.563265306	0.210249	1480
688.773514739	0.255057	1481
689.028571429	0.244172	1482
689.272743764	0.28644	1483
689.559183673	0.247619	1484
689.806802721	0.257052	1485
690.063854875	0.59737	1486
690.661224490	0.271746	1487
690.932970522	0.258866	1488
691.191836735	0.569977	1489
691.761814059	0.250884	1490
692.012698413	0.265102	1491
692.277800454	0.554717	1492
692.832517007	0.277324	1493
693.109841270	0.384036	1494
693.493877551	0.612245	1495
694.106122449	0.275011	1496
694.381133787	0.32907	1497
694.710204082	0.239819	1498
694.950022676	0.323447	1499
695.273469388	0.530612	1500
695.804081633	0.260499	1501
696.064580499	0.305896	1502
696.370476190	0.239773	1503
696.610249433	0.230567	1504
696.840816327	0.268662	1505
697.109478458	0.295011	1506
697.404489796	0.542472	1507
697.946961451	0.230635	1508
698.177596372	0.293515	1509
698.471111111	0.252154	1510
698.723265306	0.281633	1511
699.004897959	0.523311	1512
699.528208617	0.251565	1513
699.779773243	0.326349	1514
700.106122449	0.497256	1515
700.603378685	0.290952	1516
700.894331066	0.321995	1517
701.216326531	0.522494	1518
701.738820862	0.304898	1519
702.043718821	0.364444	1520
702.408163265	0.693878	1521
703.102040816	2.52336	1522
705.625396825	2.19429	1523
707.819682540	0.653787	1524
708.473469388	0.587755	1525
709.061224490	0.604082	1526
709.665306122	0.571429	1527
710.236734694	0.620408	1528
710.857142857	0.563265	1529
711.420408163	0.579592	1530
712.000000000	0.563265	1531
712.563265306	0.571429	1532
713.134693878	0.563265	1533
713.697959184	0.298231	1534
713.996190476	0.33034	1535
714.326530612	0.579592	1536
714.906122449	0.612245	1537
715.518367347	0.530612	1538
716.048979592	0.298231	1539
716.347210884	0.322177	1540
716.669387755	0.579592	1541
717.248979592	0.579592	1542
717.828571429	0.612245	1543
718.440816327	0.653061	1544
719.093877551	0.693878	1545
719.787755102	0.8	1546
720.587755102	0.612245	1547
721.200000000	0.587755	1548
721.787755102	0.555102	1549
722.342857143	0.604082	1550
722.946938776	0.579592	1551
723.526530612	0.628571	1552
724.155102041	0.587755	1553
724.742857143	0.710204	1554
725.453061224	0.579592	1555
726.032653061	0.287528	1556
726.320181406	0.341043	1557
726.661224490	0.612245	1558
727.273469388	0.595918	1559
727.869387755	0.612245	1560
728.481632653	0.587755	1561
729.069387755	0.620408	1562
729.689795918	0.604082	1563
730.293877551	0.579388	1564
730.873265306	0.604286	1565
731.477551020	0.677551	1566
732.155102041	0.653061	1567
732.808163265	0.587755	1568
733.395918367	0.5878	1569
733.983718821	0.579547	1570
734.563265306	0.612245	1571
735.175510204	0.54161	1572
735.717120181	0.642063	1573
736.359183673	0.551179	1574
736.910362812	0.632494	1575
737.542857143	0.627936	1576
738.170793651	0.678186	1577
738.848979592	0.571429	1578
739.420408163	0.653061	1579
740.073469388	0.579592	1580
740.653061224	0.628571	1581
741.281632653	0.742857	1582
742.024489796	0.710204	1583
742.734693878	1.12653	1584
743.861224490	0.860771	1585
744.721995465	0.331066	1586
745.053061224	1.14286	1587
746.195918367	0.877097	1588
747.073015873	0.363719	1589
747.436734694	1.20816	1590
748.644897959	0.644898	1591
749.289795918	0.783673	1592
750.073469388	0.677551	1593
750.751020408	0.579592	1594
751.330612245	0.587755	1595
751.918367347	0.604082	1596
752.522448980	0.644898	1597
753.167346939	0.604082	1598
753.771428571	0.653061	1599
754.424489796	0.620408	1600
755.044897959	0.653061	1601
755.697959184	0.620408	1602
756.318367347	0.661224	1603
756.979591837	0.677551	1604
757.657142857	0.742857	1605
758.400000000	0.742857	1606
759.142857143	0.710204	1607
759.853061224	0.710204	1608
760.563265306	0.620408	1609
761.183673469	0.595918	1610
761.779591837	0.620408	1611
762.400000000	0.661224	1612
763.061224490	0.579592	1613
763.640816327	0.612245	1614
764.253061224	0.702041	1615
764.955102041	0.726531	1616
765.681632653	0.563265	1617
766.244897959	0.555102	1618
766.800000000	0.546939	1619
767.346938776	0.281542	1620
767.628480726	0.347029	1621
767.975510204	0.563265	1622
768.538775510	0.587755	1623
769.126530612	0.538776	1624
769.665306122	0.26195	1625
769.927256236	0.350295	1626
770.277551020	0.584172	1627
770.861723356	0.578685	1628
771.440408163	0.633061	1629
772.073469388	0.338322	1630
772.411791383	0.404535	1631
772.816326531	0.612245	1632
773.428571429	0.571429	1633
774.000000000	0.604082	1634
774.604081633	0.595918	1635
775.200000000	0.604082	1636
775.804081633	0.612245	1637
776.416326531	0.636735	1638
777.053061224	0.661224	1639
777.714285714	0.59034	1640
778.304625850	0.650476	1641
778.955102041	0.636735	1642
779.591836735	0.636735	1643
780.228571429	0.628571	1644
780.857142857	0.746599	1645
781.603741497	0.551361	1646
782.155102041	0.693878	1647
782.848979592	0.579592	1648
783.428571429	0.63737	1649
784.065941043	0.570794	1650
784.636734694	0.653061	1651
785.289795918	0.644898	1652
785.934693878	0.612245	1653
786.546938776	0.661224	1654
787.208163265	0.702041	1655
787.910204082	0.702041	1656
788.612244898	0.612245	1657
789.224489796	0.669388	1658
789.893877551	0.620408	1659
790.514285714	0.620408	1660
791.134693878	0.636735	1661
791.771428571	0.661224	1662
792.432653061	0.653061	1663
793.085714286	0.693878	1664
793.779591837	0.587755	1665
794.367346939	0.612245	1666
794.979591837	0.612245	1667
795.591836735	0.604082	1668
796.195918367	0.595918	1669
796.791836735	0.620408	1670
797.412244898	0.563265	1671
797.975510204	0.644898	1672
798.620408163	0.661224	1673
799.281632653	0.742857	1674
800.024489796	0.8	1675
800.824489796	0.840816	1676
801.665306122	0.889796	1677
802.555102041	0.718367	1678
803.273469388	0.677551	1679
803.951020408	0.661224	1680
804.612244898	0.636735	1681
805.248979592	0.636735	1682
805.885714286	0.693311	1683
806.579024943	0.702608	1684
807.281632653	0.75102	1685
808.032653061	0.808163	1686
808.840816327	1.07755	1687
809.918367347	0.767347	1688
810.685714286	0.702041	1689
811.387755102	0.767347	1690
812.155102041	0.914286	1691
813.069387755	0.84898	1692
813.918367347	0.865306	1693
814.783673469	1.15918	1694
815.942857143	2.03265	1695
817.975510204	0	1696