0.674149659	1.08095	1.1
1.755102040	0.850136	1.2
2.605238095	0.86415	2.1
3.469387755	0.889796	2.2
4.359183673	0.891156	3.1
5.250340136	0.943016	3.2
6.193356009	0.892358	4.1
7.085714285	0.846122	4.2
7.931836734	0.933469	5.1
8.865306122	0.878005	5.2
9.743310657	0.904671	6.1
10.647981859	0.851202	6.2
11.499183673	0.905147	7.1
12.404331065	0.925465	7.2
13.329795918	0.792653	8.1
14.122448979	0.84898	8.2
14.971428571	0.930612	9.1
15.902040816	0.84898	9.2
16.751020408	0.897959	10.1
17.648979591	0.865306	10.2
18.514285714	0.897959	11.1
19.412244897	0.857143	11.2
20.269387755	0.8839	12.1
21.153287981	0.899864	12.2
22.053151927	0.893787	13.1
22.946938775	0.919592	13.2
23.866530612	0.90898	14.1
24.775510204	0.84898	14.2
25.624489795	0.881633	15.1
26.506122448	0.857143	15.2
27.363265306	0.949478	16.1
28.312743764	0.862766	16.2
29.175510204	0.866168	17.1
30.041678004	0.888617	17.2
30.930294784	0.890113	18.1
31.820408163	0.881633	18.2
32.702040816	0.922449	19.1
33.624489795	0.870317	19.2
34.494807256	0.933764	20.1
35.428571428	0.84898	20.2
36.277551020	0.906122	21.1
37.183673469	0.857143	21.2
38.040816326	0.889796	22.1
38.930612244	0.889796	22.2
39.820408163	0.914286	23.1
40.734693877	0.881633	23.2
41.616326530	0.889796	24.1
42.506122448	0.884966	24.2
43.391088435	1.01707	25.1
44.408163265	1.05519	25.2
45.463356009	0.883968	26.1
46.347324263	0.917982	26.2
47.265306122	0.920385	27.1
48.185691609	0.859206	27.2
49.044897959	0.922449	28.1
49.967346938	0.906122	28.2
50.873469387	0.931882	29.1
51.805351473	0.880363	29.2
52.685714285	0.906122	30.1
53.591836734	0.873469	30.2
54.465306122	0.96898	31.1
55.434285714	0.843265	31.2
56.277551020	0.857143	32.1
57.134693877	0.84898	32.2
57.983673469	0.914286	33.1
58.897959183	0.914286	33.2
59.812244897	0.8622	34.1
60.674444444	0.901066	34.2
61.575510204	0.914286	35.1
62.489795918	0.857143	35.2
63.346938775	0.916667	36.1
64.263605442	0.789456	36.2
65.053061224	0.914286	37.1
65.967346938	0.919546	37.2
66.886893424	0.871882	38.1
67.758775510	0.824943	38.2
68.583718820	0.861179	39.1
69.444897959	0.931497	39.2
70.376394557	0.817959	40.1
71.194353741	0.871429	40.2
72.065782312	0.897483	41.1
72.963265306	0.865828	41.2
73.829092970	0.880748	42.1
74.709841269	0.942744	42.2
75.652585034	0.86517	43.1
76.517755102	0.911134	43.2
77.428888888	0.868934	44.1
78.297823129	0.864853	44.2
79.162675736	0.880748	45.1
80.043424036	0.863651	45.2
80.907074829	0.88068	46.1
81.787755102	0.862472	46.2
82.650226757	0.868141	47.1
83.518367346	0.867574	47.2
84.385941043	0.809252	48.1
85.195192743	0.894603	48.2
86.089795918	0.87907	49.1
86.968866213	0.891837	49.2
87.860702947	0.889161	50.1
88.749863945	0.915442	50.2
89.665306122	0.987755	51.1
90.653061224	0.971429	51.2
91.624489795	1.02857	52.1
92.653061224	1.33878	52.2
93.991836734	1.23265	53.1
95.224489795	1.0449	53.2
96.269387755	1.0449	54.1
97.314285714	1.02041	54.2
98.334693877	1.32245	55.1
99.657142857	1.05306	55.2
100.710204081	1.00889	56.1
101.719092970	1.11356	56.2
102.832653061	1.08571	57.1
103.918367346	1.05039	57.2
104.968752834	1.07197	58.1
106.040725623	1.29805	58.2
107.338775510	1.04141	59.1
108.380181405	0.977959	59.2
109.358140589	0.949887	60.1
110.308027210	0.957279	60.2
111.265306122	1.02857	61.1
112.293877551	0.946939	61.2
113.240816326	0.946939	62.1
114.187755102	0.969683	62.2
115.157437641	0.973175	63.1
116.130612244	0.946939	63.2
117.077551020	0.955102	64.1
118.032653061	0.955102	64.2
118.987755102	1.08571	65.1
120.073469387	1.01224	65.2
121.085714285	0.997914	66.1
122.083628117	1.198	66.2
123.281632653	1.0449	67.1
124.326530612	1.15918	67.2
125.485714285	1.19184	68.1
126.677551020	1.02857	68.2
127.706122448	1.16905	69.1
128.875170068	1.1983	69.2
130.073469387	1.03673	70.1
131.110204081	1.06122	70.2
132.171428571	1.09388	71.1
133.265306122	1.19948	71.2
134.464784580	1.00778	72.1
135.472562358	1.081	72.2
136.553560090	1.02172	73.1
137.575283446	1.00431	73.2
138.579591836	1.14286	74.1
139.722448979	1.25714	74.2
140.979591836	1.3471	75.1
142.326689342	1.13991	75.2
143.466598639	0.895374	76.1
144.361972789	0.838027	76.2
145.200000000	0.79449	77.1
145.994489795	0.838163	77.2
146.832653061	0.865306	78.1
147.697959183	0.803379	78.2
148.501337868	0.845601	79.1
149.346938775	0.808163	79.2
150.155102040	0.836825	80.1
150.991927437	0.784218	80.2
151.776145124	0.81161	81.1
152.587755102	0.783673	81.2
153.371428571	0.84898	82.1
154.220408163	0.796168	82.2
155.016575963	0.820159	83.1
155.836734693	0.827619	83.2
156.664353741	0.778163	84.1
157.442517006	0.79839	84.2
158.240907029	0.836644	85.1
159.077551020	0.8	85.2
159.877551020	0.82449	86.1
160.702040816	0.791837	86.2
161.493877551	0.82449	87.1
162.318367346	0.8	87.2
163.118367346	0.816327	88.1
163.934693877	0.75102	88.2
164.685714285	0.801723	89.1
165.487437641	0.798277	89.2
166.285714285	0.791837	90.1
167.077551020	0.82449	90.2
167.902040816	0.922449	91.1
168.824489795	0.857143	91.2
169.681632653	0.832653	92.1
170.514285714	0.840816	92.2
171.355102040	0.84898	93.1
172.204081632	0.82678	93.2
173.030861678	0.79771	94.1
173.828571428	0.938776	94.2
174.767346938	1.02195	95.1
175.789297052	0.937234	95.2
176.726530612	0.860272	96.1
177.586802721	1.02544	96.2
178.612244897	0.92585	97.1
179.538095238	0.861905	97.2
180.400000000	0.846463	98.1
181.246462585	0.794354	98.2
182.040816326	0.978254	99.1
183.019070294	0.898571	99.2
183.917641723	0.868435	100.1
184.786077097	0.960862	100.2
185.746938775	0.857143	101.1
186.604081632	0.881633	101.2
187.485714285	0.832653	102.1
188.318367346	0.875465	102.2
189.193832199	0.870862	103.1
190.064693877	0.852109	103.2
190.916802721	0.81381	104.1
191.730612244	0.906122	104.2
192.636734693	1.038	105.1
193.674739229	0.970159	105.2
194.644897959	0.906122	106.1
195.551020408	1.00408	106.2
196.555102040	0.971429	107.1
197.526530612	0.913356	107.2
198.439886621	1.00596	108.1
199.445850340	0.864354	108.2
200.310204081	0.939819	109.1
201.250022675	0.8561	109.2
202.106122448	0.922449	110.1
203.028571428	0.963265	110.2
203.991836734	0.906122	111.1
204.897959183	0.881633	111.2
205.779591836	0.865306	112.1
206.644897959	0.873469	112.2
207.518367346	0.865306	113.1
208.383673469	0.85737	113.2
209.241043083	0.881406	114.1
210.122448979	0.922449	114.2
211.044897959	0.897959	115.1
211.942857142	0.808163	115.2
212.751020408	0.881633	116.1
213.632653061	0.816327	116.2
214.448979591	0.84898	117.1
215.297959183	0.82449	117.2
216.122448979	0.816327	118.1
216.938775510	0.844649	118.2
217.783424036	0.918617	119.1
218.702040816	0.82449	119.2
219.526530612	0.881633	120.1
220.408163265	0.832653	120.2
221.240816326	0.830998	121.1
222.071814058	0.801655	121.2
222.873469387	0.883447	122.1
223.756916099	0.8739	122.2
224.630816326	1.0895	123.1
225.720317460	0.894036	123.2
226.614353741	0.977483	124.1
227.591836734	0.955102	124.2
228.546938775	0.930612	125.1
229.477551020	0.922449	125.2
230.400000000	1.02857	126.1
231.428571428	1.07862	126.2
232.507188208	1.02989	127.1
233.537074829	0.949683	127.2
234.486757369	0.971542	128.1
235.458299319	1.11313	128.2
236.571428571	0.971429	129.1
237.542857142	1.03673	129.2
238.579591836	1.00408	130.1
239.583673469	1.09388	130.2
240.677551020	1.19104	131.1
241.868594104	1.12732	131.2
242.995918367	0.971429	132.1
243.967346938	0.865306	132.2
244.832653061	0.897959	133.1
245.730612244	0.866417	133.2
246.597029478	0.880522	134.1
247.477551020	0.939433	134.2
248.416984126	0.856485	135.1
249.273469387	0.867846	135.2
250.141315192	0.919909	136.1
251.061224489	0.881633	136.2
251.942857142	0.906122	137.1
252.848979591	0.84898	137.2
253.697959183	0.922449	138.1
254.620408163	0.879342	138.2
255.499750566	0.879433	139.1
256.379183673	0.906372	139.2
257.285555555	0.9022	140.1
258.187755102	0.930612	140.2
259.118367346	0.889796	141.1
260.008163265	0.82449	141.2
260.832653061	0.906122	142.1
261.738775510	0.857143	142.2
262.595918367	0.955102	143.1
263.551020408	0.881633	143.2
264.432653061	0.881633	144.1
265.314285714	0.865306	144.2
266.179591836	0.88034	145.1
267.059931972	0.915578	145.2
267.975510204	0.875737	146.1
268.851247165	0.906032	146.2
269.757278911	0.887619	147.1
270.644897959	0.832653	147.2
271.477551020	0.916893	148.1
272.394444444	0.862698	148.2
273.257142857	0.914286	149.1
274.171428571	0.889796	149.2
275.061224489	0.906122	150.1
275.967346938	0.897959	150.2
276.865306122	0.86619	151.1
277.731496598	0.897506	151.2
278.629002267	1.01181	152.1
279.640816326	0.995918	152.2
280.636734693	0.922449	153.1
281.559183673	0.914286	153.2
282.473469387	0.914286	154.1
283.387755102	0.865306	154.2
284.253061224	0.938776	155.1
285.191836734	0.873469	155.2
286.065306122	0.973583	156.1
287.038888888	0.897551	156.2
287.936439909	0.83907	157.1
288.775510204	0.900317	157.2
289.675827664	0.977234	158.1
290.653061224	0.830295	158.2
291.483356009	0.859501	159.1
292.342857142	0.857143	159.2
293.200000000	0.914286	160.1
294.114285714	0.860113	160.2
294.974399092	0.862336	161.1
295.836734693	0.94254	161.2
296.779274376	0.910522	162.1
297.689795918	0.838073	162.2
298.527868480	0.876213	163.1
299.404081632	0.871565	163.2
300.275646258	0.908027	164.1
301.183673469	0.922449	164.2
302.106122448	0.873469	165.1
302.979591836	0.877687	165.2
303.857278911	0.902562	166.1
304.759841269	0.887937	166.2
305.647777777	0.866508	167.1
306.514285714	0.930612	167.2
307.444897959	0.869909	168.1
308.314807256	0.942336	168.2
309.257142857	0.857143	169.1
310.114285714	0.920907	169.2
311.035192743	0.915828	170.1
311.951020408	0.906122	170.2
312.857142857	0.897959	171.1
313.755102040	0.873469	171.2
314.628571428	0.889796	172.1
315.518367346	0.865306	172.2
316.383673469	0.893968	173.1
317.277641723	0.912698	173.2
318.190340136	0.919864	174.1
319.110204081	1.26531	174.2
320.375510204	0.851202	175.1
321.226712018	0.732472	175.2
321.959183673	0.75102	176.1
322.710204081	0.745646	176.2
323.455850340	0.778753	177.1
324.234603174	0.806395	177.2
325.040997732	0.721701	178.1
325.762698412	0.776077	178.2
326.538775510	0.77551	179.1
327.314285714	0.77551	179.2
328.089795918	0.75102	180.1
328.840816326	0.791905	180.2
329.632721088	0.787732	181.1
330.420453514	0.813424	181.2
331.233877551	0.815102	182.1
332.048979591	0.865306	182.2
332.914285714	0.8	183.1
333.714285714	0.84898	183.2
334.563265306	0.816327	184.1
335.379591836	0.824671	184.2
336.204263038	0.811678	185.1
337.015941043	0.789297	185.2
337.805238095	0.823333	186.1
338.628571428	0.865306	186.2
339.493877551	0.742857	187.1
340.236734693	0.840816	187.2
341.077551020	0.884853	188.1
341.962403628	0.706984	188.2
342.669387755	0.832653	189.1
343.502040816	0.791837	189.2
344.293877551	0.783673	190.1
345.077551020	0.750771	190.2
345.828321995	0.792086	191.1
346.620408163	0.74356	191.2
347.363968253	0.766644	192.1
348.130612244	0.759184	192.2
348.889795918	0.759184	193.1
349.648979591	0.767347	193.2
350.416326530	0.75102	194.1
351.167346938	0.786757	194.2
351.954104308	0.829569	195.1
352.783673469	0.808163	195.2
353.591836734	0.798594	196.1
354.390430839	0.785079	196.2
355.175510204	0.832653	197.1
356.008163265	0.995918	197.2
357.004081632	0	198.1
