0.674149659	0	1.1
1.755102040	55.5066	1.2
2.605238095	70.5769	2.1
3.469387755	69.4324	2.2
4.359183673	67.4312	3.1
5.250340136	67.3282	3.2
6.193356009	63.6257	4.1
7.085714285	67.2376	4.2
7.931836734	70.9117	5.1
8.865306122	64.2763	5.2
9.743310657	68.3368	6.1
10.647981859	66.3224	6.2
11.499183673	70.4886	7.1
12.404331065	66.2875	7.2
13.329795918	64.8323	8.1
14.122448979	75.6952	8.2
14.971428571	70.6731	9.1
15.902040816	64.4737	9.2
16.751020408	70.6731	10.1
17.648979591	66.8182	10.2
18.514285714	69.3396	11.1
19.412244897	66.8182	11.2
20.269387755	70	12.1
21.153287981	67.881	12.2
22.053151927	66.6767	13.1
22.946938775	67.1301	13.2
23.866530612	65.2463	14.1
24.775510204	66.0081	14.2
25.624489795	70.6731	15.1
26.506122448	68.0556	15.2
27.363265306	70	16.1
28.312743764	63.1926	16.2
29.175510204	69.5437	17.1
30.041678004	69.2706	17.2
30.930294784	67.5207	18.1
31.820408163	67.4071	18.2
32.702040816	68.0556	19.1
33.624489795	65.0443	19.2
34.494807256	68.9404	20.1
35.428571428	64.2561	20.2
36.277551020	70.6731	21.1
37.183673469	66.2162	21.2
38.040816326	70	22.1
38.930612244	67.4312	22.2
39.820408163	67.4312	23.1
40.734693877	65.625	23.2
41.616326530	68.0556	24.1
42.506122448	67.4312	24.2
43.391088435	67.7992	25.1
44.408163265	58.9927	25.2
45.463356009	56.8616	26.1
46.347324263	67.8757	26.2
47.265306122	65.3608	27.1
48.185691609	65.1901	27.2
49.044897959	69.8319	28.1
49.967346938	65.0443	28.2
50.873469387	66.2162	29.1
51.805351473	64.3858	29.2
52.685714285	68.1537	30.1
53.591836734	66.2162	30.2
54.465306122	68.6916	31.1
55.434285714	61.9208	31.2
56.277551020	71.152	32.1
57.134693877	70	32.2
57.983673469	70.6731	33.1
58.897959183	65.625	33.2
59.812244897	65.625	34.1
60.674444444	69.5895	34.2
61.575510204	66.5878	35.1
62.489795918	65.625	35.2
63.346938775	70	36.1
64.263605442	65.4545	36.2
65.053061224	76.0017	37.1
65.967346938	65.625	37.2
66.886893424	65.2496	38.1
67.758775510	68.8166	38.2
68.583718820	72.7323	39.1
69.444897959	69.6719	39.2
70.376394557	64.4125	40.1
71.194353741	73.3533	40.2
72.065782312	68.8525	41.1
72.963265306	66.8536	41.2
73.829092970	69.2979	42.1
74.709841269	68.1239	42.2
75.652585034	63.644	43.1
76.517755102	69.3505	43.2
77.428888888	65.852	44.1
78.297823129	69.0501	44.2
79.162675736	69.376	45.1
80.043424036	68.1239	45.2
80.907074829	69.4725	46.1
81.787755102	68.1292	46.2
82.650226757	69.5675	47.1
83.518367346	69.1132	47.2
84.385941043	69.1584	48.1
85.195192743	74.1426	48.2
86.089795918	67.0688	49.1
86.968866213	68.2539	49.2
87.860702947	67.2769	50.1
88.749863945	67.4793	50.2
89.665306122	65.5421	51.1
90.653061224	60.7438	51.2
91.624489795	61.7647	52.1
92.653061224	58.3333	52.2
93.991836734	44.8171	53.1
95.224489795	48.6755	53.2
96.269387755	57.4219	54.1
97.314285714	57.4219	54.2
98.334693877	58.8	55.1
99.657142857	45.3704	55.2
100.710204081	56.9767	56.1
101.719092970	59.4714	56.2
102.832653061	53.8812	57.1
103.918367346	55.2632	57.2
104.968752834	57.1219	58.1
106.040725623	55.9716	58.2
107.338775510	46.2232	59.1
108.380181405	57.6144	59.2
109.358140589	61.3523	60.1
110.308027210	63.1654	60.2
111.265306122	62.6777	61.1
112.293877551	58.3333	61.2
113.240816326	63.3621	62.1
114.187755102	63.3621	62.2
115.157437641	61.8759	63.1
116.130612244	61.6539	63.2
117.077551020	63.3621	64.1
118.032653061	62.8205	64.2
118.987755102	62.8205	65.1
120.073469387	55.2632	65.2
121.085714285	59.2742	66.1
122.083628117	60.1254	66.2
123.281632653	50.0833	67.1
124.326530612	57.4219	67.2
125.485714285	51.7606	68.1
126.677551020	50.3425	68.2
127.706122448	58.3333	69.1
128.875170068	51.3238	69.2
130.073469387	50.071	70.1
131.110204081	57.874	70.2
132.171428571	56.5385	71.1
133.265306122	54.8507	71.2
134.464784580	50.0217	72.1
135.472562358	59.5369	72.2
136.553560090	55.5043	73.1
137.575283446	58.7243	73.2
138.579591836	59.7426	74.1
139.722448979	52.5	74.2
140.979591836	47.7273	75.1
142.326689342	44.5402	75.2
143.466598639	52.6358	76.1
144.361972789	67.0111	76.2
145.200000000	71.5967	77.1
145.994489795	75.5202	77.2
146.832653061	71.5851	78.1
147.697959183	69.3396	78.2
148.501337868	74.6846	79.1
149.346938775	70.9555	79.2
150.155102040	74.2424	80.1
150.991927437	71.6995	80.2
151.776145124	76.5094	81.1
152.587755102	73.9271	81.2
153.371428571	76.5625	82.1
154.220408163	70.6731	82.2
155.016575963	75.361	83.1
155.836734693	73.1566	83.2
156.664353741	72.4971	84.1
157.442517006	77.1046	84.2
158.240907029	75.1512	85.1
159.077551020	71.7151	85.2
159.877551020	75	86.1
160.702040816	72.7723	86.2
161.493877551	75.7732	87.1
162.318367346	72.7723	87.2
163.118367346	75	88.1
163.934693877	73.5	88.2
164.685714285	79.8913	89.1
165.487437641	74.8388	89.2
166.285714285	75.1619	90.1
167.077551020	75.7732	90.2
167.902040816	72.7723	91.1
168.824489795	65.0443	91.2
169.681632653	70	92.1
170.514285714	72.0588	92.2
171.355102040	71.3592	93.1
172.204081632	70.6731	93.2
173.030861678	72.5707	94.1
173.828571428	75.2153	94.2
174.767346938	63.913	95.1
175.789297052	58.7113	95.2
176.726530612	64.0182	96.1
177.586802721	69.7454	96.2
178.612244897	58.5113	97.1
179.538095238	64.8053	97.2
180.400000000	69.6133	98.1
181.246462585	70.8832	98.2
182.040816326	75.5331	99.1
183.019070294	61.3338	99.2
183.917641723	66.7727	100.1
184.786077097	69.0898	100.2
185.746938775	62.444	101.1
186.604081632	70	101.2
187.485714285	68.0556	102.1
188.318367346	72.0588	102.2
189.193832199	68.535	103.1
190.064693877	68.8973	103.2
190.916802721	70.4135	104.1
191.730612244	73.7273	104.2
192.636734693	66.2162	105.1
193.674739229	57.8032	105.2
194.644897959	61.8456	106.1
195.551020408	66.2162	106.2
196.555102040	59.7561	107.1
197.526530612	61.7647	107.2
198.439886621	65.6918	108.1
199.445850340	59.6443	108.2
200.310204081	69.416	109.1
201.250022675	63.8421	109.2
202.106122448	70.0853	110.1
203.028571428	65.0443	110.2
203.991836734	62.2881	111.1
204.897959183	66.2162	111.2
205.779591836	68.0556	112.1
206.644897959	69.3396	112.2
207.518367346	68.6916	113.1
208.383673469	69.3396	113.2
209.241043083	69.9815	114.1
210.122448979	68.0731	114.2
211.044897959	65.0443	115.1
211.942857142	66.8182	115.2
212.751020408	74.2424	116.1
213.632653061	68.0556	116.2
214.448979591	73.5	117.1
215.297959183	70.6731	117.2
216.122448979	72.7723	118.1
216.938775510	73.5	118.2
217.783424036	71.0355	119.1
218.702040816	65.3156	119.2
219.526530612	72.7723	120.1
220.408163265	68.0556	120.2
221.240816326	72.0588	121.1
222.071814058	72.2024	121.2
222.873469387	74.8451	122.1
223.756916099	67.9158	122.2
224.630816326	68.6577	123.1
225.720317460	55.0711	123.2
226.614353741	67.1114	124.1
227.591836734	61.3821	124.2
228.546938775	62.8205	125.1
229.477551020	64.4737	125.2
230.400000000	65.0443	126.1
231.428571428	58.3333	126.2
232.507188208	55.6268	127.1
233.537074829	58.2588	127.2
234.486757369	63.179	128.1
235.458299319	61.7575	128.2
236.571428571	53.9021	129.1
237.542857142	61.7647	129.2
238.579591836	57.874	130.1
239.583673469	59.7561	130.2
240.677551020	54.8507	131.1
241.868594104	50.376	131.2
242.995918367	53.2234	132.1
243.967346938	61.7647	132.2
244.832653061	69.3396	133.1
245.730612244	66.8182	133.2
246.597029478	69.2507	134.1
247.477551020	68.1414	134.2
248.416984126	63.8683	135.1
249.273469387	70.0537	135.2
250.141315192	69.1367	136.1
251.061224489	65.2238	136.2
251.942857142	68.0556	137.1
252.848979591	66.2162	137.2
253.697959183	70.6731	138.1
254.620408163	65.0443	138.2
255.499750566	68.2328	139.1
256.379183673	68.2258	139.2
257.285555555	66.198	140.1
258.187755102	66.5041	140.2
259.118367346	64.4737	141.1
260.008163265	67.4312	141.2
260.832653061	72.7723	142.1
261.738775510	66.2162	142.2
262.595918367	70	143.1
263.551020408	62.8205	143.2
264.432653061	68.0556	144.1
265.314285714	68.0556	144.2
266.179591836	69.3396	145.1
267.059931972	68.1555	145.2
267.975510204	65.5324	146.1
268.851247165	68.5137	146.2
269.757278911	66.2228	147.1
270.644897959	67.5966	147.2
271.477551020	72.0588	148.1
272.394444444	65.4384	148.2
273.257142857	69.5492	149.1
274.171428571	65.625	149.2
275.061224489	67.4312	150.1
275.967346938	66.2162	150.2
276.865306122	66.8182	151.1
277.731496598	69.2688	151.2
278.629002267	66.8519	152.1
279.640816326	59.2994	152.2
280.636734693	60.2459	153.1
281.559183673	65.0443	153.2
282.473469387	65.625	154.1
283.387755102	65.625	154.2
284.253061224	69.3396	155.1
285.191836734	63.913	155.2
286.065306122	68.6916	156.1
287.038888888	61.628	156.2
287.936439909	66.8486	157.1
288.775510204	71.5077	157.2
289.675827664	66.6432	158.1
290.653061224	61.3978	158.2
291.483356009	72.2635	159.1
292.342857142	69.8079	159.2
293.200000000	70	160.1
294.114285714	65.625	160.2
294.974399092	69.7582	161.1
295.836734693	69.5785	161.2
296.779274376	63.6578	162.1
297.689795918	65.8963	162.2
298.527868480	71.5928	163.1
299.404081632	68.4765	163.2
300.275646258	68.8417	164.1
301.183673469	66.0773	164.2
302.106122448	65.0443	165.1
302.979591836	68.6916	165.2
303.857278911	68.3615	166.1
304.759841269	66.4774	166.2
305.647777777	67.5724	167.1
306.514285714	69.2435	167.2
307.444897959	64.4737	168.1
308.314807256	68.9727	168.2
309.257142857	63.6716	169.1
310.114285714	70	169.2
311.035192743	65.1532	170.1
311.951020408	65.5145	170.2
312.857142857	66.2162	171.1
313.755102040	66.8182	171.2
314.628571428	68.6916	172.1
315.518367346	67.4312	172.2
316.383673469	69.3396	173.1
317.277641723	67.1165	173.2
318.190340136	65.7391	174.1
319.110204081	65.227	174.2
320.375510204	47.4194	175.1
321.226712018	70.4886	175.2
321.959183673	81.9144	176.1
322.710204081	79.8913	176.2
323.455850340	80.4671	177.1
324.234603174	77.0463	177.2
325.040997732	74.4053	178.1
325.762698412	83.137	178.2
326.538775510	77.3119	179.1
327.314285714	77.3684	179.2
328.089795918	77.3684	180.1
328.840816326	79.8913	180.2
329.632721088	75.7667	181.1
330.420453514	76.168	181.2
331.233877551	73.7623	182.1
332.048979591	73.6104	182.2
332.914285714	69.3396	183.1
333.714285714	75	183.2
334.563265306	70.6731	184.1
335.379591836	73.5	184.2
336.204263038	72.7563	185.1
337.015941043	73.9209	185.2
337.805238095	76.017	186.1
338.628571428	72.8745	186.2
339.493877551	69.3396	187.1
340.236734693	80.7692	187.2
341.077551020	71.3592	188.1
341.962403628	67.8079	188.2
342.669387755	84.8675	189.1
343.502040816	72.0588	189.2
344.293877551	75.7732	190.1
345.077551020	76.5625	190.2
345.828321995	79.9178	191.1
346.620408163	75.7493	191.2
347.363968253	80.6929	192.1
348.130612244	78.2632	192.2
348.889795918	79.0323	193.1
349.648979591	79.0323	193.2
350.416326530	78.1915	194.1
351.167346938	79.8913	194.2
351.954104308	76.2624	195.1
352.783673469	72.3267	195.2
353.591836734	74.2424	196.1
354.390430839	75.132	196.2
355.175510204	76.4254	197.1
356.008163265	72.0588	197.2
357.004081632	60.2459	198.1
